# T Ptot H He C N O Na K Si Ar Ti V S Cl Mg Al Ca Fe Cr Li Cs Rb F P
1.500000000000000000e+03 1.380798859230661435e+01 2.141075398172497812e-01 0.000000000000000000e+00 7.572006160763251614e-01 0.000000000000000000e+00 1.632114434086433599e-02 1.752899881835270261e-04 7.490877348146020991e-06 4.041842385414452440e-03 0.000000000000000000e+00 1.686765093846106801e-10 0.000000000000000000e+00 0.000000000000000000e+00 0.000000000000000000e+00 1.956647715715656335e-04 6.478097560276475692e-09 1.145732487666343384e-10 7.950404981695781415e-03 0.000000000000000000e+00 0.000000000000000000e+00 0.000000000000000000e+00 0.000000000000000000e+00 0.000000000000000000e+00 0.000000000000000000e+00
1.525000000000000000e+03 1.415349745335354292e+01 2.124434949890846025e-01 0.000000000000000000e+00 7.513156167386197959e-01 0.000000000000000000e+00 2.079339520167771543e-02 2.169216148228758168e-04 9.420709728550677290e-06 5.459083144378072856e-03 0.000000000000000000e+00 2.576323268638601580e-10 0.000000000000000000e+00 0.000000000000000000e+00 0.000000000000000000e+00 2.619785058460985744e-04 1.049232963413077713e-08 1.822254312035204286e-10 9.500078163654949309e-03 0.000000000000000000e+00 0.000000000000000000e+00 0.000000000000000000e+00 0.000000000000000000e+00 0.000000000000000000e+00 0.000000000000000000e+00
1.550000000000000000e+03 1.456786874257696773e+01 2.104442370276424779e-01 0.000000000000000000e+00 7.442451839671219149e-01 0.000000000000000000e+00 2.620568098073606730e-02 2.658182386805304403e-04 1.172542437404775922e-05 7.239570365707776421e-03 0.000000000000000000e+00 3.864187720005378585e-10 0.000000000000000000e+00 0.000000000000000000e+00 0.000000000000000000e+00 3.459114006395173999e-04 1.667092957658103612e-08 2.842478048716647570e-10 1.124185525350159323e-02 0.000000000000000000e+00 0.000000000000000000e+00 0.000000000000000000e+00 0.000000000000000000e+00 0.000000000000000000e+00 0.000000000000000000e+00
1.575000000000000000e+03 1.506122185343196662e+01 2.080750322402920849e-01 0.000000000000000000e+00 7.358663664529058179e-01 0.000000000000000000e+00 3.266146174677900943e-02 3.226134519270732609e-04 1.444636259495912920e-05 9.432878185267458068e-03 0.000000000000000000e+00 5.695149084446435930e-10 0.000000000000000000e+00 0.000000000000000000e+00 0.000000000000000000e+00 4.505899598977549693e-04 2.599967160138330977e-08 4.351459739818541973e-10 1.317658459600339581e-02 0.000000000000000000e+00 0.000000000000000000e+00 0.000000000000000000e+00 0.000000000000000000e+00 0.000000000000000000e+00 0.000000000000000000e+00
1.600000000000000000e+03 1.564357099891640601e+01 2.053087139046044229e-01 0.000000000000000000e+00 7.260832057363837411e-01 0.000000000000000000e+00 4.024298594188114447e-02 3.878495483569459573e-04 1.762187666651490419e-05 1.208066803958453977e-02 0.000000000000000000e+00 8.252189031515543400e-10 0.000000000000000000e+00 0.000000000000000000e+00 0.000000000000000000e+00 5.792426849550590291e-04 3.982075281956592207e-08 6.541480417520012276e-10 1.529967096744792518e-02 0.000000000000000000e+00 0.000000000000000000e+00 0.000000000000000000e+00 0.000000000000000000e+00 0.000000000000000000e+00 0.000000000000000000e+00
1.625000000000000000e+03 1.632406036725636866e+01 2.021304974935517473e-01 0.000000000000000000e+00 7.148432295342831422e-01 0.000000000000000000e+00 4.899733300631232968e-02 4.619480490747945238e-04 2.128558617339474922e-05 1.521007172073550809e-02 0.000000000000000000e+00 1.176089298130056072e-09 0.000000000000000000e+00 0.000000000000000000e+00 0.000000000000000000e+00 7.350730785853052968e-04 5.991896860042617204e-08 9.661628039061110111e-10 1.760049947006300103e-02 0.000000000000000000e+00 0.000000000000000000e+00 0.000000000000000000e+00 0.000000000000000000e+00 0.000000000000000000e+00 0.000000000000000000e+00
1.650000000000000000e+03 1.710989392831784528e+01 1.985430108046403741e-01 0.000000000000000000e+00 7.021559889164765700e-01 0.000000000000000000e+00 5.892079488711005758e-02 5.451900073069426787e-04 2.546504305766785493e-05 1.882600915795865776e-02 0.000000000000000000e+00 1.649236288560370519e-09 0.000000000000000000e+00 0.000000000000000000e+00 0.000000000000000000e+00 9.211182143074862121e-04 8.861161482169446189e-08 1.402739064347787866e-09 2.006233130555200653e-02 0.000000000000000000e+00 0.000000000000000000e+00 0.000000000000000000e+00 0.000000000000000000e+00 0.000000000000000000e+00 0.000000000000000000e+00
1.675000000000000000e+03 1.800492682355893237e+01 1.945715895595752920e-01 0.000000000000000000e+00 6.881108533525941429e-01 0.000000000000000000e+00 6.994333656389167819e-02 6.377161201806129430e-04 3.018128519560944609e-05 2.290319193945359114e-02 0.000000000000000000e+00 2.276407271881215134e-09 0.000000000000000000e+00 0.000000000000000000e+00 0.000000000000000000e+00 1.140115212515426619e-03 1.288363254736152869e-07 2.002987925911850084e-09 2.266288285087294033e-02 0.000000000000000000e+00 0.000000000000000000e+00 0.000000000000000000e+00 0.000000000000000000e+00 0.000000000000000000e+00 0.000000000000000000e+00
1.700000000000000000e+03 1.900806223993281208e+01 1.902677698165229359e-01 0.000000000000000000e+00 6.728902372192606673e-01 0.000000000000000000e+00 8.191698125930828300e-02 7.395536080508178112e-04 3.544966238728491356e-05 2.737965994759123528e-02 0.000000000000000000e+00 3.093865918599000278e-09 0.000000000000000000e+00 0.000000000000000000e+00 0.000000000000000000e+00 1.394404552302312521e-03 1.842321030007446822e-07 2.814469593713236657e-09 2.537575379413793686e-02 0.000000000000000000e+00 0.000000000000000000e+00 0.000000000000000000e+00 0.000000000000000000e+00 0.000000000000000000e+00 0.000000000000000000e+00
1.725000000000000000e+03 2.011186126259826423e+01 1.857097396480167362e-01 0.000000000000000000e+00 6.567705735693447622e-01 0.000000000000000000e+00 9.461409821313489232e-02 8.506724849377171691e-04 4.128227086248087739e-05 3.215474678094425859e-02 0.000000000000000000e+00 4.142141628316264713e-09 0.000000000000000000e+00 0.000000000000000000e+00 0.000000000000000000e+00 1.685904937544500156e-03 2.592121739376585880e-07 3.894103641027091252e-09 2.817271484679551366e-02 0.000000000000000000e+00 0.000000000000000000e+00 0.000000000000000000e+00 0.000000000000000000e+00 0.000000000000000000e+00 0.000000000000000000e+00
1.750000000000000000e+03 2.130220567916522612e+01 1.809965954779244879e-01 0.000000000000000000e+00 6.401023215836014746e-01 0.000000000000000000e+00 1.077435225620153453e-01 9.710614658276901746e-04 4.769149510698272306e-05 3.709569936479417684e-02 0.000000000000000000e+00 5.465863752899197260e-09 0.000000000000000000e+00 0.000000000000000000e+00 0.000000000000000000e+00 2.016177778474784275e-03 3.590355587743677884e-07 5.309240378882271988e-09 3.102656046159200237e-02 0.000000000000000000e+00 0.000000000000000000e+00 0.000000000000000000e+00 0.000000000000000000e+00 0.000000000000000000e+00 0.000000000000000000e+00
1.775000000000000000e+03 2.255999874268168526e+01 1.762352231483894915e-01 0.000000000000000000e+00 6.232635104778915247e-01 0.000000000000000000e+00 1.209893437515791592e-01 1.100792782990728637e-03 5.469334687745084175e-05 4.205565967364863905e-02 0.000000000000000000e+00 7.113948591057774942e-09 0.000000000000000000e+00 0.000000000000000000e+00 0.000000000000000000e+00 2.386559853773982404e-03 4.898898765184684185e-07 7.138994850387071175e-09 3.391371282202922111e-02 0.000000000000000000e+00 0.000000000000000000e+00 0.000000000000000000e+00 0.000000000000000000e+00 0.000000000000000000e+00 0.000000000000000000e+00
1.800000000000000000e+03 2.386504011737518383e+01 1.715224632801769789e-01 0.000000000000000000e+00 6.065966733884138318e-01 0.000000000000000000e+00 1.340643550508982818e-01 1.240041536716076417e-03 6.230867674640782814e-05 4.689968096152505317e-02 0.000000000000000000e+00 9.140256787971781678e-09 0.000000000000000000e+00 0.000000000000000000e+00 0.000000000000000000e+00 2.798286214334165089e-03 6.589934913839279118e-07 9.475795287909695775e-09 3.681551328164582582e-02 0.000000000000000000e+00 0.000000000000000000e+00 0.000000000000000000e+00 0.000000000000000000e+00 0.000000000000000000e+00 0.000000000000000000e+00
1.825000000000000000e+03 2.520022873224525028e+01 1.669310359315026027e-01 0.000000000000000000e+00 5.903588547935919584e-01 0.000000000000000000e+00 1.467532362173238625e-01 1.389047509789626553e-03 7.007246737623591454e-05 5.152679340613359332e-02 0.000000000000000000e+00 1.160440377633221587e-08 0.000000000000000000e+00 0.000000000000000000e+00 0.000000000000000000e+00 3.252513369389170572e-03 8.747008014590706928e-07 1.242684732509200143e-08 3.971754757284023940e-02 0.000000000000000000e+00 0.000000000000000000e+00 0.000000000000000000e+00 0.000000000000000000e+00 0.000000000000000000e+00 0.000000000000000000e+00
1.850000000000000000e+03 2.655358895319080048e+01 1.625064512364619573e-01 0.000000000000000000e+00 5.747111209975231949e-01 0.000000000000000000e+00 1.589215032477074019e-01 1.548047839597492537e-03 7.891179691964011816e-05 5.587520428585845272e-02 0.000000000000000000e+00 1.457196408235864945e-08 0.000000000000000000e+00 0.000000000000000000e+00 0.000000000000000000e+00 3.750196250357542335e-03 1.146557659296363484e-06 1.611507228529791076e-08 4.260738710087856596e-02 0.000000000000000000e+00 0.000000000000000000e+00 0.000000000000000000e+00 0.000000000000000000e+00 0.000000000000000000e+00 0.000000000000000000e+00
1.875000000000000000e+03 2.791683099574908411e+01 1.582752789255439940e-01 0.000000000000000000e+00 5.597473842260589638e-01 0.000000000000000000e+00 1.704928817849652167e-01 1.717240255811821031e-03 8.842700090261633233e-05 5.991275463949437274e-02 0.000000000000000000e+00 1.811376576456582990e-08 0.000000000000000000e+00 0.000000000000000000e+00 0.000000000000000000e+00 4.291920825271211895e-03 1.485271885904500076e-06 2.067948183393524094e-08 4.547258827681806281e-02 0.000000000000000000e+00 0.000000000000000000e+00 0.000000000000000000e+00 0.000000000000000000e+00 0.000000000000000000e+00 0.000000000000000000e+00
1.900000000000000000e+03 2.928300765794874749e+01 1.542544133320070676e-01 0.000000000000000000e+00 5.455274523555680988e-01 0.000000000000000000e+00 1.814207967269743094e-01 1.896769758557651344e-03 9.863690141757758029e-05 6.362307041587762779e-02 0.000000000000000000e+00 2.230413753092773541e-08 0.000000000000000000e+00 0.000000000000000000e+00 0.000000000000000000e+00 4.877715159612331514e-03 1.902558414517717048e-06 2.627481471460257423e-08 4.829919421261859303e-02 0.000000000000000000e+00 0.000000000000000000e+00 0.000000000000000000e+00 0.000000000000000000e+00 0.000000000000000000e+00 0.000000000000000000e+00
1.925000000000000000e+03 3.064492705765012559e+01 1.504563234718943876e-01 0.000000000000000000e+00 5.320953341644469869e-01 0.000000000000000000e+00 1.916731838053416792e-01 2.086722248252032268e-03 1.095571099579210997e-04 6.699858687605897423e-02 0.000000000000000000e+00 2.721847484801042475e-08 0.000000000000000000e+00 0.000000000000000000e+00 0.000000000000000000e+00 5.506877256253669625e-03 2.410853251582833212e-06 3.307037988517034369e-08 5.107094392568817948e-02 0.000000000000000000e+00 0.000000000000000000e+00 0.000000000000000000e+00 0.000000000000000000e+00 0.000000000000000000e+00 0.000000000000000000e+00
1.950000000000000000e+03 3.199521407221051916e+01 1.468890684619347797e-01 0.000000000000000000e+00 5.194795576607189602e-01 0.000000000000000000e+00 2.012326449840682319e-01 2.287090585858065923e-03 1.211980915399742234e-04 7.004108847095523449e-02 0.000000000000000000e+00 3.293006284429114559e-08 0.000000000000000000e+00 0.000000000000000000e+00 0.000000000000000000e+00 6.177767612765477923e-03 3.022859730194063855e-06 4.124753925834585140e-08 5.376848709482683064e-02 0.000000000000000000e+00 0.000000000000000000e+00 0.000000000000000000e+00 0.000000000000000000e+00 0.000000000000000000e+00 0.000000000000000000e+00
1.975000000000000000e+03 3.332758841257449234e+01 1.435536573593133580e-01 0.000000000000000000e+00 5.076837452247754401e-01 0.000000000000000000e+00 2.101049485944983253e-01 2.497703244648431277e-03 1.335611099302559830e-04 7.276669454372823587e-02 0.000000000000000000e+00 3.950600213100580534e-08 0.000000000000000000e+00 0.000000000000000000e+00 0.000000000000000000e+00 6.887525909347495985e-03 3.750888900724904692e-06 5.099520387145022331e-08 5.636832262365186474e-02 0.000000000000000000e+00 0.000000000000000000e+00 0.000000000000000000e+00 0.000000000000000000e+00 0.000000000000000000e+00 0.000000000000000000e+00
2.000000000000000000e+03 3.463876057223321681e+01 1.404408347598342377e-01 0.000000000000000000e+00 4.966751121897974852e-01 0.000000000000000000e+00 2.183294114176748124e-01 2.718114619859297778e-03 1.466319951066925083e-04 7.521176166071268099e-02 0.000000000000000000e+00 4.700219509571788508e-08 0.000000000000000000e+00 0.000000000000000000e+00 0.000000000000000000e+00 7.631728653329847636e-03 4.605961538071590013e-06 6.250255379666173127e-08 5.884168923739800661e-02 0.000000000000000000e+00 0.000000000000000000e+00 0.000000000000000000e+00 0.000000000000000000e+00 0.000000000000000000e+00 0.000000000000000000e+00
2.025000000000000000e+03 3.593046310381420483e+01 1.375284781853565452e-01 0.000000000000000000e+00 4.863754357333520129e-01 0.000000000000000000e+00 2.259870671460851577e-01 2.947474460712209976e-03 1.603733931548904294e-04 7.743759160950369758e-02 0.000000000000000000e+00 5.545778662358621557e-08 0.000000000000000000e+00 0.000000000000000000e+00 0.000000000000000000e+00 8.404031590893678780e-03 5.596710367906291525e-06 7.594877262091577561e-08 6.115381976401464137e-02 0.000000000000000000e+00 0.000000000000000000e+00 0.000000000000000000e+00 0.000000000000000000e+00 0.000000000000000000e+00 0.000000000000000000e+00
2.050000000000000000e+03 3.721146070986901577e+01 1.347798517639824945e-01 0.000000000000000000e+00 4.766547929205338652e-01 0.000000000000000000e+00 2.332060626345438537e-01 3.184395284272696549e-03 1.747166276949684840e-04 7.953308465504152491e-02 0.000000000000000000e+00 6.489038449794087534e-08 0.000000000000000000e+00 0.000000000000000000e+00 0.000000000000000000e+00 9.195926640569973901e-03 6.728221005446010364e-06 9.149020883689584964e-08 6.326428487176181947e-02 0.000000000000000000e+00 0.000000000000000000e+00 0.000000000000000000e+00 0.000000000000000000e+00 0.000000000000000000e+00 0.000000000000000000e+00
2.075000000000000000e+03 3.849890636523367959e+01 1.321439073521109564e-01 0.000000000000000000e+00 4.673326741612870427e-01 0.000000000000000000e+00 2.401599990694713582e-01 3.426865492793592684e-03 1.895557974438078701e-04 8.161282597590929777e-02 0.000000000000000000e+00 7.529406675788981051e-08 0.000000000000000000e+00 0.000000000000000000e+00 0.000000000000000000e+00 9.996784389641006838e-03 8.001133412643842457e-06 1.092470497978427442e-07 6.512920208681366452e-02 0.000000000000000000e+00 0.000000000000000000e+00 0.000000000000000000e+00 0.000000000000000000e+00 0.000000000000000000e+00 0.000000000000000000e+00
2.100000000000000000e+03 3.981920250755192825e+01 1.295568200236618950e-01 0.000000000000000000e+00 4.581833260971487909e-01 0.000000000000000000e+00 2.470616196287493405e-01 3.672244314283294991e-03 2.047461753929949490e-04 8.381133028686944819e-02 0.000000000000000000e+00 8.664364846789440755e-08 0.000000000000000000e+00 0.000000000000000000e+00 0.000000000000000000e+00 1.079439332487172089e-02 9.411510950497605312e-06 1.292935663794941929e-07 6.670589270085716671e-02 0.000000000000000000e+00 0.000000000000000000e+00 0.000000000000000000e+00 0.000000000000000000e+00 0.000000000000000000e+00 0.000000000000000000e+00
2.125000000000000000e+03 4.120727325123985452e+01 1.269466636175305141e-01 0.000000000000000000e+00 4.489523890157618990e-01 0.000000000000000000e+00 2.541458531071792981e-01 3.917399721638882559e-03 2.201107174256535035e-04 8.627051997149925988e-02 0.000000000000000000e+00 9.890709795182323922e-08 0.000000000000000000e+00 0.000000000000000000e+00 0.000000000000000000e+00 1.157611307209013146e-02 1.095196098456504324e-05 1.516571216687649455e-07 6.795974825167001854e-02 0.000000000000000000e+00 0.000000000000000000e+00 0.000000000000000000e+00 0.000000000000000000e+00 0.000000000000000000e+00 0.000000000000000000e+00
2.150000000000000000e+03 4.270357937739183285e+01 1.242417424951916538e-01 0.000000000000000000e+00 4.393863197483260374e-01 0.000000000000000000e+00 2.616415203646408894e-01 4.159005481434490704e-03 2.354560501591897799e-04 8.912101132792890623e-02 0.000000000000000000e+00 1.120645998154102617e-07 0.000000000000000000e+00 0.000000000000000000e+00 0.000000000000000000e+00 1.233047831786186072e-02 1.261405628164701478e-05 1.763294607169003552e-07 6.887156376411486536e-02 0.000000000000000000e+00 0.000000000000000000e+00 0.000000000000000000e+00 0.000000000000000000e+00 0.000000000000000000e+00 0.000000000000000000e+00
2.175000000000000000e+03 4.434856174538867890e+01 1.213820153804672369e-01 0.000000000000000000e+00 4.292727661199868816e-01 0.000000000000000000e+00 2.697346409307462278e-01 4.393933657683020064e-03 2.505946046079688674e-04 9.246078980338910680e-02 0.000000000000000000e+00 1.261261503820290005e-07 0.000000000000000000e+00 0.000000000000000000e+00 0.000000000000000000e+00 1.304865639220983628e-02 1.439114581377819989e-05 2.032868696855363092e-07 6.944188255207578431e-02 0.000000000000000000e+00 0.000000000000000000e+00 0.000000000000000000e+00 0.000000000000000000e+00 0.000000000000000000e+00 0.000000000000000000e+00
2.200000000000000000e+03 4.617580503478045273e+01 1.183301906066512588e-01 0.000000000000000000e+00 4.184798597839979872e-01 0.000000000000000000e+00 2.785349739244040723e-01 4.619600109812124419e-03 2.653650989465638783e-04 9.633884946514033321e-02 0.000000000000000000e+00 1.411365737543320085e-07 0.000000000000000000e+00 0.000000000000000000e+00 0.000000000000000000e+00 1.372503560718203557e-02 1.627994436696247928e-05 2.325079933439284714e-07 6.968947181493154175e-02 0.000000000000000000e+00 0.000000000000000000e+00 0.000000000000000000e+00 0.000000000000000000e+00 0.000000000000000000e+00 0.000000000000000000e+00
2.225000000000000000e+03 4.820660875522354871e+01 1.150776604417930449e-01 0.000000000000000000e+00 4.069771497624402046e-01 0.000000000000000000e+00 2.880605076259739050e-01 4.834118746986567315e-03 2.796428858622468155e-04 1.007510955440984318e-01 0.000000000000000000e+00 1.571633832905609169e-07 0.000000000000000000e+00 0.000000000000000000e+00 0.000000000000000000e+00 1.435686557298507422e-02 1.827980630669970055e-05 2.639778921771380829e-07 6.964425847227850852e-02 0.000000000000000000e+00 0.000000000000000000e+00 0.000000000000000000e+00 0.000000000000000000e+00 0.000000000000000000e+00 0.000000000000000000e+00
2.250000000000000000e+03 5.044804042686467227e+01 1.116427967005124144e-01 0.000000000000000000e+00 3.948296036364948303e-01 0.000000000000000000e+00 2.982460813571196079e-01 5.036264234198023319e-03 2.933393186636142590e-04 1.056498822233185308e-01 0.000000000000000000e+00 1.742753185870600393e-07 0.000000000000000000e+00 0.000000000000000000e+00 0.000000000000000000e+00 1.494209544740193046e-02 2.039031458632751081e-05 2.976781256254527585e-07 6.933907481426054842e-02 0.000000000000000000e+00 0.000000000000000000e+00 0.000000000000000000e+00 0.000000000000000000e+00 0.000000000000000000e+00 0.000000000000000000e+00
2.275000000000000000e+03 5.289467210501810968e+01 1.080634546754265513e-01 0.000000000000000000e+00 3.821710923093971646e-01 0.000000000000000000e+00 3.089680761355992900e-01 5.225309012400617889e-03 3.063936430614360969e-04 1.109592919618041934e-01 0.000000000000000000e+00 1.925216204549822186e-07 0.000000000000000000e+00 0.000000000000000000e+00 0.000000000000000000e+00 1.547968488036705059e-02 2.260842494913742687e-05 3.335692895786998481e-07 6.880356286608434180e-02 0.000000000000000000e+00 0.000000000000000000e+00 0.000000000000000000e+00 0.000000000000000000e+00 0.000000000000000000e+00 0.000000000000000000e+00
2.300000000000000000e+03 5.553173645699283156e+01 1.043884416570568380e-01 0.000000000000000000e+00 3.691742623241133781e-01 0.000000000000000000e+00 3.200713897956395937e-01 5.400893237901009149e-03 3.187664019633769212e-04 1.165903972403189437e-01 0.000000000000000000e+00 2.119207522387373042e-07 0.000000000000000000e+00 0.000000000000000000e+00 0.000000000000000000e+00 1.596807047008672389e-02 2.492655343016671321e-05 3.715779364651213819e-07 6.806226882080128326e-02 0.000000000000000000e+00 0.000000000000000000e+00 0.000000000000000000e+00 0.000000000000000000e+00 0.000000000000000000e+00 0.000000000000000000e+00
2.325000000000000000e+03 5.833802889193334806e+01 1.006709660495467146e-01 0.000000000000000000e+00 3.560272437353172448e-01 0.000000000000000000e+00 3.313892659126800866e-01 5.562947676898306014e-03 3.304355663720487239e-04 1.224509432668040437e-01 0.000000000000000000e+00 2.324552747304077210e-07 0.000000000000000000e+00 0.000000000000000000e+00 0.000000000000000000e+00 1.640529794040997830e-02 2.733137601963840291e-05 4.115884271022267188e-07 6.713492443225012318e-02 0.000000000000000000e+00 0.000000000000000000e+00 0.000000000000000000e+00 0.000000000000000000e+00 0.000000000000000000e+00 0.000000000000000000e+00
2.350000000000000000e+03 6.128727849562920937e+01 9.696507581346763827e-02 0.000000000000000000e+00 3.429211996905736082e-01 0.000000000000000000e+00 3.427535757113761572e-01 5.711679693904393035e-03 3.413961511069327887e-04 1.284499586805845361e-01 0.000000000000000000e+00 2.540690520656840701e-07 0.000000000000000000e+00 0.000000000000000000e+00 0.000000000000000000e+00 1.678910333128336152e-02 2.980291232989465216e-05 4.534383103267858667e-07 6.603750050801096561e-02 0.000000000000000000e+00 0.000000000000000000e+00 0.000000000000000000e+00 0.000000000000000000e+00 0.000000000000000000e+00 0.000000000000000000e+00
2.375000000000000000e+03 6.434745847483783621e+01 9.332476701081589276e-02 0.000000000000000000e+00 3.300470843901495144e-01 0.000000000000000000e+00 3.539972498249488453e-01 5.847600158871265642e-03 3.516624731696764905e-04 1.344985141129824702e-01 0.000000000000000000e+00 2.766629290777508758e-07 0.000000000000000000e+00 0.000000000000000000e+00 0.000000000000000000e+00 1.711698491413329512e-02 3.231331514354042803e-05 4.969136860416418844e-07 6.478305022317046302e-02 0.000000000000000000e+00 0.000000000000000000e+00 0.000000000000000000e+00 0.000000000000000000e+00 0.000000000000000000e+00 0.000000000000000000e+00
2.400000000000000000e+03 6.747818679557164501e+01 8.980448136658202019e-02 0.000000000000000000e+00 3.175974532418653906e-01 0.000000000000000000e+00 3.649526019444689906e-01 5.971574048993121518e-03 3.612716390713186280e-04 1.405086264242944027e-01 0.000000000000000000e+00 3.000880594767336834e-07 0.000000000000000000e+00 0.000000000000000000e+00 0.000000000000000000e+00 1.738620426297483174e-02 3.482519113167957455e-05 5.417427792341848120e-07 6.338212004977962499e-02 0.000000000000000000e+00 0.000000000000000000e+00 0.000000000000000000e+00 0.000000000000000000e+00 0.000000000000000000e+00 0.000000000000000000e+00
2.425000000000000000e+03 7.062691832257281987e+01 8.645989722711307224e-02 0.000000000000000000e+00 3.057691840727891908e-01 0.000000000000000000e+00 3.754488309495314091e-01 6.084873983683888009e-03 3.702874309750750861e-04 1.463918715943098581e-01 0.000000000000000000e+00 3.241392008952451618e-07 0.000000000000000000e+00 0.000000000000000000e+00 0.000000000000000000e+00 1.759377522184252599e-02 3.728980973816587737e-05 5.875886658075713339e-07 6.184307798215008672e-02 0.000000000000000000e+00 0.000000000000000000e+00 0.000000000000000000e+00 0.000000000000000000e+00 0.000000000000000000e+00 0.000000000000000000e+00
2.450000000000000000e+03 7.372525328699124714e+01 8.334797593306098040e-02 0.000000000000000000e+00 2.947637351084284596e-01 0.000000000000000000e+00 3.853116107417396963e-01 6.189215476741319680e-03 3.788031560825222172e-04 1.520588746689636728e-01 0.000000000000000000e+00 3.485521126559455098e-07 0.000000000000000000e+00 0.000000000000000000e+00 0.000000000000000000e+00 1.773652951069304082e-02 3.964597957295409408e-05 6.340437614129234957e-07 6.017262682884315372e-02 0.000000000000000000e+00 0.000000000000000000e+00 0.000000000000000000e+00 0.000000000000000000e+00 0.000000000000000000e+00 0.000000000000000000e+00
2.475000000000000000e+03 7.668757336318954287e+01 8.052541750818631439e-02 0.000000000000000000e+00 2.847816398226263312e-01 0.000000000000000000e+00 3.943673765699929334e-01 6.286741992581405293e-03 3.869413468236136862e-04 1.574207773574496927e-01 0.000000000000000000e+00 3.730122150933800001e-07 0.000000000000000000e+00 0.000000000000000000e+00 0.000000000000000000e+00 1.781136949779095827e-02 4.182105786756974979e-05 6.806322916813227299e-07 5.837686120217435576e-02 0.000000000000000000e+00 0.000000000000000000e+00 0.000000000000000000e+00 0.000000000000000000e+00 0.000000000000000000e+00 0.000000000000000000e+00
2.500000000000000000e+03 7.941515236680754697e+01 7.804443196518051629e-02 0.000000000000000000e+00 2.760075277010454187e-01 0.000000000000000000e+00 4.024553151681404262e-01 6.379917362708515706e-03 3.948476279374490364e-04 1.623940373284689098e-01 0.000000000000000000e+00 3.971835360768200410e-07 0.000000000000000000e+00 0.000000000000000000e+00 0.000000000000000000e+00 1.781586568765537032e-02 4.373611195853059072e-05 7.268297973301245885e-07 5.646319703357138148e-02 0.000000000000000000e+00 0.000000000000000000e+00 0.000000000000000000e+00 0.000000000000000000e+00 0.000000000000000000e+00 0.000000000000000000e+00
2.525000000000000000e+03 8.180904510164496912e+01 7.594492057998426804e-02 0.000000000000000000e+00 2.685825088654745785e-01 0.000000000000000000e+00 4.094498112398800016e-01 6.471271327474128338e-03 4.026752820101676760e-04 1.669096948832051175e-01 0.000000000000000000e+00 4.207665275095510690e-07 0.000000000000000000e+00 0.000000000000000000e+00 0.000000000000000000e+00 1.774929719906138265e-02 4.531728468080135257e-05 7.721119394471543997e-07 5.444331045976266020e-02 0.000000000000000000e+00 0.000000000000000000e+00 0.000000000000000000e+00 0.000000000000000000e+00 0.000000000000000000e+00 0.000000000000000000e+00
2.550000000000000000e+03 8.379229856421525824e+01 7.424366916602827271e-02 0.000000000000000000e+00 2.625659572798261787e-01 0.000000000000000000e+00 4.152917215998392364e-01 6.562999900214913813e-03 4.105599158940106009e-04 1.709267381951999898e-01 0.000000000000000000e+00 4.435817090324966947e-07 0.000000000000000000e+00 0.000000000000000000e+00 0.000000000000000000e+00 1.761403862764438985e-02 4.651315922724378292e-05 8.160377328697476960e-07 5.233654253668369033e-02 0.000000000000000000e+00 0.000000000000000000e+00 0.000000000000000000e+00 0.000000000000000000e+00 0.000000000000000000e+00 0.000000000000000000e+00
2.575000000000000000e+03 8.533403535308409005e+01 7.292503871158365070e-02 0.000000000000000000e+00 2.579025668871398058e-01 0.000000000000000000e+00 4.200157653190166873e-01 6.656529089528985359e-03 4.185911508153752209e-04 1.744444050544887159e-01 0.000000000000000000e+00 4.656479240931415203e-07 0.000000000000000000e+00 0.000000000000000000e+00 0.000000000000000000e+00 1.741665232618106948e-02 4.731196475599349223e-05 8.583460827132785916e-07 5.017181550248277222e-02 0.000000000000000000e+00 0.000000000000000000e+00 0.000000000000000000e+00 0.000000000000000000e+00 0.000000000000000000e+00 0.000000000000000000e+00
2.600000000000000000e+03 8.646018826950430025e+01 7.194068619210806925e-02 0.000000000000000000e+00 2.544213622536132813e-01 0.000000000000000000e+00 4.237522314376553911e-01 6.752285456971891982e-03 4.267967644419131019e-04 1.775042119276885877e-01 0.000000000000000000e+00 4.872006952936568482e-07 0.000000000000000000e+00 0.000000000000000000e+00 0.000000000000000000e+00 1.716768247924032112e-02 4.774727425092144712e-05 8.990106017106152316e-07 4.798561000273273563e-02 0.000000000000000000e+00 0.000000000000000000e+00 0.000000000000000000e+00 0.000000000000000000e+00 0.000000000000000000e+00 0.000000000000000000e+00
2.625000000000000000e+03 8.724094985864897467e+01 7.122169912335166164e-02 0.000000000000000000e+00 2.518786328018085552e-01 0.000000000000000000e+00 4.266928689702902400e-01 6.849846798323383675e-03 4.351507084906255213e-04 1.801768848780778698e-01 0.000000000000000000e+00 5.086240348149209023e-07 0.000000000000000000e+00 0.000000000000000000e+00 0.000000000000000000e+00 1.687979892418412994e-02 4.788579123695529542e-05 9.382073067092778646e-07 4.581578517289507796e-02 0.000000000000000000e+00 0.000000000000000000e+00 0.000000000000000000e+00 0.000000000000000000e+00 0.000000000000000000e+00 0.000000000000000000e+00
2.650000000000000000e+03 8.776338986705633260e+01 7.069657889625781400e-02 0.000000000000000000e+00 2.500215213117794044e-01 0.000000000000000000e+00 4.290394328798081691e-01 6.948356642435758387e-03 4.435984835785524360e-04 1.825411955684167475e-01 0.000000000000000000e+00 5.303374811028885005e-07 0.000000000000000000e+00 0.000000000000000000e+00 0.000000000000000000e+00 1.656527889124182959e-02 4.780486983796045411e-05 9.762145676574797597e-07 4.369472590459486105e-02 0.000000000000000000e+00 0.000000000000000000e+00 0.000000000000000000e+00 0.000000000000000000e+00 0.000000000000000000e+00 0.000000000000000000e+00
2.675000000000000000e+03 8.810746160607618549e+01 7.030472298088744076e-02 0.000000000000000000e+00 2.486357061918122446e-01 0.000000000000000000e+00 4.309645397026426461e-01 7.046920041154413131e-03 4.520821714169855586e-04 1.846670450470832836e-01 0.000000000000000000e+00 5.527083997189958637e-07 0.000000000000000000e+00 0.000000000000000000e+00 0.000000000000000000e+00 1.623425652982849257e-02 4.757395830854276990e-05 1.013313056433084380e-06 4.164558735540985213e-02 0.000000000000000000e+00 0.000000000000000000e+00 0.000000000000000000e+00 0.000000000000000000e+00 0.000000000000000000e+00 0.000000000000000000e+00
2.700000000000000000e+03 8.833488688611014084e+01 7.000123596574658880e-02 0.000000000000000000e+00 2.475624111664938010e-01 0.000000000000000000e+00 4.325971903314666522e-01 7.144815282384918073e-03 4.605541012606937951e-04 1.866084318561783140e-01 0.000000000000000000e+00 5.760191884493456960e-07 0.000000000000000000e+00 0.000000000000000000e+00 0.000000000000000000e+00 1.589421890623841233e-02 4.724662647642790495e-05 1.049730091583639876e-06 3.968227001447397623e-02 0.000000000000000000e+00 0.000000000000000000e+00 0.000000000000000000e+00 0.000000000000000000e+00 0.000000000000000000e+00 0.000000000000000000e+00
2.725000000000000000e+03 8.848856766194903400e+01 6.975557140047254634e-02 0.000000000000000000e+00 2.466936050135677683e-01 0.000000000000000000e+00 4.340260594158470986e-01 7.241540112082595244e-03 4.689801762236558112e-04 1.884039042054717894e-01 0.000000000000000000e+00 6.004746460728717747e-07 0.000000000000000000e+00 0.000000000000000000e+00 0.000000000000000000e+00 1.555034159340968995e-02 4.686077342818936785e-05 1.085626793814418077e-06 3.781145120805672749e-02 0.000000000000000000e+00 0.000000000000000000e+00 0.000000000000000000e+00 0.000000000000000000e+00 0.000000000000000000e+00 0.000000000000000000e+00
2.750000000000000000e+03 8.859656067998463413e+01 6.954792815875154854e-02 0.000000000000000000e+00 2.459592685523758482e-01 0.000000000000000000e+00 4.353094271156265349e-01 7.336777007875923927e-03 4.773379305742335432e-04 1.900800438831063977e-01 0.000000000000000000e+00 6.262244180548082105e-07 0.000000000000000000e+00 0.000000000000000000e+00 0.000000000000000000e+00 1.520609021359055867e-02 4.644217224811187180e-05 1.121107830123315902e-06 3.603493763360267332e-02 0.000000000000000000e+00 0.000000000000000000e+00 0.000000000000000000e+00 0.000000000000000000e+00 0.000000000000000000e+00 0.000000000000000000e+00
2.775000000000000000e+03 8.867761159305047158e+01 6.936502631166012456e-02 0.000000000000000000e+00 2.453124306340949135e-01 0.000000000000000000e+00 4.364850310835677316e-01 7.430346138770767446e-03 4.856137391255577153e-04 1.916578460456401789e-01 0.000000000000000000e+00 6.533943839921808511e-07 0.000000000000000000e+00 0.000000000000000000e+00 0.000000000000000000e+00 1.486394600452417038e-02 4.600950604299328865e-05 1.156251038678038969e-06 3.435194089115090055e-02 0.000000000000000000e+00 0.000000000000000000e+00 0.000000000000000000e+00 0.000000000000000000e+00 0.000000000000000000e+00 0.000000000000000000e+00
2.800000000000000000e+03 8.873898110693706087e+01 6.920179309531761247e-02 0.000000000000000000e+00 2.447351436052787599e-01 0.000000000000000000e+00 4.375771510133541486e-01 7.522124079260005501e-03 4.937974033514868971e-04 1.931396835282327973e-01 0.000000000000000000e+00 6.820498316700911711e-07 0.000000000000000000e+00 0.000000000000000000e+00 0.000000000000000000e+00 1.452476981101921520e-02 4.557006706174184668e-05 1.191036716938826862e-06 3.275809431057585819e-02 0.000000000000000000e+00 0.000000000000000000e+00 0.000000000000000000e+00 0.000000000000000000e+00 0.000000000000000000e+00 0.000000000000000000e+00
2.825000000000000000e+03 8.879335774710585838e+01 6.904887230256905040e-02 0.000000000000000000e+00 2.441943345438855884e-01 0.000000000000000000e+00 4.386024555345939269e-01 7.612099991591569914e-03 5.018865002345029077e-04 1.945507663386975006e-01 0.000000000000000000e+00 7.123422220031963830e-07 0.000000000000000000e+00 0.000000000000000000e+00 0.000000000000000000e+00 1.419064647718894581e-02 4.513980723593373978e-05 1.225569337723388172e-06 3.125186059244314252e-02 0.000000000000000000e+00 0.000000000000000000e+00 0.000000000000000000e+00 0.000000000000000000e+00 0.000000000000000000e+00 0.000000000000000000e+00
2.850000000000000000e+03 8.884136050747555657e+01 6.890572479468255740e-02 0.000000000000000000e+00 2.436880878720837362e-01 0.000000000000000000e+00 4.395719842564312918e-01 7.700236171908752918e-03 5.098765390887089301e-04 1.958880733847601086e-01 0.000000000000000000e+00 7.443381054360351589e-07 0.000000000000000000e+00 0.000000000000000000e+00 0.000000000000000000e+00 1.386165356606371135e-02 4.472080684353696130e-05 1.259803041153670529e-06 2.982763846699090435e-02 0.000000000000000000e+00 0.000000000000000000e+00 0.000000000000000000e+00 0.000000000000000000e+00 0.000000000000000000e+00 0.000000000000000000e+00
2.875000000000000000e+03 8.888599486119937865e+01 6.876993316910740006e-02 0.000000000000000000e+00 2.432078536463183061e-01 0.000000000000000000e+00 4.404939343624294512e-01 7.786537895816846543e-03 5.177660725325440062e-04 1.971579798641169279e-01 0.000000000000000000e+00 7.781506963149149913e-07 0.000000000000000000e+00 0.000000000000000000e+00 0.000000000000000000e+00 1.353836517127834059e-02 4.431888987473322524e-05 1.293744412658464308e-06 2.848123903341634108e-02 0.000000000000000000e+00 0.000000000000000000e+00 0.000000000000000000e+00 0.000000000000000000e+00 0.000000000000000000e+00 0.000000000000000000e+00
2.900000000000000000e+03 8.893154840954665019e+01 6.863807324584006442e-02 0.000000000000000000e+00 2.427415276156827673e-01 0.000000000000000000e+00 4.413748690132132668e-01 7.871034436088646807e-03 5.255554467724965267e-04 1.983720869046342317e-01 0.000000000000000000e+00 8.139297472585671488e-07 0.000000000000000000e+00 0.000000000000000000e+00 0.000000000000000000e+00 1.322156663760326763e-02 4.394178067818623162e-05 1.327435309982436945e-06 2.720920355442981234e-02 0.000000000000000000e+00 0.000000000000000000e+00 0.000000000000000000e+00 0.000000000000000000e+00 0.000000000000000000e+00 0.000000000000000000e+00
2.925000000000000000e+03 8.897700208790595866e+01 6.851061028632425554e-02 0.000000000000000000e+00 2.422907494653704918e-01 0.000000000000000000e+00 4.422197104944926016e-01 7.953730556732978296e-03 5.332432771277422802e-04 1.995283675421522240e-01 0.000000000000000000e+00 8.517945132097060269e-07 0.000000000000000000e+00 0.000000000000000000e+00 0.000000000000000000e+00 1.291116333796251889e-02 4.359122666079949412e-05 1.360840820378197258e-06 2.600662117784276889e-02 0.000000000000000000e+00 0.000000000000000000e+00 0.000000000000000000e+00 0.000000000000000000e+00 0.000000000000000000e+00 0.000000000000000000e+00
2.950000000000000000e+03 8.902415662250569994e+01 6.838589960806491785e-02 0.000000000000000000e+00 2.418497028778572866e-01 0.000000000000000000e+00 4.430329753268458792e-01 8.034653045577459449e-03 5.408298545290478321e-04 2.006330719881807556e-01 0.000000000000000000e+00 8.919149287799695702e-07 0.000000000000000000e+00 0.000000000000000000e+00 0.000000000000000000e+00 1.260750660305814605e-02 4.327257448185056738e-05 1.393978628138140372e-06 2.486980222784777872e-02 0.000000000000000000e+00 0.000000000000000000e+00 0.000000000000000000e+00 0.000000000000000000e+00 0.000000000000000000e+00 0.000000000000000000e+00
2.975000000000000000e+03 8.907357921498200426e+01 6.826319411266178194e-02 0.000000000000000000e+00 2.414157520103648591e-01 0.000000000000000000e+00 4.438186187341403577e-01 8.113822495166582785e-03 5.483150967981541930e-04 2.016893005788759907e-01 0.000000000000000000e+00 9.344715045146741385e-07 0.000000000000000000e+00 0.000000000000000000e+00 0.000000000000000000e+00 1.231072673006222695e-02 4.298995499864004147e-05 1.426851686662011858e-06 2.379491896374026638e-02 0.000000000000000000e+00 0.000000000000000000e+00 0.000000000000000000e+00 0.000000000000000000e+00 0.000000000000000000e+00 0.000000000000000000e+00
3.000000000000000000e+03 8.912670465466308656e+01 6.814110225528584308e-02 0.000000000000000000e+00 2.409839680848124555e-01 0.000000000000000000e+00 4.445804390352126600e-01 8.191264572482944914e-03 5.556994181805164669e-04 2.027026579392757211e-01 0.000000000000000000e+00 9.796780858376678699e-07 0.000000000000000000e+00 0.000000000000000000e+00 0.000000000000000000e+00 1.202105890765720747e-02 4.274869314593931162e-05 1.459483513170361171e-06 2.277862193234778815e-02 0.000000000000000000e+00 0.000000000000000000e+00 0.000000000000000000e+00 0.000000000000000000e+00 0.000000000000000000e+00 0.000000000000000000e+00
3.025000000000000000e+03 8.918343856838464490e+01 6.801935213980171702e-02 0.000000000000000000e+00 2.405533944312168160e-01 0.000000000000000000e+00 4.453218712110812438e-01 8.266994332679499999e-03 5.629825236847028729e-04 2.036744934095952309e-01 0.000000000000000000e+00 1.027757314473827144e-06 0.000000000000000000e+00 0.000000000000000000e+00 0.000000000000000000e+00 1.173848610944268345e-02 4.255263966893013802e-05 1.491875227932667012e-06 2.181735357028693686e-02 0.000000000000000000e+00 0.000000000000000000e+00 0.000000000000000000e+00 0.000000000000000000e+00 0.000000000000000000e+00 0.000000000000000000e+00
3.050000000000000000e+03 8.924464202470059604e+01 6.789696874631835632e-02 0.000000000000000000e+00 2.401205787053928009e-01 0.000000000000000000e+00 4.460463682052331902e-01 8.341031360632222488e-03 5.701645248882903413e-04 2.046087339960448448e-01 0.000000000000000000e+00 1.078968241877953095e-06 0.000000000000000000e+00 0.000000000000000000e+00 0.000000000000000000e+00 1.146311320788636658e-02 4.240697391988796733e-05 1.524049727955225955e-06 2.090803126171408496e-02 0.000000000000000000e+00 0.000000000000000000e+00 0.000000000000000000e+00 0.000000000000000000e+00 0.000000000000000000e+00 0.000000000000000000e+00
3.075000000000000000e+03 8.931092886202030456e+01 6.777315761122149063e-02 0.000000000000000000e+00 2.396827144058423786e-01 0.000000000000000000e+00 4.467572901964309007e-01 8.413391157791329580e-03 5.772453632390206696e-04 2.055085099540313598e-01 0.000000000000000000e+00 1.133594664040295851e-06 0.000000000000000000e+00 0.000000000000000000e+00 0.000000000000000000e+00 1.119498871053812433e-02 4.231688074628358232e-05 1.556030408012680496e-06 2.004769609508710165e-02 0.000000000000000000e+00 0.000000000000000000e+00 0.000000000000000000e+00 0.000000000000000000e+00 0.000000000000000000e+00 0.000000000000000000e+00
3.100000000000000000e+03 8.938292609543375988e+01 6.764711787087959727e-02 0.000000000000000000e+00 2.392369704303306255e-01 0.000000000000000000e+00 4.474579600706555804e-01 8.484087717181733670e-03 5.842249501815656399e-04 2.063768474555235377e-01 0.000000000000000000e+00 1.191949049965136995e-06 0.000000000000000000e+00 0.000000000000000000e+00 0.000000000000000000e+00 1.093414749276409512e-02 4.228787237201333545e-05 1.587846087323935747e-06 1.923357634497384686e-02 0.000000000000000000e+00 0.000000000000000000e+00 0.000000000000000000e+00 0.000000000000000000e+00 0.000000000000000000e+00 0.000000000000000000e+00
3.125000000000000000e+03 8.946127987162036277e+01 6.751803798789375588e-02 0.000000000000000000e+00 2.387804705236389879e-01 0.000000000000000000e+00 4.481516838829735505e-01 8.553132887987452415e-03 5.911031056902926132e-04 2.072166850991506437e-01 0.000000000000000000e+00 1.254373712060917280e-06 0.000000000000000000e+00 0.000000000000000000e+00 0.000000000000000000e+00 1.068061308558071812e-02 4.232581991813178749e-05 1.619531542972577609e-06 1.846307370191146296e-02 0.000000000000000000e+00 0.000000000000000000e+00 0.000000000000000000e+00 0.000000000000000000e+00 0.000000000000000000e+00 0.000000000000000000e+00
3.150000000000000000e+03 8.954666605462065831e+01 6.738508848836567700e-02 0.000000000000000000e+00 2.383102922029717297e-01 0.000000000000000000e+00 4.488417598230460825e-01 8.620536707301989371e-03 5.978796221637839789e-04 2.080308740999941841e-01 0.000000000000000000e+00 1.321241834566397670e-06 0.000000000000000000e+00 0.000000000000000000e+00 0.000000000000000000e+00 1.043440224023610245e-02 4.243699435624165159e-05 1.651128111512264105e-06 1.773375745161808598e-02 0.000000000000000000e+00 0.000000000000000000e+00 0.000000000000000000e+00 0.000000000000000000e+00 0.000000000000000000e+00 0.000000000000000000e+00
3.175000000000000000e+03 8.963978988674836046e+01 6.724743006257111189e-02 0.000000000000000000e+00 2.378234560657527807e-01 0.000000000000000000e+00 4.495314769274273425e-01 8.686307963394477791e-03 6.045542773084443136e-04 2.088221887408951982e-01 0.000000000000000000e+00 1.392958426419692975e-06 0.000000000000000000e+00 0.000000000000000000e+00 0.000000000000000000e+00 1.019552782820554865e-02 4.262809978289499918e-05 1.682684478666037910e-06 1.704335439175720321e-02 0.000000000000000000e+00 0.000000000000000000e+00 0.000000000000000000e+00 0.000000000000000000e+00 0.000000000000000000e+00 0.000000000000000000e+00
3.200000000000000000e+03 8.974138940165013878e+01 6.710420602834320236e-02 0.000000000000000000e+00 2.373169375696481120e-01 0.000000000000000000e+00 4.502241202399059339e-01 8.750454029921504034e-03 6.111268568064621813e-04 2.095933254384500233e-01 0.000000000000000000e+00 1.469961033416632323e-06 0.000000000000000000e+00 0.000000000000000000e+00 0.000000000000000000e+00 9.964001057399141104e-03 4.290630045091477023e-05 1.714257132636822635e-06 1.638973826090860814e-02 0.000000000000000000e+00 0.000000000000000000e+00 0.000000000000000000e+00 0.000000000000000000e+00 0.000000000000000000e+00 0.000000000000000000e+00
3.225000000000000000e+03 8.985223824190106257e+01 6.695454935320063750e-02 0.000000000000000000e+00 2.367876742750459063e-01 0.000000000000000000e+00 4.509229603337872039e-01 8.812981540163640493e-03 6.175971482225359188e-04 2.103469042237104403e-01 0.000000000000000000e+00 1.552720220371394990e-06 0.000000000000000000e+00 0.000000000000000000e+00 0.000000000000000000e+00 9.739833956596624653e-03 4.327925334634168456e-05 1.745911330355088178e-06 1.577092128437588073e-02 0.000000000000000000e+00 0.000000000000000000e+00 0.000000000000000000e+00 0.000000000000000000e+00 0.000000000000000000e+00 0.000000000000000000e+00
3.250000000000000000e+03 8.997314367151420811e+01 6.679758772051663795e-02 0.000000000000000000e+00 2.362325702029877406e-01 0.000000000000000000e+00 4.516312456553881471e-01 8.873897060029323908e-03 6.239650427816191558e-04 2.110854729211090741e-01 0.000000000000000000e+00 1.641739950212662404e-06 0.000000000000000000e+00 0.000000000000000000e+00 0.000000000000000000e+00 9.523041256539402019e-03 4.375513669639111478e-05 1.777721725837210194e-06 1.518504554227560407e-02 0.000000000000000000e+00 0.000000000000000000e+00 0.000000000000000000e+00 0.000000000000000000e+00 0.000000000000000000e+00 0.000000000000000000e+00
3.275000000000000000e+03 9.010494597710155062e+01 6.663244337649552873e-02 0.000000000000000000e+00 2.356485293774794876e-01 0.000000000000000000e+00 4.523521916177660196e-01 8.933207211383506485e-03 6.302305181579932530e-04 2.118114905113565594e-01 0.000000000000000000e+00 1.737557632841327269e-06 0.000000000000000000e+00 0.000000000000000000e+00 0.000000000000000000e+00 9.313642938009868144e-03 4.434267612245625030e-05 1.809773419668129901e-06 1.463037444217595191e-02 0.000000000000000000e+00 0.000000000000000000e+00 0.000000000000000000e+00 0.000000000000000000e+00 0.000000000000000000e+00 0.000000000000000000e+00
3.300000000000000000e+03 9.024852243937677088e+01 6.645824157110825914e-02 0.000000000000000000e+00 2.350324562467815404e-01 0.000000000000000000e+00 4.530889659846285000e-01 8.990919280384958301e-03 6.363937448089379036e-04 2.125273384779239050e-01 0.000000000000000000e+00 1.840743835591195638e-06 0.000000000000000000e+00 0.000000000000000000e+00 0.000000000000000000e+00 9.111665381120190657e-03 4.505117110590553287e-05 1.842162713687608291e-06 1.410528523558852824e-02 0.000000000000000000e+00 0.000000000000000000e+00 0.000000000000000000e+00 0.000000000000000000e+00 0.000000000000000000e+00 0.000000000000000000e+00
3.325000000000000000e+03 9.040478136015043731e+01 6.627411635271079904e-02 0.000000000000000000e+00 2.343812906384374062e-01 0.000000000000000000e+00 4.538446684533667397e-01 9.047042578930530182e-03 6.424550929064697363e-04 2.132353063514746128e-01 0.000000000000000000e+00 1.951901994536329121e-06 0.000000000000000000e+00 0.000000000000000000e+00 0.000000000000000000e+00 8.917142877386223868e-03 4.589052162206052341e-05 1.874998160365917747e-06 1.360826023301018456e-02 0.000000000000000000e+00 0.000000000000000000e+00 0.000000000000000000e+00 0.000000000000000000e+00 0.000000000000000000e+00 0.000000000000000000e+00
3.350000000000000000e+03 9.057466343281619459e+01 6.607921676721663362e-02 0.000000000000000000e+00 2.336920188384336572e-01 0.000000000000000000e+00 4.546223219262107151e-01 9.101588231936495049e-03 6.484152121975118995e-04 2.139375876672454102e-01 0.000000000000000000e+00 2.071667321574349263e-06 0.000000000000000000e+00 0.000000000000000000e+00 0.000000000000000000e+00 8.730119433254756450e-03 4.687125066665661998e-05 1.908401673543427377e-06 1.313788060384307038e-02 0.000000000000000000e+00 0.000000000000000000e+00 0.000000000000000000e+00 0.000000000000000000e+00 0.000000000000000000e+00 0.000000000000000000e+00
3.375000000000000000e+03 9.075914699421056753e+01 6.587270926215406386e-02 0.000000000000000000e+00 2.329616958573711150e-01 0.000000000000000000e+00 4.554248518424343639e-01 9.154570422645154013e-03 6.542751189914127038e-04 2.146362797505046716e-01 0.000000000000000000e+00 2.200706006031427392e-06 0.000000000000000000e+00 0.000000000000000000e+00 0.000000000000000000e+00 8.550650138483649812e-03 4.800453337636100546e-05 1.942509510996420354e-06 1.269281985852211379e-02 0.000000000000000000e+00 0.000000000000000000e+00 0.000000000000000000e+00 0.000000000000000000e+00 0.000000000000000000e+00 0.000000000000000000e+00
3.400000000000000000e+03 9.095924328604473885e+01 6.565378821835272938e-02 0.000000000000000000e+00 2.321874721039536571e-01 0.000000000000000000e+00 4.562550719710704028e-01 9.206006935220384726e-03 6.600362035339675873e-04 2.153333668255448530e-01 0.000000000000000000e+00 2.339713481448788025e-06 0.000000000000000000e+00 0.000000000000000000e+00 0.000000000000000000e+00 8.378801728653212377e-03 4.930221340678227313e-05 1.977473566990100786e-06 1.227183661321537556e-02 0.000000000000000000e+00 0.000000000000000000e+00 0.000000000000000000e+00 0.000000000000000000e+00 0.000000000000000000e+00 0.000000000000000000e+00
3.425000000000000000e+03 9.117600381865322845e+01 6.542167546948179924e-02 0.000000000000000000e+00 2.313665972331545306e-01 0.000000000000000000e+00 4.571156732763541064e-01 9.255920266403065352e-03 6.657003703321507683e-04 2.160307295564954655e-01 0.000000000000000000e+00 2.489412746445206562e-06 0.000000000000000000e+00 0.000000000000000000e+00 0.000000000000000000e+00 8.214654456451949208e-03 5.077683573940591929e-05 2.013462531678575036e-06 1.187376966030941929e-02 0.000000000000000000e+00 0.000000000000000000e+00 0.000000000000000000e+00 0.000000000000000000e+00 0.000000000000000000e+00 0.000000000000000000e+00
3.450000000000000000e+03 9.141052580567276209e+01 6.517562694640066656e-02 0.000000000000000000e+00 2.304964342829769197e-01 0.000000000000000000e+00 4.580092141495826219e-01 9.304338073743935109e-03 6.712700710926759783e-04 2.167301376354575648e-01 0.000000000000000000e+00 2.650552224511823042e-06 0.000000000000000000e+00 0.000000000000000000e+00 0.000000000000000000e+00 8.058303435605262965e-03 5.244166719119036538e-05 2.050663326879096812e-06 1.149753252239760215e-02 0.000000000000000000e+00 0.000000000000000000e+00 0.000000000000000000e+00 0.000000000000000000e+00 0.000000000000000000e+00 0.000000000000000000e+00
3.475000000000000000e+03 9.166395875448885988e+01 6.491493090465691451e-02 0.000000000000000000e+00 2.295744725538364506e-01 0.000000000000000000e+00 4.589381210009448320e-01 9.351293787870676791e-03 6.767483787152318289e-04 2.174332435778719153e-01 0.000000000000000000e+00 2.823902937393947971e-06 0.000000000000000000e+00 0.000000000000000000e+00 0.000000000000000000e+00 7.909858416705937631e-03 5.431071663748663063e-05 2.089282342733493849e-06 1.114210747748047188e-02 0.000000000000000000e+00 0.000000000000000000e+00 0.000000000000000000e+00 0.000000000000000000e+00 0.000000000000000000e+00 0.000000000000000000e+00
3.500000000000000000e+03 9.193751553688872491e+01 6.463891007016138446e-02 0.000000000000000000e+00 2.285983118253577806e-01 0.000000000000000000e+00 4.599046876917683435e-01 9.396827916339847708e-03 6.821390549863566230e-04 2.181415965061093143e-01 0.000000000000000000e+00 3.010255723727622273e-06 0.000000000000000000e+00 0.000000000000000000e+00 0.000000000000000000e+00 7.769446174004011885e-03 5.639876813186019247e-05 2.129546968277016852e-06 1.080654219044903039e-02 0.000000000000000000e+00 0.000000000000000000e+00 0.000000000000000000e+00 0.000000000000000000e+00 0.000000000000000000e+00 0.000000000000000000e+00
3.525000000000000000e+03 9.223249150529218809e+01 6.434691350844501390e-02 0.000000000000000000e+00 2.275656527947952645e-01 0.000000000000000000e+00 4.609110908841976828e-01 9.440987596575693003e-03 6.874466051090562637e-04 2.188566498695208029e-01 0.000000000000000000e+00 3.210417518219555195e-06 0.000000000000000000e+00 0.000000000000000000e+00 0.000000000000000000e+00 7.637210366193831514e-03 5.872139941036140872e-05 2.171707077406132440e-06 1.048994485115680234e-02 0.000000000000000000e+00 0.000000000000000000e+00 0.000000000000000000e+00 0.000000000000000000e+00 0.000000000000000000e+00 0.000000000000000000e+00
3.550000000000000000e+03 9.255027896250756214e+01 6.403831662580802830e-02 0.000000000000000000e+00 2.264742881833628763e-01 0.000000000000000000e+00 4.619594066370228957e-01 9.483827848852915271e-03 6.926763464783028965e-04 2.195797555689184277e-01 0.000000000000000000e+00 3.425207353527371749e-06 0.000000000000000000e+00 0.000000000000000000e+00 0.000000000000000000e+00 7.513312634532480667e-03 6.129500440134876698e-05 2.216036436917481602e-06 1.019147990683220636e-02 0.000000000000000000e+00 0.000000000000000000e+00 0.000000000000000000e+00 0.000000000000000000e+00 0.000000000000000000e+00 0.000000000000000000e+00
3.575000000000000000e+03 9.289239491338715027e+01 6.371250753837294500e-02 0.000000000000000000e+00 2.253220496097099734e-01 0.000000000000000000e+00 4.630516403160407357e-01 9.525411529876858657e-03 6.978344237153013847e-04 2.203122038043923703e-01 0.000000000000000000e+00 3.655451520750063650e-06 0.000000000000000000e+00 0.000000000000000000e+00 0.000000000000000000e+00 7.397932859203142086e-03 6.413682569766412901e-05 2.262834324922513492e-06 9.910364807145459476e-03 0.000000000000000000e+00 0.000000000000000000e+00 0.000000000000000000e+00 0.000000000000000000e+00 0.000000000000000000e+00 0.000000000000000000e+00
3.600000000000000000e+03 9.326051019149069532e+01 6.336887548142208781e-02 0.000000000000000000e+00 2.241067793195445912e-01 0.000000000000000000e+00 4.641897638037126850e-01 9.565809633127307296e-03 7.029278596511560331e-04 2.210552276719253417e-01 0.000000000000000000e+00 3.901978228239159205e-06 0.000000000000000000e+00 0.000000000000000000e+00 0.000000000000000000e+00 7.291270317401335119e-03 6.726496909282187082e-05 2.312427130950351518e-06 9.645866538763534989e-03 0.000000000000000000e+00 0.000000000000000000e+00 0.000000000000000000e+00 0.000000000000000000e+00 0.000000000000000000e+00 0.000000000000000000e+00
3.625000000000000000e+03 9.365648996879147603e+01 6.300679700032627006e-02 0.000000000000000000e+00 2.228262723120397193e-01 0.000000000000000000e+00 4.653757652316850568e-01 9.605100113214902827e-03 7.079645166540015364e-04 2.218100318531824322e-01 0.000000000000000000e+00 4.165610976786975330e-06 0.000000000000000000e+00 0.000000000000000000e+00 0.000000000000000000e+00 7.193542422430488845e-03 7.069842607981523534e-05 2.365169423732104520e-06 9.397297343986713014e-03 0.000000000000000000e+00 0.000000000000000000e+00 0.000000000000000000e+00 0.000000000000000000e+00 0.000000000000000000e+00 0.000000000000000000e+00
3.650000000000000000e+03 9.408243371196091687e+01 6.262561680117616214e-02 0.000000000000000000e+00 2.214782116605889251e-01 0.000000000000000000e+00 4.666117016432683728e-01 9.643369042400684252e-03 7.129531388057863120e-04 2.225778234944384149e-01 0.000000000000000000e+00 4.447161065832871474e-06 0.000000000000000000e+00 0.000000000000000000e+00 0.000000000000000000e+00 7.104985713776121835e-03 7.445709304664842516e-05 2.421445766384810894e-06 9.164012805666532646e-03 0.000000000000000000e+00 0.000000000000000000e+00 0.000000000000000000e+00 0.000000000000000000e+00 0.000000000000000000e+00 0.000000000000000000e+00
3.675000000000000000e+03 9.454073105108851394e+01 6.222462576687421559e-02 0.000000000000000000e+00 2.200600897159679381e-01 0.000000000000000000e+00 4.678997674204229962e-01 9.680708472773118939e-03 7.179032572669339805e-04 2.233598523877479702e-01 0.000000000000000000e+00 4.747418947195993976e-06 0.000000000000000000e+00 0.000000000000000000e+00 0.000000000000000000e+00 7.025854419822312111e-03 7.856178191702840787e-05 2.481671396721768098e-06 8.945407686863643057e-03 0.000000000000000000e+00 0.000000000000000000e+00 0.000000000000000000e+00 0.000000000000000000e+00 0.000000000000000000e+00 0.000000000000000000e+00
3.700000000000000000e+03 9.503412258433985471e+01 6.180303981354268866e-02 0.000000000000000000e+00 2.185691333855346585e-01 0.000000000000000000e+00 4.692423667401882104e-01 9.717215522460093818e-03 7.228251059200489553e-04 2.241574399956490493e-01 0.000000000000000000e+00 5.067143641751094147e-06 0.000000000000000000e+00 0.000000000000000000e+00 0.000000000000000000e+00 6.956419263916040208e-03 8.303422393839392929e-05 2.546293281568391039e-06 8.740912511927344253e-03 0.000000000000000000e+00 0.000000000000000000e+00 0.000000000000000000e+00 0.000000000000000000e+00 0.000000000000000000e+00 0.000000000000000000e+00
3.725000000000000000e+03 9.556576885708722102e+01 6.135997319161457658e-02 0.000000000000000000e+00 2.170022082664085639e-01 0.000000000000000000e+00 4.706421912767113636e-01 9.752991513847533017e-03 7.277295431406503867e-04 2.249720301817683399e-01 0.000000000000000000e+00 5.407050596763608896e-06 0.000000000000000000e+00 0.000000000000000000e+00 0.000000000000000000e+00 6.896965572536801516e-03 8.789706598681886233e-05 2.615790441396076376e-06 8.549990546947114703e-03 0.000000000000000000e+00 0.000000000000000000e+00 0.000000000000000000e+00 0.000000000000000000e+00 0.000000000000000000e+00 0.000000000000000000e+00
3.750000000000000000e+03 9.613933519672187344e+01 6.089441169858835629e-02 0.000000000000000000e+00 2.153557319103699963e-01 0.000000000000000000e+00 4.721023034619497571e-01 9.788138510603703463e-03 7.326278483348922605e-04 2.258052294925920744e-01 0.000000000000000000e+00 5.767797088824349077e-06 0.000000000000000000e+00 0.000000000000000000e+00 0.000000000000000000e+00 6.847790741950651391e-03 9.317385077570701567e-05 2.690673977606002383e-06 8.372134013768512198e-03 0.000000000000000000e+00 0.000000000000000000e+00 0.000000000000000000e+00 0.000000000000000000e+00 0.000000000000000000e+00 0.000000000000000000e+00
3.775000000000000000e+03 9.675908071019954093e+01 6.040518820901484565e-02 0.000000000000000000e+00 2.136255691271796431e-01 0.000000000000000000e+00 4.736262245783693925e-01 9.822757092070432544e-03 7.375314704470350979e-04 2.266588592463285590e-01 0.000000000000000000e+00 6.149965519029601634e-06 0.000000000000000000e+00 0.000000000000000000e+00 0.000000000000000000e+00 6.809199905067344141e-03 9.888898148974880145e-05 2.771485868994180401e-06 8.206859938645054420e-03 0.000000000000000000e+00 0.000000000000000000e+00 0.000000000000000000e+00 0.000000000000000000e+00 0.000000000000000000e+00 0.000000000000000000e+00
3.800000000000000000e+03 9.742996307513107013e+01 5.989095212788356909e-02 0.000000000000000000e+00 2.118069502798090309e-01 0.000000000000000000e+00 4.752180137513526970e-01 9.856942950569512474e-03 7.424517940475250898e-04 2.275350008841515725e-01 0.000000000000000000e+00 6.554043390974852242e-06 0.000000000000000000e+00 0.000000000000000000e+00 0.000000000000000000e+00 6.781501437542209604e-03 1.050676576502947520e-04 2.858797642256464820e-06 8.053706275960387240e-03 0.000000000000000000e+00 0.000000000000000000e+00 0.000000000000000000e+00 0.000000000000000000e+00 0.000000000000000000e+00 0.000000000000000000e+00
