# T Ptot H He C N O Na K Si Ar Ti V S Cl Mg Al Ca Fe Cr Li Cs Rb F P
1.500000000000000000e+03 6.767005693653888443e+01 1.074691025928400907e-04 0.000000000000000000e+00 2.727028472030962325e-01 0.000000000000000000e+00 7.271896836798625863e-01 1.356489132795386997e-11 5.466219400171782112e-13 4.092232284424253241e-15 0.000000000000000000e+00 5.855140900530396307e-17 0.000000000000000000e+00 0.000000000000000000e+00 0.000000000000000000e+00 8.326162636728184809e-17 1.701600906480689371e-20 6.938230863151906055e-22 3.326744116348705157e-13 0.000000000000000000e+00 0.000000000000000000e+00 0.000000000000000000e+00 0.000000000000000000e+00 0.000000000000000000e+00 0.000000000000000000e+00
1.525000000000000000e+03 6.767007737176037097e+01 1.074691024456124829e-04 0.000000000000000000e+00 2.727028463524233115e-01 0.000000000000000000e+00 7.271896845202916460e-01 2.324862260219864630e-11 9.566804372843364539e-13 8.749764967604286527e-15 0.000000000000000000e+00 1.219635679828512213e-16 0.000000000000000000e+00 0.000000000000000000e+00 0.000000000000000000e+00 1.983725357362313785e-16 4.351443655298252731e-20 1.886419223922470959e-21 6.250280532024364044e-13 0.000000000000000000e+00 0.000000000000000000e+00 0.000000000000000000e+00 0.000000000000000000e+00 0.000000000000000000e+00 0.000000000000000000e+00
1.550000000000000000e+03 6.767010529734331215e+01 1.074691023170664512e-04 0.000000000000000000e+00 2.727028475012698294e-01 0.000000000000000000e+00 7.271896833544584382e-01 3.914333291663278765e-11 1.643520833830603707e-12 1.824362539383741568e-14 0.000000000000000000e+00 2.476985986928479816e-16 0.000000000000000000e+00 0.000000000000000000e+00 0.000000000000000000e+00 4.589765775171550034e-16 1.078571358879416003e-19 4.943875489849760239e-21 1.149125493598534057e-12 0.000000000000000000e+00 0.000000000000000000e+00 0.000000000000000000e+00 0.000000000000000000e+00 0.000000000000000000e+00 0.000000000000000000e+00
1.575000000000000000e+03 6.767014308927566901e+01 1.074691029309342131e-04 0.000000000000000000e+00 2.727028486839590538e-01 0.000000000000000000e+00 7.271896821434293834e-01 6.479860229100147319e-11 2.773949393670083935e-12 3.713923816725426226e-14 0.000000000000000000e+00 4.910812013672332749e-16 0.000000000000000000e+00 0.000000000000000000e+00 0.000000000000000000e+00 1.032722931488157907e-15 2.595159059685256103e-19 1.251462241996521464e-20 2.069577037241777537e-12 0.000000000000000000e+00 0.000000000000000000e+00 0.000000000000000000e+00 0.000000000000000000e+00 0.000000000000000000e+00 0.000000000000000000e+00
1.600000000000000000e+03 6.767019240301928562e+01 1.074691017666139453e-04 0.000000000000000000e+00 2.727028501726381782e-01 0.000000000000000000e+00 7.271896806117079670e-01 1.055517511724857525e-10 4.603617297664752590e-12 7.390224408357407559e-14 0.000000000000000000e+00 9.515270684621095881e-16 0.000000000000000000e+00 0.000000000000000000e+00 0.000000000000000000e+00 2.262743144887515129e-15 6.070124074829279520e-19 3.065534842847750467e-20 3.654865759297437511e-12 0.000000000000000000e+00 0.000000000000000000e+00 0.000000000000000000e+00 0.000000000000000000e+00 0.000000000000000000e+00 0.000000000000000000e+00
1.625000000000000000e+03 6.767025804908044506e+01 1.074691027046580213e-04 0.000000000000000000e+00 2.727028486559574527e-01 0.000000000000000000e+00 7.271896820580249221e-01 1.693092952766500339e-10 7.518259807976928153e-12 1.438966425328889044e-13 0.000000000000000000e+00 1.803838214453598321e-15 0.000000000000000000e+00 0.000000000000000000e+00 0.000000000000000000e+00 4.833741748816363921e-15 1.382072616593072187e-18 7.279345856230747452e-20 6.334900871597589750e-12 0.000000000000000000e+00 0.000000000000000000e+00 0.000000000000000000e+00 0.000000000000000000e+00 0.000000000000000000e+00 0.000000000000000000e+00
1.650000000000000000e+03 6.767034390360456086e+01 1.074691011308492568e-04 0.000000000000000000e+00 2.727028490594514132e-01 0.000000000000000000e+00 7.271896815486343923e-01 2.676182757358331140e-10 1.209128186658307984e-11 2.744415940822777564e-13 0.000000000000000000e+00 3.349070306239708472e-15 0.000000000000000000e+00 0.000000000000000000e+00 0.000000000000000000e+00 1.007939323384062463e-14 3.066975790439606759e-18 1.678348892453387994e-19 1.078611520980801517e-11 0.000000000000000000e+00 0.000000000000000000e+00 0.000000000000000000e+00 0.000000000000000000e+00 0.000000000000000000e+00 0.000000000000000000e+00
1.675000000000000000e+03 6.767045417876593660e+01 1.074691027901305575e-04 0.000000000000000000e+00 2.727028479662136351e-01 0.000000000000000000e+00 7.271896824761228117e-01 4.171155018991299298e-10 1.916304946306945298e-11 5.131776014873521956e-13 0.000000000000000000e+00 6.095595566044863523e-15 0.000000000000000000e+00 0.000000000000000000e+00 0.000000000000000000e+00 2.053827220052106348e-14 6.641258556846000625e-18 3.762995205834371171e-19 1.805521524582717024e-11 0.000000000000000000e+00 0.000000000000000000e+00 0.000000000000000000e+00 0.000000000000000000e+00 0.000000000000000000e+00 0.000000000000000000e+00
1.700000000000000000e+03 6.767059690650488335e+01 1.074691028503660790e-04 0.000000000000000000e+00 2.727028458254790455e-01 0.000000000000000000e+00 7.271896843695291324e-01 6.414631370142574616e-10 2.994862397579024379e-11 9.416565289211031415e-13 0.000000000000000000e+00 1.088587802768298818e-14 0.000000000000000000e+00 0.000000000000000000e+00 0.000000000000000000e+00 4.093736066258692630e-14 1.404868036291491283e-17 8.215989536160830348e-19 2.973631414486146247e-11 0.000000000000000000e+00 0.000000000000000000e+00 0.000000000000000000e+00 0.000000000000000000e+00 0.000000000000000000e+00 0.000000000000000000e+00
1.725000000000000000e+03 6.767077953082711872e+01 1.074691028408733740e-04 0.000000000000000000e+00 2.727028476375620847e-01 0.000000000000000000e+00 7.271896821894954233e-01 9.739027070076579967e-10 4.618228146927615758e-11 1.697036314962361081e-12 0.000000000000000000e+00 1.909121401855640320e-14 0.000000000000000000e+00 0.000000000000000000e+00 0.000000000000000000e+00 7.989581652307754961e-14 2.906181866557450680e-17 1.749175480698192512e-18 4.822069101939866567e-11 0.000000000000000000e+00 0.000000000000000000e+00 0.000000000000000000e+00 0.000000000000000000e+00 0.000000000000000000e+00 0.000000000000000000e+00
1.750000000000000000e+03 6.767101156598616285e+01 1.074691033749876985e-04 0.000000000000000000e+00 2.727028470745206934e-01 0.000000000000000000e+00 7.271896822109733538e-01 1.460586126968858007e-09 7.030905093055628982e-11 3.006145943761672971e-12 0.000000000000000000e+00 3.290580063372612044e-14 0.000000000000000000e+00 0.000000000000000000e+00 0.000000000000000000e+00 1.528179117620798755e-13 5.884960942704670661e-17 3.635709955085111558e-18 7.704393142415852152e-11 0.000000000000000000e+00 0.000000000000000000e+00 0.000000000000000000e+00 0.000000000000000000e+00 0.000000000000000000e+00 0.000000000000000000e+00
1.775000000000000000e+03 6.767130477602080418e+01 1.074691030076716170e-04 0.000000000000000000e+00 2.727028469010209233e-01 0.000000000000000000e+00 7.271896815984205675e-01 2.164872524562798412e-09 1.057356249447493913e-10 5.238139321408081834e-12 0.000000000000000000e+00 5.578360121504752657e-14 0.000000000000000000e+00 0.000000000000000000e+00 0.000000000000000000e+00 2.867119443997679996e-13 1.167630751174105187e-16 7.386318731791377224e-18 1.213618548086744422e-10 0.000000000000000000e+00 0.000000000000000000e+00 0.000000000000000000e+00 0.000000000000000000e+00 0.000000000000000000e+00 0.000000000000000000e+00
1.800000000000000000e+03 6.767167281819644131e+01 1.074691016223217337e-04 0.000000000000000000e+00 2.727028473986828905e-01 0.000000000000000000e+00 7.271896799715267257e-01 3.172812076894905519e-09 1.571554489380488313e-10 8.984678274153808224e-12 0.000000000000000000e+00 9.307729659225396044e-14 0.000000000000000000e+00 0.000000000000000000e+00 0.000000000000000000e+00 5.280718415414181160e-13 2.271925608990872389e-16 1.468313227969445948e-17 1.885945664210179269e-10 0.000000000000000000e+00 0.000000000000000000e+00 0.000000000000000000e+00 0.000000000000000000e+00 0.000000000000000000e+00 0.000000000000000000e+00
1.825000000000000000e+03 6.767213140632350132e+01 1.074691024194535306e-04 0.000000000000000000e+00 2.727028481139244787e-01 0.000000000000000000e+00 7.271896776479619406e-01 4.600074869215268848e-09 2.300427162850986601e-10 1.518031650976316237e-11 0.000000000000000000e+00 1.529589649437835907e-13 0.000000000000000000e+00 0.000000000000000000e+00 0.000000000000000000e+00 9.555443822224623769e-13 4.338845634026528373e-16 2.858912434777118100e-17 2.892872067105288041e-10 0.000000000000000000e+00 0.000000000000000000e+00 0.000000000000000000e+00 0.000000000000000000e+00 0.000000000000000000e+00 0.000000000000000000e+00
1.850000000000000000e+03 6.767270166516087215e+01 1.074691008056161574e-04 0.000000000000000000e+00 2.727028430744048437e-01 0.000000000000000000e+00 7.271896804242811152e-01 6.600620631259260903e-09 3.344119462301747515e-10 2.528082908634031349e-11 0.000000000000000000e+00 2.477279694396489457e-13 0.000000000000000000e+00 0.000000000000000000e+00 0.000000000000000000e+00 1.699949831528249891e-12 8.139382579655090752e-16 5.457416297354158518e-17 4.382467343356869536e-10 0.000000000000000000e+00 0.000000000000000000e+00 0.000000000000000000e+00 0.000000000000000000e+00 0.000000000000000000e+00 0.000000000000000000e+00
1.875000000000000000e+03 6.767340399597554779e+01 1.074690998265532844e-04 0.000000000000000000e+00 2.727028430191975605e-01 0.000000000000000000e+00 7.271896773214840959e-01 9.377447200141638605e-09 4.811213674608712869e-10 4.152402822360211375e-11 0.000000000000000000e+00 3.956435757865281612e-13 0.000000000000000000e+00 0.000000000000000000e+00 0.000000000000000000e+00 2.975421705674641997e-12 1.500975329409294090e-15 1.022268684530546813e-16 6.560263131501488873e-10 0.000000000000000000e+00 0.000000000000000000e+00 0.000000000000000000e+00 0.000000000000000000e+00 0.000000000000000000e+00 0.000000000000000000e+00
1.900000000000000000e+03 6.767426456855473305e+01 1.074691012614886797e-04 0.000000000000000000e+00 2.727028409887429228e-01 0.000000000000000000e+00 7.271896749849550146e-01 1.319579713585491559e-08 6.853407402622419188e-10 6.730663742800691602e-11 0.000000000000000000e+00 6.234596982020938374e-13 0.000000000000000000e+00 0.000000000000000000e+00 0.000000000000000000e+00 5.127103480697453877e-12 2.722897905933538106e-15 1.880612397798002183e-16 9.708426703666401890e-10 0.000000000000000000e+00 0.000000000000000000e+00 0.000000000000000000e+00 0.000000000000000000e+00 0.000000000000000000e+00 0.000000000000000000e+00
1.925000000000000000e+03 6.767531576443656149e+01 1.074690984707498347e-04 0.000000000000000000e+00 2.727028410382396073e-01 0.000000000000000000e+00 7.271896689586553331e-01 1.839924834304303759e-08 9.669579133015141236e-10 1.077226626899071102e-10 0.000000000000000000e+00 9.698867955185030490e-13 0.000000000000000000e+00 0.000000000000000000e+00 0.000000000000000000e+00 8.703138202688212775e-12 4.862504443823699149e-15 3.400422598291838430e-16 1.421026996398282193e-09 0.000000000000000000e+00 0.000000000000000000e+00 0.000000000000000000e+00 0.000000000000000000e+00 0.000000000000000000e+00 0.000000000000000000e+00
1.950000000000000000e+03 6.767659048429197810e+01 1.074690967663077324e-04 0.000000000000000000e+00 2.727028362990123189e-01 0.000000000000000000e+00 7.271896655787308816e-01 2.542915703489912990e-08 1.351820576440642331e-09 1.703241984613517339e-10 0.000000000000000000e+00 1.490264048550571831e-12 0.000000000000000000e+00 0.000000000000000000e+00 0.000000000000000000e+00 1.456180389280925779e-11 8.553422307602411537e-15 6.047684172419549725e-16 2.058127471966398883e-09 0.000000000000000000e+00 0.000000000000000000e+00 0.000000000000000000e+00 0.000000000000000000e+00 0.000000000000000000e+00 0.000000000000000000e+00
1.975000000000000000e+03 6.767812998945080949e+01 1.074690953885853062e-04 0.000000000000000000e+00 2.727028303899687312e-01 0.000000000000000000e+00 7.271896605501381172e-01 3.484796973244585582e-08 1.873243000440825394e-09 2.661855662864643042e-10 0.000000000000000000e+00 2.262792219716261826e-12 0.000000000000000000e+00 0.000000000000000000e+00 0.000000000000000000e+00 2.402880583730322078e-11 1.482987799083856531e-14 1.058699470433538156e-15 2.950798987554830156e-09 0.000000000000000000e+00 0.000000000000000000e+00 0.000000000000000000e+00 0.000000000000000000e+00 0.000000000000000000e+00 0.000000000000000000e+00
2.000000000000000000e+03 6.767997908835434373e+01 1.074690935692926513e-04 0.000000000000000000e+00 2.727028251335957276e-01 0.000000000000000000e+00 7.271896511884887726e-01 4.736696332905539378e-08 2.573820163199434106e-09 4.113775065294878487e-10 0.000000000000000000e+00 3.396757206017514145e-12 0.000000000000000000e+00 0.000000000000000000e+00 0.000000000000000000e+00 3.912523628578189425e-11 2.535750448452301599e-14 1.825455618681307654e-15 4.189635960675565245e-09 0.000000000000000000e+00 0.000000000000000000e+00 0.000000000000000000e+00 0.000000000000000000e+00 0.000000000000000000e+00 0.000000000000000000e+00
2.025000000000000000e+03 6.768219078585480020e+01 1.074690904588460587e-04 0.000000000000000000e+00 2.727028188130873332e-01 0.000000000000000000e+00 7.271896381197813231e-01 6.387897962601234135e-08 3.507593809971871824e-09 6.289907020751058497e-10 0.000000000000000000e+00 5.043265861817130710e-12 0.000000000000000000e+00 0.000000000000000000e+00 0.000000000000000000e+00 6.289382116979757856e-11 4.280743970097944312e-14 3.102104802589626020e-15 5.893125629758571694e-09 0.000000000000000000e+00 0.000000000000000000e+00 0.000000000000000000e+00 0.000000000000000000e+00 0.000000000000000000e+00 0.000000000000000000e+00
2.050000000000000000e+03 6.768482343251176303e+01 1.074690866916314639e-04 0.000000000000000000e+00 2.727028065075992047e-01 0.000000000000000000e+00 7.271896248919356154e-01 8.549698675085603875e-08 4.742630332625065751e-09 9.518900435393318026e-10 0.000000000000000000e+00 7.409118553791712129e-12 0.000000000000000000e+00 0.000000000000000000e+00 0.000000000000000000e+00 9.986039795349810491e-11 7.131284214489374968e-14 5.198584136933233222e-15 8.214920429016239115e-09 0.000000000000000000e+00 0.000000000000000000e+00 0.000000000000000000e+00 0.000000000000000000e+00 0.000000000000000000e+00 0.000000000000000000e+00
2.075000000000000000e+03 6.768794321941135195e+01 1.074690806844828686e-04 0.000000000000000000e+00 2.727027909364870273e-01 0.000000000000000000e+00 7.271896070734219508e-01 1.135987025636511806e-07 6.364040730581162233e-09 1.426432339681886485e-09 0.000000000000000000e+00 1.077455952719971055e-11 0.000000000000000000e+00 0.000000000000000000e+00 0.000000000000000000e+00 1.566788986764319534e-10 1.173488600958111864e-13 8.596069698689956174e-15 1.135265145484751799e-08 0.000000000000000000e+00 0.000000000000000000e+00 0.000000000000000000e+00 0.000000000000000000e+00 0.000000000000000000e+00 0.000000000000000000e+00
2.100000000000000000e+03 6.769162415103340891e+01 1.074690734083316295e-04 0.000000000000000000e+00 2.727027701026111250e-01 0.000000000000000000e+00 7.271895845331751707e-01 1.498785530985983488e-07 8.477531205988128533e-09 2.117447752980000120e-09 0.000000000000000000e+00 1.551577812482997246e-11 0.000000000000000000e+00 0.000000000000000000e+00 0.000000000000000000e+00 2.430232649727490217e-10 1.908363183406082696e-13 1.403236796627724474e-14 1.555852935028095876e-08 0.000000000000000000e+00 0.000000000000000000e+00 0.000000000000000000e+00 0.000000000000000000e+00 0.000000000000000000e+00 0.000000000000000000e+00
2.125000000000000000e+03 6.769594931658360792e+01 1.074690632196249396e-04 0.000000000000000000e+00 2.727027491016695282e-01 0.000000000000000000e+00 7.271895495521478736e-01 1.964073017041214158e-07 1.121352146725519190e-08 3.114865981068266847e-09 0.000000000000000000e+00 2.213316904963691390e-11 0.000000000000000000e+00 0.000000000000000000e+00 0.000000000000000000e+00 3.728074558002726995e-10 3.068405739612394326e-13 2.262538399432477857e-14 2.115200358182040406e-08 0.000000000000000000e+00 0.000000000000000000e+00 0.000000000000000000e+00 0.000000000000000000e+00 0.000000000000000000e+00 0.000000000000000000e+00
2.150000000000000000e+03 6.770101134488487560e+01 1.074690506685427500e-04 0.000000000000000000e+00 2.727027187734741287e-01 0.000000000000000000e+00 7.271895080687909019e-01 2.557002692678535924e-07 1.473190441971379035e-08 4.542471534545136114e-09 0.000000000000000000e+00 3.128652336024496851e-11 0.000000000000000000e+00 0.000000000000000000e+00 0.000000000000000000e+00 5.658372580046884482e-10 4.880040519476727414e-13 3.604967889753706215e-14 2.853477344270716394e-08 0.000000000000000000e+00 0.000000000000000000e+00 0.000000000000000000e+00 0.000000000000000000e+00 0.000000000000000000e+00 0.000000000000000000e+00
2.175000000000000000e+03 6.770691138413207000e+01 1.074690360271831057e-04 0.000000000000000000e+00 2.727026799746476438e-01 0.000000000000000000e+00 7.271894552943727330e-01 3.307948800654020938e-07 1.922751292163311933e-08 6.569399898479288879e-09 0.000000000000000000e+00 4.383847394715224996e-11 0.000000000000000000e+00 0.000000000000000000e+00 0.000000000000000000e+00 8.500248249805265292e-10 7.680215220310352866e-13 5.678624264123766425e-14 3.820847143332246322e-08 0.000000000000000000e+00 0.000000000000000000e+00 0.000000000000000000e+00 0.000000000000000000e+00 0.000000000000000000e+00 0.000000000000000000e+00
2.200000000000000000e+03 6.771376320722255571e+01 1.074690164953533660e-04 0.000000000000000000e+00 2.727026257279225874e-01 0.000000000000000000e+00 7.271893934338565790e-01 4.253383404379988669e-07 2.493635808060712021e-08 9.425141654322926627e-09 0.000000000000000000e+00 6.090770401903319865e-11 0.000000000000000000e+00 0.000000000000000000e+00 0.000000000000000000e+00 1.264329142591287210e-09 1.196560477436124224e-12 8.847224979545669712e-14 5.079536344415629665e-08 0.000000000000000000e+00 0.000000000000000000e+00 0.000000000000000000e+00 0.000000000000000000e+00 0.000000000000000000e+00 0.000000000000000000e+00
2.225000000000000000e+03 6.772169055024205875e+01 1.074689909684057855e-04 0.000000000000000000e+00 2.727025586267207147e-01 0.000000000000000000e+00 7.271893141234436753e-01 5.436861619316389031e-07 3.214271095723317668e-08 1.341901796297855234e-08 0.000000000000000000e+00 8.393360293813692645e-11 0.000000000000000000e+00 0.000000000000000000e+00 0.000000000000000000e+00 1.862627369001621205e-09 1.846167905908267578e-12 1.363860029819211825e-13 6.706243282214105832e-08 0.000000000000000000e+00 0.000000000000000000e+00 0.000000000000000000e+00 0.000000000000000000e+00 0.000000000000000000e+00 0.000000000000000000e+00
2.250000000000000000e+03 6.773082774326793754e+01 1.074689577540306875e-04 0.000000000000000000e+00 2.727024828157495473e-01 0.000000000000000000e+00 7.271892062758640307e-01 6.910124295516130694e-07 4.118709829521038608e-08 1.896532601128182980e-08 0.000000000000000000e+00 1.147542248916972107e-10 0.000000000000000000e+00 0.000000000000000000e+00 0.000000000000000000e+00 2.718752132556629697e-09 2.821885297578740482e-12 2.081129715008235148e-13 8.794924226369978604e-08 0.000000000000000000e+00 0.000000000000000000e+00 0.000000000000000000e+00 0.000000000000000000e+00 0.000000000000000000e+00 0.000000000000000000e+00
2.275000000000000000e+03 6.774132518496213606e+01 1.074689184226403158e-04 0.000000000000000000e+00 2.727023782367861138e-01 0.000000000000000000e+00 7.271890816282772230e-01 8.734322997507513821e-07 5.247528383436927457e-08 2.661563955194229451e-08 0.000000000000000000e+00 1.556996354800129275e-10 0.000000000000000000e+00 0.000000000000000000e+00 0.000000000000000000e+00 3.933026393660552826e-09 4.274527889923775263e-12 3.144522527073459631e-13 1.145999760190780269e-07 0.000000000000000000e+00 0.000000000000000000e+00 0.000000000000000000e+00 0.000000000000000000e+00 0.000000000000000000e+00 0.000000000000000000e+00
2.300000000000000000e+03 6.775334263801781276e+01 1.074688693157672612e-04 0.000000000000000000e+00 2.727022551322754729e-01 0.000000000000000000e+00 7.271889200147446664e-01 1.098137912314572163e-06 6.648828986754659863e-08 3.710011490538572656e-08 0.000000000000000000e+00 2.097028517410412884e-10 0.000000000000000000e+00 0.000000000000000000e+00 0.000000000000000000e+00 5.640622546871615635e-09 6.418885436231366380e-12 4.706394644763941836e-13 1.484001320155080693e-07 0.000000000000000000e+00 0.000000000000000000e+00 0.000000000000000000e+00 0.000000000000000000e+00 0.000000000000000000e+00 0.000000000000000000e+00
2.325000000000000000e+03 6.776705525221154858e+01 1.074688084394547524e-04 0.000000000000000000e+00 2.727021022338681489e-01 0.000000000000000000e+00 7.271887209052507739e-01 1.373547671985167805e-06 8.379355686024809708e-08 5.138005981420275402e-08 0.000000000000000000e+00 2.804308321245824444e-10 0.000000000000000000e+00 0.000000000000000000e+00 0.000000000000000000e+00 8.022204872229304948e-09 9.558485935157244442e-12 6.979826417579688783e-13 1.910182610449599967e-07 0.000000000000000000e+00 0.000000000000000000e+00 0.000000000000000000e+00 0.000000000000000000e+00 0.000000000000000000e+00 0.000000000000000000e+00
2.350000000000000000e+03 6.778265167708806871e+01 1.074687329832330507e-04 0.000000000000000000e+00 2.727019066801823488e-01 0.000000000000000000e+00 7.271884831864767751e-01 1.709470273296911682e-06 1.050572658292022493e-07 7.071456006604997515e-08 0.000000000000000000e+00 3.724381159731645872e-10 0.000000000000000000e+00 0.000000000000000000e+00 0.000000000000000000e+00 1.131736290941731850e-08 1.411905455117781058e-11 1.026032842917690552e-12 2.444533123093453713e-07 0.000000000000000000e+00 0.000000000000000000e+00 0.000000000000000000e+00 0.000000000000000000e+00 0.000000000000000000e+00 0.000000000000000000e+00
2.375000000000000000e+03 6.780033437744552316e+01 1.074686382553864851e-04 0.000000000000000000e+00 2.727016703130655806e-01 0.000000000000000000e+00 7.271881885199087403e-01 2.117283339390724711e-06 1.310579269878211299e-07 9.674456857631660331e-08 0.000000000000000000e+00 4.913458456204019648e-10 0.000000000000000000e+00 0.000000000000000000e+00 0.000000000000000000e+00 1.584144037513134838e-08 2.069340433898867583e-11 1.495441731907143224e-12 3.110879600846308468e-07 0.000000000000000000e+00 0.000000000000000000e+00 0.000000000000000000e+00 0.000000000000000000e+00 0.000000000000000000e+00 0.000000000000000000e+00
2.400000000000000000e+03 6.782032142160502985e+01 1.074685232314959941e-04 0.000000000000000000e+00 2.727013806654968731e-01 0.000000000000000000e+00 7.271878299522439582e-01 2.610127830461027490e-06 1.627012462558004705e-07 1.315985956864762897e-07 0.000000000000000000e+00 6.440491075563316913e-10 0.000000000000000000e+00 0.000000000000000000e+00 0.000000000000000000e+00 2.200646858463918569e-08 3.010128897983135827e-11 2.161695197413792374e-12 3.937485745987778118e-07 0.000000000000000000e+00 0.000000000000000000e+00 0.000000000000000000e+00 0.000000000000000000e+00 0.000000000000000000e+00 0.000000000000000000e+00
2.425000000000000000e+03 6.784284427409971840e+01 1.074683826369991611e-04 0.000000000000000000e+00 2.727010225925798337e-01 0.000000000000000000e+00 7.271873998405545825e-01 3.203118036012127051e-06 2.010363665152556263e-07 1.780250503622202234e-07 0.000000000000000000e+00 8.389557351410865011e-10 0.000000000000000000e+00 0.000000000000000000e+00 0.000000000000000000e+00 3.034702022808510801e-08 4.346867638842887865e-11 3.099956003958962913e-12 4.957722311118545569e-07 0.000000000000000000e+00 0.000000000000000000e+00 0.000000000000000000e+00 0.000000000000000000e+00 0.000000000000000000e+00 0.000000000000000000e+00
2.450000000000000000e+03 6.786815148159884359e+01 1.074682122894301839e-04 0.000000000000000000e+00 2.727005856692611419e-01 0.000000000000000000e+00 7.271868819342078849e-01 3.913567234887496177e-06 2.472734942726161631e-07 2.395572778896346063e-07 0.000000000000000000e+00 1.086259382953690802e-09 0.000000000000000000e+00 0.000000000000000000e+00 0.000000000000000000e+00 4.155192411121849254e-08 6.233211783955646908e-11 4.411300332048151727e-12 6.210813075880633471e-07 0.000000000000000000e+00 0.000000000000000000e+00 0.000000000000000000e+00 0.000000000000000000e+00 0.000000000000000000e+00 0.000000000000000000e+00
2.475000000000000000e+03 6.789650324427805117e+01 1.074680044238003916e-04 0.000000000000000000e+00 2.727000623803435553e-01 0.000000000000000000e+00 7.271862526003961547e-01 4.761230697076757397e-06 3.028029602037349047e-07 3.207186620190940214e-07 0.000000000000000000e+00 1.398250640690879407e-09 0.000000000000000000e+00 0.000000000000000000e+00 0.000000000000000000e+00 5.650291814467866043e-08 8.877532578836609155e-11 6.230695691581068856e-12 7.742663422656341142e-07 0.000000000000000000e+00 0.000000000000000000e+00 0.000000000000000000e+00 0.000000000000000000e+00 0.000000000000000000e+00 0.000000000000000000e+00
2.500000000000000000e+03 6.792817842856325683e+01 1.074677524957869205e-04 0.000000000000000000e+00 2.726994190466593970e-01 0.000000000000000000e+00 7.271855092223074024e-01 5.768563332896064823e-06 3.692157574867028361e-07 4.272764301068609540e-07 0.000000000000000000e+00 1.789669007100460864e-09 0.000000000000000000e+00 0.000000000000000000e+00 0.000000000000000000e+00 7.632144705676320408e-08 1.256068938327187704e-10 8.737137587239938423e-12 9.606775566278293691e-07 0.000000000000000000e+00 0.000000000000000000e+00 0.000000000000000000e+00 0.000000000000000000e+00 0.000000000000000000e+00 0.000000000000000000e+00
2.525000000000000000e+03 6.796346615746365671e+01 1.074674469878321708e-04 0.000000000000000000e+00 2.726986498030431472e-01 0.000000000000000000e+00 7.271846154563176290e-01 6.960995845695673240e-06 4.483255489478488621e-07 5.665547739818128864e-07 0.000000000000000000e+00 2.278099215717291881e-09 0.000000000000000000e+00 0.000000000000000000e+00 0.000000000000000000e+00 1.024249795128073473e-07 1.765902063004342057e-10 1.216644885799648288e-11 1.186525647419875883e-06 0.000000000000000000e+00 0.000000000000000000e+00 0.000000000000000000e+00 0.000000000000000000e+00 0.000000000000000000e+00 0.000000000000000000e+00
2.550000000000000000e+03 6.800267403941897726e+01 1.074670817373327424e-04 0.000000000000000000e+00 2.726977193734782534e-01 0.000000000000000000e+00 7.271835575744894919e-01 8.367223928573996633e-06 5.421921829611257314e-07 7.478193941813106921e-07 0.000000000000000000e+00 2.884415182435094702e-09 0.000000000000000000e+00 0.000000000000000000e+00 0.000000000000000000e+00 1.365943552427578190e-07 2.467392786781453385e-10 1.682733862382641416e-11 1.458992452177782757e-06 0.000000000000000000e+00 0.000000000000000000e+00 0.000000000000000000e+00 0.000000000000000000e+00 0.000000000000000000e+00 0.000000000000000000e+00
2.575000000000000000e+03 6.804612025073996051e+01 1.074666404014377753e-04 0.000000000000000000e+00 2.726966038789038760e-01 0.000000000000000000e+00 7.271823026644712584e-01 1.001951609407274964e-05 6.531466918409271196e-07 9.827483526615780344e-07 0.000000000000000000e+00 3.633274709910616413e-09 0.000000000000000000e+00 0.000000000000000000e+00 0.000000000000000000e+00 1.810538975092721520e-07 3.426973880433803314e-10 2.312143372485530770e-11 1.786352093986922900e-06 0.000000000000000000e+00 0.000000000000000000e+00 0.000000000000000000e+00 0.000000000000000000e+00 0.000000000000000000e+00 0.000000000000000000e+00
2.600000000000000000e+03 6.809413630183180999e+01 1.074661136713776668e-04 0.000000000000000000e+00 2.726952628214379115e-01 0.000000000000000000e+00 7.271808254783826975e-01 1.195403519230051966e-05 7.838178189819664202e-07 1.286006180343918060e-06 0.000000000000000000e+00 4.553668575434079998e-09 0.000000000000000000e+00 0.000000000000000000e+00 0.000000000000000000e+00 2.385660661031816045e-07 4.732191110495178806e-10 3.156811765328202451e-11 2.178102794548976584e-06 0.000000000000000000e+00 0.000000000000000000e+00 0.000000000000000000e+00 0.000000000000000000e+00 0.000000000000000000e+00 0.000000000000000000e+00
2.625000000000000000e+03 6.814706537522715735e+01 1.074654833643098699e-04 0.000000000000000000e+00 2.726936642335309746e-01 0.000000000000000000e+00 7.271790819811481121e-01 1.421117473388787108e-05 9.371599761059480204e-07 1.675941446830812387e-06 0.000000000000000000e+00 5.679525855987591171e-09 0.000000000000000000e+00 0.000000000000000000e+00 0.000000000000000000e+00 3.125427995709708348e-07 6.497809174934034484e-10 4.283515478630220454e-11 2.645110858443403631e-06 0.000000000000000000e+00 0.000000000000000000e+00 0.000000000000000000e+00 0.000000000000000000e+00 0.000000000000000000e+00 0.000000000000000000e+00
2.650000000000000000e+03 6.820526309172889512e+01 1.074647303766568593e-04 0.000000000000000000e+00 2.726917510444024639e-01 0.000000000000000000e+00 7.271770414663529802e-01 1.683590830053725189e-05 1.116482611563459814e-06 2.175430985707651153e-06 0.000000000000000000e+00 7.050380071235147237e-09 0.000000000000000000e+00 0.000000000000000000e+00 0.000000000000000000e+00 4.071756411095388176e-07 8.873506877462979423e-10 5.777624629445671476e-11 3.199765821849419303e-06 0.000000000000000000e+00 0.000000000000000000e+00 0.000000000000000000e+00 0.000000000000000000e+00 0.000000000000000000e+00 0.000000000000000000e+00
2.675000000000000000e+03 6.826909286209061634e+01 1.074638317602204972e-04 0.000000000000000000e+00 2.726894743574152513e-01 0.000000000000000000e+00 7.271746515467197858e-01 1.987815439168421283e-05 1.325481051553622040e-06 2.812897747993270408e-06 0.000000000000000000e+00 8.712096231291052841e-09 0.000000000000000000e+00 0.000000000000000000e+00 0.000000000000000000e+00 5.275871442110944716e-07 1.205352896587611215e-09 7.747683462465183230e-11 3.856148843245775565e-06 0.000000000000000000e+00 0.000000000000000000e+00 0.000000000000000000e+00 0.000000000000000000e+00 0.000000000000000000e+00 0.000000000000000000e+00
2.700000000000000000e+03 6.833892787222760035e+01 1.074627649531196551e-04 0.000000000000000000e+00 2.726867656470473578e-01 0.000000000000000000e+00 7.271718639643616200e-01 2.339315134244274646e-05 1.568268631086416747e-06 3.623533778568165602e-06 0.000000000000000000e+00 1.071766501081139404e-08 0.000000000000000000e+00 0.000000000000000000e+00 0.000000000000000000e+00 6.800060071420162241e-07 1.628873115832670922e-09 1.033096880086276011e-10 4.630214030859331457e-06 0.000000000000000000e+00 0.000000000000000000e+00 0.000000000000000000e+00 0.000000000000000000e+00 0.000000000000000000e+00 0.000000000000000000e+00
2.725000000000000000e+03 6.841514737925933787e+01 1.074614996610680884e-04 0.000000000000000000e+00 2.726835511031613923e-01 0.000000000000000000e+00 7.271686179756430279e-01 2.744184125073860248e-05 1.849410086234330589e-06 4.650763283199255515e-06 0.000000000000000000e+00 1.312806042118253995e-08 0.000000000000000000e+00 0.000000000000000000e+00 0.000000000000000000e+00 8.719687290493936020e-07 2.190154488356357252e-09 1.370019872009275816e-10 5.539982968538213576e-06 0.000000000000000000e+00 0.000000000000000000e+00 0.000000000000000000e+00 0.000000000000000000e+00 0.000000000000000000e+00 0.000000000000000000e+00
2.750000000000000000e+03 6.849813663354049709e+01 1.074599954688920125e-04 0.000000000000000000e+00 2.726797408948282708e-01 0.000000000000000000e+00 7.271648484691634051e-01 3.209126903622119972e-05 2.173956132624963319e-06 5.947987015868716637e-06 0.000000000000000000e+00 1.601316953588602513e-08 0.000000000000000000e+00 0.000000000000000000e+00 0.000000000000000000e+00 1.112550499466395455e-06 2.930447936641031159e-09 1.807159412427260954e-10 6.605753522018543343e-06 0.000000000000000000e+00 0.000000000000000000e+00 0.000000000000000000e+00 0.000000000000000000e+00 0.000000000000000000e+00 0.000000000000000000e+00
2.775000000000000000e+03 6.858828560748246161e+01 1.074582175891481155e-04 0.000000000000000000e+00 2.726752285318086999e-01 0.000000000000000000e+00 7.271604835928748845e-01 3.741498140951250647e-05 2.547479136065927414e-06 7.580653641009553660e-06 0.000000000000000000e+00 1.945278825746069437e-08 0.000000000000000000e+00 0.000000000000000000e+00 0.000000000000000000e+00 1.412628679206864494e-06 3.902289772717271131e-09 2.371451522665157801e-10 7.850322638218436451e-06 0.000000000000000000e+00 0.000000000000000000e+00 0.000000000000000000e+00 0.000000000000000000e+00 0.000000000000000000e+00 0.000000000000000000e+00
2.800000000000000000e+03 6.868598521607860619e+01 1.074561165507082079e-04 0.000000000000000000e+00 2.726698928507471642e-01 0.000000000000000000e+00 7.271554393432702046e-01 4.349344331866375279e-05 2.976110049688777657e-06 9.628710262022124484e-06 0.000000000000000000e+00 2.353769044522995066e-08 0.000000000000000000e+00 0.000000000000000000e+00 0.000000000000000000e+00 1.785181385332625388e-06 5.172292110781096957e-09 3.096292868984825565e-10 9.299224804504335726e-06 0.000000000000000000e+00 0.000000000000000000e+00 0.000000000000000000e+00 0.000000000000000000e+00 0.000000000000000000e+00 0.000000000000000000e+00
2.825000000000000000e+03 6.879162920158462668e+01 1.074536337936574381e-04 0.000000000000000000e+00 2.726635988640759289e-01 0.000000000000000000e+00 7.271496147830162071e-01 5.041444765630020091e-05 3.466575601731355233e-06 1.218949033509721156e-05 0.000000000000000000e+00 2.837076716990987417e-08 0.000000000000000000e+00 0.000000000000000000e+00 0.000000000000000000e+00 2.245624956299964905e-06 6.824547552238648127e-09 4.022898777691009153e-10 1.098098296019021777e-05 0.000000000000000000e+00 0.000000000000000000e+00 0.000000000000000000e+00 0.000000000000000000e+00 0.000000000000000000e+00 0.000000000000000000e+00
2.850000000000000000e+03 6.890560974440282394e+01 1.074507054095830372e-04 0.000000000000000000e+00 2.726561668371023650e-01 0.000000000000000000e+00 7.271429184562738790e-01 5.827353487961431014e-05 4.026237084246476360e-06 1.538110478873717024e-05 0.000000000000000000e+00 3.406823567919414617e-08 0.000000000000000000e+00 0.000000000000000000e+00 0.000000000000000000e+00 2.812193358117447672e-06 8.964764627319981257e-09 5.201905362153949249e-10 1.292737791275208184e-05 0.000000000000000000e+00 0.000000000000000000e+00 0.000000000000000000e+00 0.000000000000000000e+00 0.000000000000000000e+00 0.000000000000000000e+00
2.875000000000000000e+03 6.902831864960168673e+01 1.074472555526450479e-04 0.000000000000000000e+00 2.726474110915613203e-01 0.000000000000000000e+00 7.271352244523218156e-01 6.717441459589739902e-05 4.663128849203212754e-06 1.934640898727998045e-05 0.000000000000000000e+00 4.076091833142893477e-08 0.000000000000000000e+00 0.000000000000000000e+00 0.000000000000000000e+00 3.506362353946119415e-06 1.172526916012930442e-08 6.695249281595458017e-10 1.517373006531132970e-05 0.000000000000000000e+00 0.000000000000000000e+00 0.000000000000000000e+00 0.000000000000000000e+00 0.000000000000000000e+00 0.000000000000000000e+00
2.900000000000000000e+03 6.916014400893833169e+01 1.074431942714896638e-04 0.000000000000000000e+00 2.726371026136775733e-01 0.000000000000000000e+00 7.271264039394571554e-01 7.722938549525196011e-05 5.385998276701039904e-06 2.425762420283256136e-05 0.000000000000000000e+00 4.859559028387627186e-08 0.000000000000000000e+00 0.000000000000000000e+00 0.000000000000000000e+00 4.353323161004753495e-06 1.527102975001199109e-08 8.578367048134279768e-10 1.775919700115149668e-05 0.000000000000000000e+00 0.000000000000000000e+00 0.000000000000000000e+00 0.000000000000000000e+00 0.000000000000000000e+00 0.000000000000000000e+00
2.925000000000000000e+03 6.930147191376643434e+01 1.074384170009034904e-04 0.000000000000000000e+00 2.726249848789278896e-01 0.000000000000000000e+00 7.271163026751767955e-01 8.855974496537462966e-05 6.204345117339800093e-06 3.032170714819997837e-05 0.000000000000000000e+00 5.773639471971626686e-08 0.000000000000000000e+00 0.000000000000000000e+00 0.000000000000000000e+00 5.382506639706612432e-06 1.980688153356274439e-08 1.094275223217960136e-09 2.072708747227153549e-05 0.000000000000000000e+00 0.000000000000000000e+00 0.000000000000000000e+00 0.000000000000000000e+00 0.000000000000000000e+00 0.000000000000000000e+00
2.950000000000000000e+03 6.945268334865227189e+01 1.074328058946269758e-04 0.000000000000000000e+00 2.726107482799937087e-01 0.000000000000000000e+00 7.271047589975789815e-01 1.012962035800111800e-04 7.128461505090403861e-06 3.778655678306891679e-05 0.000000000000000000e+00 6.836631579527372452e-08 0.000000000000000000e+00 0.000000000000000000e+00 0.000000000000000000e+00 6.628163480977406563e-06 2.558616181970914667e-08 1.389892419441295405e-09 2.412518881354835032e-05 0.000000000000000000e+00 0.000000000000000000e+00 0.000000000000000000e+00 0.000000000000000000e+00 0.000000000000000000e+00 0.000000000000000000e+00
2.975000000000000000e+03 6.961415835029278298e+01 1.074262204653393281e-04 0.000000000000000000e+00 2.725940348941117697e-01 0.000000000000000000e+00 7.270915904684135400e-01 1.155792915673685824e-04 8.169471478430432039e-06 4.694817575770182753e-05 0.000000000000000000e+00 8.068872011659383920e-08 0.000000000000000000e+00 0.000000000000000000e+00 0.000000000000000000e+00 8.130001693305563941e-06 3.292097678599978284e-08 1.757985146525300193e-09 2.800610883030706330e-05 0.000000000000000000e+00 0.000000000000000000e+00 0.000000000000000000e+00 0.000000000000000000e+00 0.000000000000000000e+00 0.000000000000000000e+00
3.000000000000000000e+03 6.978627085808207653e+01 1.074184988835746494e-04 0.000000000000000000e+00 2.725744359931218663e-01 0.000000000000000000e+00 7.270765866540573885e-01 1.315597378295816440e-04 9.339370459974318694e-06 5.815889180393698680e-05 0.000000000000000000e+00 9.492893745895516647e-08 0.000000000000000000e+00 0.000000000000000000e+00 0.000000000000000000e+00 9.933885325753061317e-06 4.219437652238347073e-08 2.214489255214329074e-09 3.242763071474473382e-05 0.000000000000000000e+00 0.000000000000000000e+00 0.000000000000000000e+00 0.000000000000000000e+00 0.000000000000000000e+00 0.000000000000000000e+00
3.025000000000000000e+03 6.996939571047438733e+01 1.074094499272482101e-04 0.000000000000000000e+00 2.725514797144276136e-01 0.000000000000000000e+00 7.270595104817072496e-01 1.493988525648973372e-04 1.065106364779035493e-05 7.183676851270754087e-05 0.000000000000000000e+00 1.113359064118793014e-07 0.000000000000000000e+00 0.000000000000000000e+00 0.000000000000000000e+00 1.209259600510523947e-05 5.387472000670889907e-08 2.778430468413077274e-09 3.745308415025217110e-05 0.000000000000000000e+00 0.000000000000000000e+00 0.000000000000000000e+00 0.000000000000000000e+00 0.000000000000000000e+00 0.000000000000000000e+00
3.050000000000000000e+03 7.016390637659026197e+01 1.073988588038102292e-04 0.000000000000000000e+00 2.725246089247210790e-01 0.000000000000000000e+00 7.270401080137152139e-01 1.692688844808292142e-04 1.211840341467855787e-05 8.847634012168470712e-05 0.000000000000000000e+00 1.301838475596108161e-07 0.000000000000000000e+00 0.000000000000000000e+00 0.000000000000000000e+00 1.466666078321600976e-05 6.853257677091834772e-08 3.472439522367571639e-09 4.315172509540454357e-05 0.000000000000000000e+00 0.000000000000000000e+00 0.000000000000000000e+00 0.000000000000000000e+00 0.000000000000000000e+00 0.000000000000000000e+00
3.075000000000000000e+03 7.037017880434027006e+01 1.073864761401926537e-04 0.000000000000000000e+00 2.724931828290494962e-01 0.000000000000000000e+00 7.270180929937251069e-01 1.913533366574742055e-04 1.375622637936069858e-05 1.086608119538936802e-04 0.000000000000000000e+00 1.517739773766386948e-07 0.000000000000000000e+00 0.000000000000000000e+00 0.000000000000000000e+00 1.772524527861565601e-05 8.686051416644473689e-08 4.323336727900586856e-09 4.959912298763113745e-05 0.000000000000000000e+00 0.000000000000000000e+00 0.000000000000000000e+00 0.000000000000000000e+00 0.000000000000000000e+00 0.000000000000000000e+00
3.100000000000000000e+03 7.058859369044354537e+01 1.073720083777805127e-04 0.000000000000000000e+00 2.724564689503312098e-01 0.000000000000000000e+00 7.269931393101576322e-01 2.158472810536255448e-04 1.558038557358283068e-05 1.330758861477822103e-04 0.000000000000000000e+00 1.764362274315581601e-07 0.000000000000000000e+00 0.000000000000000000e+00 0.000000000000000000e+00 2.134711779354151980e-05 1.096961987789601207e-07 5.362794388231472713e-09 5.687756534430042432e-05 0.000000000000000000e+00 0.000000000000000000e+00 0.000000000000000000e+00 0.000000000000000000e+00 0.000000000000000000e+00 0.000000000000000000e+00
3.125000000000000000e+03 7.081954279803585450e+01 1.073551223743893538e-04 0.000000000000000000e+00 2.724136231399180708e-01 0.000000000000000000e+00 7.269648836501989564e-01 2.429576147816503093e-04 1.760778349758094428e-05 1.625253433578897888e-04 0.000000000000000000e+00 2.045309854949908793e-07 0.000000000000000000e+00 0.000000000000000000e+00 0.000000000000000000e+00 2.562167848704581711e-05 1.380492431377154098e-07 6.628083241411338132e-09 6.507645907254729512e-05 0.000000000000000000e+00 0.000000000000000000e+00 0.000000000000000000e+00 0.000000000000000000e+00 0.000000000000000000e+00 0.000000000000000000e+00
3.150000000000000000e+03 7.106343055671814568e+01 1.073354375418208100e-04 0.000000000000000000e+00 2.723636711683007916e-01 0.000000000000000000e+00 7.269329245913326298e-01 2.729032729313166116e-04 1.985640084438784479e-05 1.979485835124106274e-04 0.000000000000000000e+00 2.364508327526427490e-07 0.000000000000000000e+00 0.000000000000000000e+00 0.000000000000000000e+00 3.065005875159211227e-05 1.731323156684475606e-07 8.162911296192495800e-09 7.429274072533690188e-05 0.000000000000000000e+00 0.000000000000000000e+00 0.000000000000000000e+00 0.000000000000000000e+00 0.000000000000000000e+00 0.000000000000000000e+00
3.175000000000000000e+03 7.132068255071625629e+01 1.073125079898111777e-04 0.000000000000000000e+00 2.723054916320166718e-01 0.000000000000000000e+00 7.268968182880064521e-01 3.059153746322682693e-04 2.234531781519766202e-05 2.404402765998082112e-04 0.000000000000000000e+00 2.726222173997369342e-07 0.000000000000000000e+00 0.000000000000000000e+00 0.000000000000000000e+00 3.654628483608166739e-05 2.163970032950134358e-07 1.001836062122867216e-08 8.463128052230275760e-05 0.000000000000000000e+00 0.000000000000000000e+00 0.000000000000000000e+00 0.000000000000000000e+00 0.000000000000000000e+00 0.000000000000000000e+00
3.200000000000000000e+03 7.159175100462778119e+01 1.072858323082865142e-04 0.000000000000000000e+00 2.722377981006273706e-01 0.000000000000000000e+00 7.268560726050217191e-01 3.422373373881039014e-04 2.509473640367744136e-05 2.912722643634022349e-04 0.000000000000000000e+00 3.135071391116514932e-07 0.000000000000000000e+00 0.000000000000000000e+00 0.000000000000000000e+00 4.343850355111273325e-05 2.695750601273930500e-07 1.225393229594702014e-08 9.620528420502094506e-05 0.000000000000000000e+00 0.000000000000000000e+00 0.000000000000000000e+00 0.000000000000000000e+00 0.000000000000000000e+00 0.000000000000000000e+00
3.225000000000000000e+03 7.187712088243435460e+01 1.072548346009713006e-04 0.000000000000000000e+00 2.721591409217212210e-01 0.000000000000000000e+00 7.268101192141358524e-01 3.821248652818340472e-04 2.812599295365538401e-05 3.519179414832022024e-04 0.000000000000000000e+00 3.596046997455764159e-07 0.000000000000000000e+00 0.000000000000000000e+00 0.000000000000000000e+00 5.147027129985107431e-05 3.347255936629571054e-07 1.493870447181217196e-08 1.091366895255417189e-04 0.000000000000000000e+00 0.000000000000000000e+00 0.000000000000000000e+00 0.000000000000000000e+00 0.000000000000000000e+00 0.000000000000000000e+00
3.250000000000000000e+03 7.217732306911398155e+01 1.072188519159803893e-04 0.000000000000000000e+00 2.720678384129357474e-01 0.000000000000000000e+00 7.267583538319407621e-01 4.258458301411265751e-04 3.146155875646951494e-05 4.240792153020979849e-04 0.000000000000000000e+00 4.114525735403318574e-07 0.000000000000000000e+00 0.000000000000000000e+00 0.000000000000000000e+00 6.080187836393481193e-05 4.142888911770376018e-07 1.815261001731601555e-08 1.235565265691728214e-04 0.000000000000000000e+00 0.000000000000000000e+00 0.000000000000000000e+00 0.000000000000000000e+00 0.000000000000000000e+00 0.000000000000000000e+00
3.275000000000000000e+03 7.249294027093019110e+01 1.071771369389407850e-04 0.000000000000000000e+00 2.719619838610424223e-01 0.000000000000000000e+00 7.267000979301171393e-01 4.736800988281623741e-04 3.512504303025585180e-05 5.097161686833070245e-04 0.000000000000000000e+00 4.696283605628455424e-07 0.000000000000000000e+00 0.000000000000000000e+00 0.000000000000000000e+00 7.161173186866138022e-05 5.111475143705170425e-07 2.198783990182380918e-08 1.396052657760094658e-04 0.000000000000000000e+00 0.000000000000000000e+00 0.000000000000000000e+00 0.000000000000000000e+00 0.000000000000000000e+00 0.000000000000000000e+00
3.300000000000000000e+03 7.282461829869393455e+01 1.071288407517966820e-04 0.000000000000000000e+00 2.718394294751440010e-01 0.000000000000000000e+00 7.266345808018092045e-01 5.259191615435538335e-04 3.914117127739897840e-05 6.110796690380739058e-04 0.000000000000000000e+00 5.347506682588131754e-07 0.000000000000000000e+00 0.000000000000000000e+00 0.000000000000000000e+00 8.409775314528945183e-05 6.286953885372910083e-07 2.655037843265670449e-08 1.574331308554704839e-04 0.000000000000000000e+00 0.000000000000000000e+00 0.000000000000000000e+00 0.000000000000000000e+00 0.000000000000000000e+00 0.000000000000000000e+00
3.325000000000000000e+03 7.317308158311223565e+01 1.070729904836666640e-04 0.000000000000000000e+00 2.716977136083915667e-01 0.000000000000000000e+00 7.265609758576423438e-01 5.828655659743224322e-04 4.353576003403074270e-05 7.307467350228366489e-04 0.000000000000000000e+00 6.074800844158845722e-07 0.000000000000000000e+00 0.000000000000000000e+00 0.000000000000000000e+00 9.847879034526623072e-05 7.709154825019815225e-07 3.196166692796459419e-08 1.772003348720956539e-04 0.000000000000000000e+00 0.000000000000000000e+00 0.000000000000000000e+00 0.000000000000000000e+00 0.000000000000000000e+00 0.000000000000000000e+00
3.350000000000000000e+03 7.353914590819792352e+01 1.070084983371155538e-04 0.000000000000000000e+00 2.715340645214905368e-01 0.000000000000000000e+00 7.264783574245042841e-01 6.448322155677825053e-04 4.833566906439599889e-05 8.716590424322990995e-04 0.000000000000000000e+00 6.885196770870168264e-07 0.000000000000000000e+00 0.000000000000000000e+00 0.000000000000000000e+00 1.149960094035056517e-04 9.424669117344192943e-07 3.836040463632326158e-08 1.990772722068620906e-04 0.000000000000000000e+00 0.000000000000000000e+00 0.000000000000000000e+00 0.000000000000000000e+00 0.000000000000000000e+00 0.000000000000000000e+00
3.375000000000000000e+03 7.392372779725582177e+01 1.069341317842702942e-04 0.000000000000000000e+00 2.713453575587869149e-01 0.000000000000000000e+00 7.263857017365563662e-01 7.121414011204831940e-04 5.356873840878374315e-05 1.037164197440433935e-03 0.000000000000000000e+00 7.786153886654578483e-07 0.000000000000000000e+00 0.000000000000000000e+00 0.000000000000000000e+00 1.339142862260071212e-04 1.148781865750127173e-06 4.590447966389688262e-08 2.232446479425575917e-04 0.000000000000000000e+00 0.000000000000000000e+00 0.000000000000000000e+00 0.000000000000000000e+00 0.000000000000000000e+00 0.000000000000000000e+00
3.400000000000000000e+03 7.432787156865713030e+01 1.068485033900521265e-04 0.000000000000000000e+00 2.711280796453938713e-01 0.000000000000000000e+00 7.262818784439936115e-01 7.851235572839493316e-04 5.926370662300937134e-05 1.231059767128401443e-03 0.000000000000000000e+00 8.785556095858679735e-07 0.000000000000000000e+00 0.000000000000000000e+00 0.000000000000000000e+00 1.555234641090507731e-04 1.396172993298894044e-06 5.477301501547998867e-08 2.498934104599689118e-04 0.000000000000000000e+00 0.000000000000000000e+00 0.000000000000000000e+00 0.000000000000000000e+00 0.000000000000000000e+00 0.000000000000000000e+00
3.425000000000000000e+03 7.475275827786248328e+01 1.067500568196175123e-04 0.000000000000000000e+00 2.708782692787774504e-01 0.000000000000000000e+00 7.261656645331523441e-01 8.641156106571370966e-04 6.545008509801142002e-05 1.457639908312103206e-03 0.000000000000000000e+00 9.891706248038306106e-07 0.000000000000000000e+00 0.000000000000000000e+00 0.000000000000000000e+00 1.801395633122320698e-04 1.691951715837169600e-06 6.516853301491253727e-08 2.792246729976895952e-04 0.000000000000000000e+00 0.000000000000000000e+00 0.000000000000000000e+00 0.000000000000000000e+00 0.000000000000000000e+00 0.000000000000000000e+00
3.450000000000000000e+03 7.519972882374790402e+01 1.066370524752928309e-04 0.000000000000000000e+00 2.705915218161192293e-01 0.000000000000000000e+00 7.260356915897341334e-01 9.494591484707618802e-04 7.215803052147701105e-05 1.721743981335572020e-03 0.000000000000000000e+00 1.111331021274071523e-06 0.000000000000000000e+00 0.000000000000000000e+00 0.000000000000000000e+00 2.081058001957100819e-04 2.044557508928895610e-06 7.731921515590169937e-08 3.114493734024539689e-04 0.000000000000000000e+00 0.000000000000000000e+00 0.000000000000000000e+00 0.000000000000000000e+00 0.000000000000000000e+00 0.000000000000000000e+00
3.475000000000000000e+03 7.567030534967551603e+01 1.065075501122787841e-04 0.000000000000000000e+00 2.702629070514593890e-01 0.000000000000000000e+00 7.258904802522193611e-01 1.041497976447830530e-03 7.941815128248433321e-05 2.028806709302234754e-03 0.000000000000000000e+00 1.245945668436144748e-06 0.000000000000000000e+00 0.000000000000000000e+00 0.000000000000000000e+00 2.397934132454909132e-04 2.463698030380811686e-06 9.148121469937332566e-08 3.467877710175479148e-04 0.000000000000000000e+00 0.000000000000000000e+00 0.000000000000000000e+00 0.000000000000000000e+00 0.000000000000000000e+00 0.000000000000000000e+00
3.500000000000000000e+03 7.616621280619153822e+01 1.063593905063508642e-04 0.000000000000000000e+00 2.698869545175772156e-01 0.000000000000000000e+00 7.257284071879244181e-01 1.140575235640818065e-03 8.726129913544405274e-05 2.384909058363862081e-03 0.000000000000000000e+00 1.393958443596144369e-06 0.000000000000000000e+00 0.000000000000000000e+00 0.000000000000000000e+00 2.756021838368849595e-04 2.960500151942606307e-06 1.079410161908772786e-07 3.854687274033098167e-04 0.000000000000000000e+00 0.000000000000000000e+00 0.000000000000000000e+00 0.000000000000000000e+00 0.000000000000000000e+00 0.000000000000000000e+00
3.525000000000000000e+03 7.668940716146481407e+01 1.061901843274348241e-04 0.000000000000000000e+00 2.694575954001714457e-01 0.000000000000000000e+00 7.255477174374878047e-01 1.247029951210293667e-03 9.571829193495835200e-05 2.796828412878888098e-03 0.000000000000000000e+00 1.556344256113013100e-06 0.000000000000000000e+00 0.000000000000000000e+00 0.000000000000000000e+00 3.159606423434681874e-04 3.547670276453991553e-06 1.270177725835373818e-07 4.277286473404563532e-04 0.000000000000000000e+00 0.000000000000000000e+00 0.000000000000000000e+00 0.000000000000000000e+00 0.000000000000000000e+00 0.000000000000000000e+00
3.550000000000000000e+03 7.724209429992862397e+01 1.059972984241802190e-04 0.000000000000000000e+00 2.689681417755386272e-01 0.000000000000000000e+00 7.253465019713500883e-01 1.361193122675972804e-03 1.048196116447191263e-04 3.272087477644894903e-03 0.000000000000000000e+00 1.734103454195088290e-06 0.000000000000000000e+00 0.000000000000000000e+00 0.000000000000000000e+00 3.613257578475318138e-04 4.239663489213627901e-06 1.490655700755093822e-07 4.738101523602658615e-04 0.000000000000000000e+00 0.000000000000000000e+00 0.000000000000000000e+00 0.000000000000000000e+00 0.000000000000000000e+00 0.000000000000000000e+00
3.575000000000000000e+03 7.782676837035744200e+01 1.057778321572811533e-04 0.000000000000000000e+00 2.684112518495719302e-01 0.000000000000000000e+00 7.251226955283083253e-01 1.483382842134928084e-03 1.145950115511400728e-04 3.818998830057898381e-03 0.000000000000000000e+00 1.928255306664127725e-06 0.000000000000000000e+00 0.000000000000000000e+00 0.000000000000000000e+00 4.121821616424822549e-04 5.052857995650886934e-06 1.744755491007443106e-07 5.239603557242651123e-04 0.000000000000000000e+00 0.000000000000000000e+00 0.000000000000000000e+00 0.000000000000000000e+00 0.000000000000000000e+00 0.000000000000000000e+00
3.600000000000000000e+03 7.844623109799836413e+01 1.055286279677720578e-04 0.000000000000000000e+00 2.677788874629689064e-01 0.000000000000000000e+00 7.248740891683314036e-01 1.613898939241524295e-03 1.250730916761511676e-04 4.446704154202931782e-03 0.000000000000000000e+00 2.139829229082280648e-06 0.000000000000000000e+00 0.000000000000000000e+00 0.000000000000000000e+00 4.690406879755132505e-04 6.005734614187821444e-06 2.036778064579045457e-07 5.784286259859881688e-04 0.000000000000000000e+00 0.000000000000000000e+00 0.000000000000000000e+00 0.000000000000000000e+00 0.000000000000000000e+00 0.000000000000000000e+00
3.625000000000000000e+03 7.910363126578901927e+01 1.052462304954476948e-04 0.000000000000000000e+00 2.670623092189753356e-01 0.000000000000000000e+00 7.245983159410230856e-01 1.753016630009694406e-03 1.362807932130832866e-04 5.165205123539941268e-03 0.000000000000000000e+00 2.369855006360959712e-06 0.000000000000000000e+00 0.000000000000000000e+00 0.000000000000000000e+00 5.324360556719531139e-04 7.119053313654198802e-06 2.371429017774466028e-07 6.374639558496641815e-04 0.000000000000000000e+00 0.000000000000000000e+00 0.000000000000000000e+00 0.000000000000000000e+00 0.000000000000000000e+00 0.000000000000000000e+00
3.650000000000000000e+03 7.980249218984960180e+01 1.049269205447170099e-04 0.000000000000000000e+00 2.662520635891963972e-01 0.000000000000000000e+00 7.242928588420027847e-01 1.900979573630541628e-03 1.482428057129404658e-04 5.985382030583878341e-03 0.000000000000000000e+00 2.619350508885620277e-06 0.000000000000000000e+00 0.000000000000000000e+00 0.000000000000000000e+00 6.029237717865271575e-04 8.416026197195947974e-06 2.753829995164917280e-07 7.013117068364304587e-04 0.000000000000000000e+00 0.000000000000000000e+00 0.000000000000000000e+00 0.000000000000000000e+00 0.000000000000000000e+00 0.000000000000000000e+00
3.675000000000000000e+03 8.054674814898578461e+01 1.045666931649589588e-04 0.000000000000000000e+00 2.653379829739082041e-01 0.000000000000000000e+00 7.239550635296519987e-01 2.057991858437256509e-03 1.609809315976214129e-04 6.918997559242691733e-03 0.000000000000000000e+00 2.889307309918085626e-06 0.000000000000000000e+00 0.000000000000000000e+00 0.000000000000000000e+00 6.810759086988837788e-04 9.922477954979346844e-06 3.189522779691274346e-07 7.702098077554728585e-04 0.000000000000000000e+00 0.000000000000000000e+00 0.000000000000000000e+00 0.000000000000000000e+00 0.000000000000000000e+00 0.000000000000000000e+00
3.700000000000000000e+03 8.134078345064145310e+01 1.041612679858903496e-04 0.000000000000000000e+00 2.643092124464398451e-01 0.000000000000000000e+00 7.235821469192328381e-01 2.224209241637794838e-03 1.745133556143133068e-04 7.978680767046778671e-03 0.000000000000000000e+00 3.180674501978824108e-06 0.000000000000000000e+00 0.000000000000000000e+00 0.000000000000000000e+00 7.674756683189263434e-04 1.166698592610491375e-05 3.684466955444298138e-07 8.443842265997682445e-04 0.000000000000000000e+00 0.000000000000000000e+00 0.000000000000000000e+00 0.000000000000000000e+00 0.000000000000000000e+00 0.000000000000000000e+00
3.725000000000000000e+03 8.218946024954981056e+01 1.037061114717603428e-04 0.000000000000000000e+00 2.631542569002905951e-01 0.000000000000000000e+00 7.231712110493310197e-01 2.399729616199855649e-03 1.888538428138108777e-04 9.177888010923476031e-03 0.000000000000000000e+00 3.494339622057720312e-06 0.000000000000000000e+00 0.000000000000000000e+00 0.000000000000000000e+00 8.627107711613786088e-04 1.368099218074802832e-05 4.245026913744193110e-07 9.240438633137485489e-04 0.000000000000000000e+00 0.000000000000000000e+00 0.000000000000000000e+00 0.000000000000000000e+00 0.000000000000000000e+00 0.000000000000000000e+00
3.750000000000000000e+03 8.309816210799343139e+01 1.031964686276766550e-04 0.000000000000000000e+00 2.618610394603556601e-01 0.000000000000000000e+00 7.227192787713024869e-01 2.584582972269738876e-03 2.040108872679981613e-04 1.053083376098954901e-02 0.000000000000000000e+00 3.831107758494287796e-06 0.000000000000000000e+00 0.000000000000000000e+00 0.000000000000000000e+00 9.673653284777682928e-04 1.599887906307840074e-05 4.877948678427632944e-07 1.009374569019916203e-03 0.000000000000000000e+00 0.000000000000000000e+00 0.000000000000000000e+00 0.000000000000000000e+00 0.000000000000000000e+00 0.000000000000000000e+00
3.775000000000000000e+03 8.407282899732436476e+01 1.026273923752735943e-04 0.000000000000000000e+00 2.604170102245320084e-01 0.000000000000000000e+00 7.222233137124314251e-01 2.778720580577528042e-03 2.199867998787297704e-04 1.205238949827762071e-02 0.000000000000000000e+00 4.191678087620141467e-06 0.000000000000000000e+00 0.000000000000000000e+00 0.000000000000000000e+00 1.082010238922511769e-03 1.865798949027665929e-05 5.590323127526215626e-07 1.100532853114436285e-03 0.000000000000000000e+00 0.000000000000000000e+00 0.000000000000000000e+00 0.000000000000000000e+00 0.000000000000000000e+00 0.000000000000000000e+00
3.800000000000000000e+03 8.511999338723553876e+01 1.019937959165033155e-04 0.000000000000000000e+00 2.588092557945645966e-01 0.000000000000000000e+00 7.216802831695043885e-01 2.982003975959494207e-03 2.367767429546711302e-04 1.375794169356289037e-02 0.000000000000000000e+00 4.576618418904866710e-06 0.000000000000000000e+00 0.000000000000000000e+00 0.000000000000000000e+00 1.207192111326393143e-03 2.169858754189636212e-05 6.389533289906772838e-07 1.197638556921127272e-03 0.000000000000000000e+00 0.000000000000000000e+00 0.000000000000000000e+00 0.000000000000000000e+00 0.000000000000000000e+00 0.000000000000000000e+00
