# T Ptot H He C N O Na K Si Ar Ti V S Cl Mg Al Ca Fe Cr Li Cs Rb F P
1.500000000000000000e+03 1.367626066998187007e+01 2.146798640850144380e-01 0.000000000000000000e+00 7.564023505837931260e-01 0.000000000000000000e+00 1.644478110947145827e-02 1.770511591473930275e-04 7.566141085657180814e-06 4.064092539831012409e-03 0.000000000000000000e+00 1.701535930460176099e-10 0.000000000000000000e+00 0.000000000000000000e+00 0.000000000000000000e+00 1.975434952742673742e-04 6.536998081659971780e-09 1.156733580035941897e-10 8.026744063557652784e-03 0.000000000000000000e+00 0.000000000000000000e+00 0.000000000000000000e+00 0.000000000000000000e+00 0.000000000000000000e+00 0.000000000000000000e+00
1.525000000000000000e+03 1.402063590424291561e+01 2.129992355812790061e-01 0.000000000000000000e+00 7.504808382423437951e-01 0.000000000000000000e+00 2.094723823412555919e-02 2.190883435293431694e-04 9.514811470799449433e-06 5.488862124990865482e-03 0.000000000000000000e+00 2.598740190361737230e-10 0.000000000000000000e+00 0.000000000000000000e+00 0.000000000000000000e+00 2.644784427903919830e-04 1.058704665281992315e-08 1.839643682329231699e-10 9.590733188585167171e-03 0.000000000000000000e+00 0.000000000000000000e+00 0.000000000000000000e+00 0.000000000000000000e+00 0.000000000000000000e+00 0.000000000000000000e+00
1.550000000000000000e+03 1.443358115992155000e+01 2.109807375940946639e-01 0.000000000000000000e+00 7.433688860433902423e-01 0.000000000000000000e+00 2.639427266319901988e-02 2.684543478384994334e-04 1.184170556380919981e-05 7.278332966958300093e-03 0.000000000000000000e+00 3.897501523267249767e-10 0.000000000000000000e+00 0.000000000000000000e+00 0.000000000000000000e+00 3.491857996999339435e-04 1.681996872296975610e-08 2.869385055958399633e-10 1.134827138259803837e-02 0.000000000000000000e+00 0.000000000000000000e+00 0.000000000000000000e+00 0.000000000000000000e+00 0.000000000000000000e+00 0.000000000000000000e+00
1.575000000000000000e+03 1.492512914398654900e+01 2.085896720155855366e-01 0.000000000000000000e+00 7.349441949428477949e-01 0.000000000000000000e+00 3.288892409082427165e-02 3.257851027369231206e-04 1.458839291113324693e-05 9.481927802908955705e-03 0.000000000000000000e+00 5.743648979064868097e-10 0.000000000000000000e+00 0.000000000000000000e+00 0.000000000000000000e+00 4.548126974322297205e-04 2.622924625227147707e-08 4.392239106061193903e-10 1.330006771191793655e-02 0.000000000000000000e+00 0.000000000000000000e+00 0.000000000000000000e+00 0.000000000000000000e+00 0.000000000000000000e+00 0.000000000000000000e+00
1.600000000000000000e+03 1.550517675360482883e+01 2.057991562108204553e-01 0.000000000000000000e+00 7.251121232980409781e-01 0.000000000000000000e+00 4.051243443149062096e-02 3.916240849168814995e-04 1.779337789625567016e-05 1.214090041655257329e-02 0.000000000000000000e+00 8.321372599628615324e-10 0.000000000000000000e+00 0.000000000000000000e+00 0.000000000000000000e+00 5.846056397451451824e-04 4.016699486048792304e-08 6.602044003980608294e-10 1.544132088120072493e-02 0.000000000000000000e+00 0.000000000000000000e+00 0.000000000000000000e+00 0.000000000000000000e+00 0.000000000000000000e+00 0.000000000000000000e+00
1.625000000000000000e+03 1.618271766760187091e+01 2.025949411511448195e-01 0.000000000000000000e+00 7.138223656947005891e-01 0.000000000000000000e+00 4.931017274845622689e-02 4.663921469064409402e-04 2.149036977112400121e-05 1.528165231707602663e-02 0.000000000000000000e+00 1.185760869290830967e-09 0.000000000000000000e+00 0.000000000000000000e+00 0.000000000000000000e+00 7.417821484051485966e-04 6.043036880318934796e-08 9.749811785145064165e-10 1.776114083242869707e-02 0.000000000000000000e+00 0.000000000000000000e+00 0.000000000000000000e+00 0.000000000000000000e+00 0.000000000000000000e+00 0.000000000000000000e+00
1.650000000000000000e+03 1.696476380490008751e+01 1.989805612296623449e-01 0.000000000000000000e+00 7.010875052520777473e-01 0.000000000000000000e+00 5.927590243173246759e-02 5.503688097789887369e-04 2.570694911935868571e-05 1.890799924345078903e-02 0.000000000000000000e+00 1.662488114675049017e-09 0.000000000000000000e+00 0.000000000000000000e+00 0.000000000000000000e+00 9.293891348666005010e-04 8.935144829698660036e-08 1.415334419120926372e-09 2.024247452004089565e-02 0.000000000000000000e+00 0.000000000000000000e+00 0.000000000000000000e+00 0.000000000000000000e+00 0.000000000000000000e+00 0.000000000000000000e+00
1.675000000000000000e+03 1.785494057314892657e+01 1.949825277443933691e-01 0.000000000000000000e+00 6.870007816660149702e-01 0.000000000000000000e+00 7.033633425493544811e-02 6.436926529322252845e-04 3.046415178909594933e-05 2.299318516561552408e-02 0.000000000000000000e+00 2.294209097870297165e-09 0.000000000000000000e+00 0.000000000000000000e+00 0.000000000000000000e+00 1.150168038360677072e-03 1.298849879714100283e-07 2.020649229571404771e-09 2.286271212611237780e-02 0.000000000000000000e+00 0.000000000000000000e+00 0.000000000000000000e+00 0.000000000000000000e+00 0.000000000000000000e+00 0.000000000000000000e+00
1.700000000000000000e+03 1.885189775713105576e+01 1.906537824173674123e-01 0.000000000000000000e+00 6.717488825831463561e-01 0.000000000000000000e+00 8.233980538123661375e-02 7.463901946014858462e-04 3.577738431746459803e-05 2.747354336322096330e-02 0.000000000000000000e+00 3.117323945331896958e-09 0.000000000000000000e+00 0.000000000000000000e+00 0.000000000000000000e+00 1.406461107787016418e-03 1.856891859030306382e-07 2.838804615113151423e-09 2.559516592300824234e-02 0.000000000000000000e+00 0.000000000000000000e+00 0.000000000000000000e+00 0.000000000000000000e+00 0.000000000000000000e+00 0.000000000000000000e+00
1.725000000000000000e+03 1.994798182225354921e+01 1.860738170146565840e-01 0.000000000000000000e+00 6.556119523209061883e-01 0.000000000000000000e+00 9.505539723698995525e-02 8.584330261038815605e-04 4.165890649364160453e-05 3.224687213098405975e-02 0.000000000000000000e+00 4.172494057120381032e-09 0.000000000000000000e+00 0.000000000000000000e+00 0.000000000000000000e+00 1.700188910833577011e-03 2.611986820879718556e-07 3.927097014875061249e-09 2.841141115475885257e-02 0.000000000000000000e+00 0.000000000000000000e+00 0.000000000000000000e+00 0.000000000000000000e+00 0.000000000000000000e+00 0.000000000000000000e+00
1.750000000000000000e+03 2.112899272000718298e+01 1.813426553788742568e-01 0.000000000000000000e+00 6.389421079546123705e-01 0.000000000000000000e+00 1.081902497227131554e-01 9.798138345599980998e-04 4.812139077561292729e-05 3.717959048808262834e-02 0.000000000000000000e+00 5.504488755764259692e-09 0.000000000000000000e+00 0.000000000000000000e+00 0.000000000000000000e+00 2.032917904984145319e-03 3.616966671340209370e-07 5.353322492508114606e-09 3.128417077091930759e-02 0.000000000000000000e+00 0.000000000000000000e+00 0.000000000000000000e+00 0.000000000000000000e+00 0.000000000000000000e+00 0.000000000000000000e+00
1.775000000000000000e+03 2.237600652478876029e+01 1.765670974080349731e-01 0.000000000000000000e+00 6.221159637348285809e-01 0.000000000000000000e+00 1.214294398964786831e-01 1.110610217871673116e-03 5.518118756767861888e-05 4.212533504865105527e-02 0.000000000000000000e+00 7.162396604894352981e-09 0.000000000000000000e+00 0.000000000000000000e+00 0.000000000000000000e+00 2.405993416336450058e-03 4.933987394658524403e-07 7.197127685034245555e-09 3.418987133196706163e-02 0.000000000000000000e+00 0.000000000000000000e+00 0.000000000000000000e+00 0.000000000000000000e+00 0.000000000000000000e+00 0.000000000000000000e+00
1.800000000000000000e+03 2.366924919304288721e+01 1.718431261162312040e-01 0.000000000000000000e+00 6.054715246153867803e-01 0.000000000000000000e+00 1.344893418635022264e-01 1.251000704953393345e-03 6.285941821571851479e-05 4.695092828445353306e-02 0.000000000000000000e+00 9.200294694080992628e-09 0.000000000000000000e+00 0.000000000000000000e+00 0.000000000000000000e+00 2.820659922767618059e-03 6.635559112776665430e-07 9.551560535162573305e-09 3.710987676672291430e-02 0.000000000000000000e+00 0.000000000000000000e+00 0.000000000000000000e+00 0.000000000000000000e+00 0.000000000000000000e+00 0.000000000000000000e+00
1.825000000000000000e+03 2.499213902757606576e+01 1.672422079367727465e-01 0.000000000000000000e+00 5.892606593970878270e-01 0.000000000000000000e+00 1.471589441457058500e-01 1.401224834034572268e-03 7.068686229778610658e-05 5.155759577698561247e-02 0.000000000000000000e+00 1.167802904315706789e-08 0.000000000000000000e+00 0.000000000000000000e+00 0.000000000000000000e+00 3.278075519009130464e-03 8.805578034828699940e-07 1.252451419737168189e-08 4.002970076775979463e-02 0.000000000000000000e+00 0.000000000000000000e+00 0.000000000000000000e+00 0.000000000000000000e+00 0.000000000000000000e+00 0.000000000000000000e+00
1.850000000000000000e+03 2.633306768213617488e+01 1.628091157850071469e-01 0.000000000000000000e+00 5.736411356013428886e-01 0.000000000000000000e+00 1.593065249844926590e-01 1.561517191006667844e-03 7.959851717790116454e-05 5.588500838769663859e-02 0.000000000000000000e+00 1.466135801556011405e-08 0.000000000000000000e+00 0.000000000000000000e+00 0.000000000000000000e+00 3.779183685127310982e-03 1.153983505997431981e-06 1.623963815405640584e-08 4.293673096364670344e-02 0.000000000000000000e+00 0.000000000000000000e+00 0.000000000000000000e+00 0.000000000000000000e+00 0.000000000000000000e+00 0.000000000000000000e+00
1.875000000000000000e+03 2.768385578671945879e+01 1.585703508407017570e-01 0.000000000000000000e+00 5.587062565995776220e-01 0.000000000000000000e+00 1.708563480878008134e-01 1.732073158573035334e-03 8.919094009177374596e-05 5.990143322697790568e-02 0.000000000000000000e+00 1.822118141311414766e-08 0.000000000000000000e+00 0.000000000000000000e+00 0.000000000000000000e+00 4.324546853160284900e-03 1.494565758009088597e-06 2.083668492900856602e-08 4.581826666949236071e-02 0.000000000000000000e+00 0.000000000000000000e+00 0.000000000000000000e+00 0.000000000000000000e+00 0.000000000000000000e+00 0.000000000000000000e+00
1.900000000000000000e+03 2.903748750365874187e+01 1.545431302891353553e-01 0.000000000000000000e+00 5.445167679710573028e-01 0.000000000000000000e+00 1.817611175598321804e-01 1.913035695526337258e-03 9.948295556790250906e-05 6.359030460771207538e-02 0.000000000000000000e+00 2.243174346901027186e-08 0.000000000000000000e+00 0.000000000000000000e+00 0.000000000000000000e+00 4.914155754342849382e-03 1.914029103032647637e-06 2.647111769047253244e-08 4.866004223486163072e-02 0.000000000000000000e+00 0.000000000000000000e+00 0.000000000000000000e+00 0.000000000000000000e+00 0.000000000000000000e+00 0.000000000000000000e+00
1.925000000000000000e+03 3.038666967524828877e+01 1.507402109989385841e-01 0.000000000000000000e+00 5.311176009978650914e-01 0.000000000000000000e+00 1.919880958907536905e-01 2.104488227966670559e-03 1.104900879362028014e-04 6.694392596162236642e-02 0.000000000000000000e+00 2.736815465057899776e-08 0.000000000000000000e+00 0.000000000000000000e+00 0.000000000000000000e+00 5.547257257769777627e-03 2.424795381971062004e-06 3.331288364058208754e-08 5.144544510072759924e-02 0.000000000000000000e+00 0.000000000000000000e+00 0.000000000000000000e+00 0.000000000000000000e+00 0.000000000000000000e+00 0.000000000000000000e+00
1.950000000000000000e+03 3.172399704088757844e+01 1.471697012653540304e-01 0.000000000000000000e+00 5.185372625540058955e-01 0.000000000000000000e+00 2.015200439626061713e-01 2.306416845681436272e-03 1.222225281136740042e-04 6.996441720722949842e-02 0.000000000000000000e+00 3.310314950432652025e-08 0.000000000000000000e+00 0.000000000000000000e+00 0.000000000000000000e+00 6.222137416897179953e-03 3.039518523038718549e-06 4.154380536997992694e-08 5.415468405463408352e-02 0.000000000000000000e+00 0.000000000000000000e+00 0.000000000000000000e+00 0.000000000000000000e+00 0.000000000000000000e+00 0.000000000000000000e+00
1.975000000000000000e+03 3.304327974284291258e+01 1.438322584718863817e-01 0.000000000000000000e+00 5.067781248694126495e-01 0.000000000000000000e+00 2.103640255895468658e-01 2.518635863724142960e-03 1.346808244522468203e-04 7.266886965555610645e-02 0.000000000000000000e+00 3.970295373774774704e-08 0.000000000000000000e+00 0.000000000000000000e+00 0.000000000000000000e+00 6.935834176634589864e-03 3.770409721642734468e-06 5.135289855122725470e-08 5.676370908321319575e-02 0.000000000000000000e+00 0.000000000000000000e+00 0.000000000000000000e+00 0.000000000000000000e+00 0.000000000000000000e+00 0.000000000000000000e+00
2.000000000000000000e+03 3.434145209250765163e+01 1.407179024665579647e-01 0.000000000000000000e+00 4.958050351651108745e-01 0.000000000000000000e+00 2.185616984298056065e-01 2.740674856996498307e-03 1.478494957342174837e-04 7.509524421533267380e-02 0.000000000000000000e+00 4.722218540602911481e-08 0.000000000000000000e+00 0.000000000000000000e+00 0.000000000000000000e+00 7.683784086576217476e-03 4.628324910320648721e-06 6.292890793722045012e-08 5.924307280788219943e-02 0.000000000000000000e+00 0.000000000000000000e+00 0.000000000000000000e+00 0.000000000000000000e+00 0.000000000000000000e+00 0.000000000000000000e+00
2.025000000000000000e+03 3.562058502859454023e+01 1.378035230773046460e-01 0.000000000000000000e+00 4.855364716732558095e-01 0.000000000000000000e+00 2.261972957431822306e-01 2.971645975603376053e-03 1.616891367189446404e-04 7.730689755484645986e-02 0.000000000000000000e+00 5.569829786109427542e-08 0.000000000000000000e+00 0.000000000000000000e+00 0.000000000000000000e+00 8.459468630298189878e-03 5.621655897260163947e-06 7.644980927058623174e-08 6.155725440478615473e-02 0.000000000000000000e+00 0.000000000000000000e+00 0.000000000000000000e+00 0.000000000000000000e+00 0.000000000000000000e+00 0.000000000000000000e+00
2.050000000000000000e+03 3.688988190055646754e+01 1.350510957170741322e-01 0.000000000000000000e+00 4.758386053092417134e-01 0.000000000000000000e+00 2.334027555262870868e-01 3.210111469655325782e-03 1.761282864552510177e-04 7.939511328000031787e-02 0.000000000000000000e+00 6.514694194241689600e-08 0.000000000000000000e+00 0.000000000000000000e+00 0.000000000000000000e+00 9.254181579877505601e-03 6.755179043788853251e-06 9.206984533509385405e-08 6.366509643557771714e-02 0.000000000000000000e+00 0.000000000000000000e+00 0.000000000000000000e+00 0.000000000000000000e+00 0.000000000000000000e+00 0.000000000000000000e+00
2.075000000000000000e+03 3.816699208517837860e+01 1.324082317555807242e-01 0.000000000000000000e+00 4.665267526249934349e-01 0.000000000000000000e+00 2.403556113709916509e-01 3.454000350446203779e-03 1.910576008594448380e-04 8.147680304489939018e-02 0.000000000000000000e+00 7.556032715958045601e-08 0.000000000000000000e+00 0.000000000000000000e+00 0.000000000000000000e+00 1.005710262814876396e-02 8.029195395049075875e-06 1.099063062098018851e-07 6.552222596205188598e-02 0.000000000000000000e+00 0.000000000000000000e+00 0.000000000000000000e+00 0.000000000000000000e+00 0.000000000000000000e+00 0.000000000000000000e+00
2.100000000000000000e+03 3.947880889721020736e+01 1.298097701454969666e-01 0.000000000000000000e+00 4.573713447457468106e-01 0.000000000000000000e+00 2.472721289812730983e-01 3.700611770706435221e-03 2.063288228179801804e-04 8.368832114257201971e-02 0.000000000000000000e+00 8.691213758641776895e-08 0.000000000000000000e+00 0.000000000000000000e+00 0.000000000000000000e+00 1.085588566582101379e-02 9.439482302413002642e-06 1.300302295419212677e-07 6.708595230089618722e-02 0.000000000000000000e+00 0.000000000000000000e+00 0.000000000000000000e+00 0.000000000000000000e+00 0.000000000000000000e+00 0.000000000000000000e+00
2.125000000000000000e+03 4.086060542940485618e+01 1.271828242693025246e-01 0.000000000000000000e+00 4.481155691987582790e-01 0.000000000000000000e+00 2.543892988854734027e-01 3.946767921850597924e-03 2.217620653663368775e-04 8.617229195560029142e-02 0.000000000000000000e+00 9.917069589597347910e-08 0.000000000000000000e+00 0.000000000000000000e+00 0.000000000000000000e+00 1.163787220542295865e-02 1.097853140924792730e-05 1.524663643234117447e-07 6.832238332975626438e-02 0.000000000000000000e+00 0.000000000000000000e+00 0.000000000000000000e+00 0.000000000000000000e+00 0.000000000000000000e+00 0.000000000000000000e+00
2.150000000000000000e+03 4.235285758991532390e+01 1.244554862199109130e-01 0.000000000000000000e+00 4.385060872261956066e-01 0.000000000000000000e+00 2.619354460760455194e-01 4.189123839256369587e-03 2.371625515587667756e-04 8.905831212085839332e-02 0.000000000000000000e+00 1.123184346550428974e-07 0.000000000000000000e+00 0.000000000000000000e+00 0.000000000000000000e+00 1.239172400925189939e-02 1.263805387571970339e-05 1.772054968069313405e-07 6.921373037911530968e-02 0.000000000000000000e+00 0.000000000000000000e+00 0.000000000000000000e+00 0.000000000000000000e+00 0.000000000000000000e+00 0.000000000000000000e+00
2.175000000000000000e+03 4.399552025278104139e+01 1.215685604930008545e-01 0.000000000000000000e+00 4.283342936551617908e-01 0.000000000000000000e+00 2.700928407402881093e-01 4.424567482120042583e-03 2.523432863362697239e-04 9.244147543699550440e-02 0.000000000000000000e+00 1.263688711996684496e-07 0.000000000000000000e+00 0.000000000000000000e+00 0.000000000000000000e+00 1.310885339865387744e-02 1.441176033630233309e-05 2.042249400123495399e-07 6.976232315329614075e-02 0.000000000000000000e+00 0.000000000000000000e+00 0.000000000000000000e+00 0.000000000000000000e+00 0.000000000000000000e+00 0.000000000000000000e+00
2.200000000000000000e+03 4.582118342834546354e+01 1.184865776124207765e-01 0.000000000000000000e+00 4.174752485705061633e-01 0.000000000000000000e+00 2.789647854431755447e-01 4.650555575361711193e-03 2.671450452633952364e-04 9.636663652089123844e-02 0.000000000000000000e+00 1.413701962341826905e-07 0.000000000000000000e+00 0.000000000000000000e+00 0.000000000000000000e+00 1.378390494885143105e-02 1.629677605666042306e-05 2.335055709060184971e-07 6.998847463170601579e-02 0.000000000000000000e+00 0.000000000000000000e+00 0.000000000000000000e+00 0.000000000000000000e+00 0.000000000000000000e+00 0.000000000000000000e+00
2.225000000000000000e+03 4.784988242859432717e+01 1.152032178871349039e-01 0.000000000000000000e+00 4.059066531939111711e-01 0.000000000000000000e+00 2.885619357286723918e-01 4.865251659329933656e-03 2.814457580863286967e-04 1.008254935273079772e-01 0.000000000000000000e+00 1.573916626036754603e-07 0.000000000000000000e+00 0.000000000000000000e+00 0.000000000000000000e+00 1.441430270950411902e-02 1.829270544785521207e-05 2.650343541850016338e-07 6.992298440458860620e-02 0.000000000000000000e+00 0.000000000000000000e+00 0.000000000000000000e+00 0.000000000000000000e+00 0.000000000000000000e+00 0.000000000000000000e+00
2.250000000000000000e+03 5.008747105379193698e+01 1.117389634211005678e-01 0.000000000000000000e+00 3.937007107667496730e-01 0.000000000000000000e+00 2.988128081895033428e-01 5.067470795039161376e-03 2.951589931010579950e-04 1.057671252777008242e-01 0.000000000000000000e+00 1.745016640175179998e-07 0.000000000000000000e+00 0.000000000000000000e+00 0.000000000000000000e+00 1.499805081780764167e-02 2.039911361242267103e-05 2.987933197295863366e-07 6.959883933040157677e-02 0.000000000000000000e+00 0.000000000000000000e+00 0.000000000000000000e+00 0.000000000000000000e+00 0.000000000000000000e+00 0.000000000000000000e+00
2.275000000000000000e+03 5.252758760229605173e+01 1.081332380552861294e-01 0.000000000000000000e+00 3.809963090312954437e-01 0.000000000000000000e+00 3.095894673764469363e-01 5.256514320526746095e-03 3.082255955709539610e-04 1.111136124934528485e-01 0.000000000000000000e+00 1.927475307948687034e-07 0.000000000000000000e+00 0.000000000000000000e+00 0.000000000000000000e+00 1.553407460513574548e-02 2.261270967584853980e-05 3.347418404471235425e-07 6.904541832323796147e-02 0.000000000000000000e+00 0.000000000000000000e+00 0.000000000000000000e+00 0.000000000000000000e+00 0.000000000000000000e+00 0.000000000000000000e+00
2.300000000000000000e+03 5.515485323188007527e+01 1.044358284344145821e-01 0.000000000000000000e+00 3.679688652250786007e-01 0.000000000000000000e+00 3.207344847975945878e-01 5.432041938793365395e-03 3.206071764807908527e-04 1.167750731021934274e-01 0.000000000000000000e+00 2.121449581012001659e-07 0.000000000000000000e+00 0.000000000000000000e+00 0.000000000000000000e+00 1.602073488495287315e-02 2.492550714959972986e-05 3.728040347987697761e-07 6.828685398434929110e-02 0.000000000000000000e+00 0.000000000000000000e+00 0.000000000000000000e+00 0.000000000000000000e+00 0.000000000000000000e+00 0.000000000000000000e+00
2.325000000000000000e+03 5.794768360491028147e+01 1.007004758479810302e-01 0.000000000000000000e+00 3.548077368629075634e-01 0.000000000000000000e+00 3.320800509113647769e-01 5.594001541785688716e-03 3.322826326239671424e-04 1.226589673831995492e-01 0.000000000000000000e+00 2.326734500768728453e-07 0.000000000000000000e+00 0.000000000000000000e+00 0.000000000000000000e+00 1.645599843632530868e-02 2.732369910750362721e-05 4.128611417477393137e-07 6.734251715011264905e-02 0.000000000000000000e+00 0.000000000000000000e+00 0.000000000000000000e+00 0.000000000000000000e+00 0.000000000000000000e+00 0.000000000000000000e+00
2.350000000000000000e+03 6.087950375795934121e+01 9.698158563501642349e-02 0.000000000000000000e+00 3.417046184930074837e-01 0.000000000000000000e+00 3.434575637076614507e-01 5.742619303938765671e-03 3.432481273386714989e-04 1.286742525561760941e-01 0.000000000000000000e+00 2.542735304293623841e-07 0.000000000000000000e+00 0.000000000000000000e+00 0.000000000000000000e+00 1.683752764187990483e-02 2.978674007212539420e-05 4.547469641081719479e-07 6.622808877441470343e-02 0.000000000000000000e+00 0.000000000000000000e+00 0.000000000000000000e+00 0.000000000000000000e+00 0.000000000000000000e+00 0.000000000000000000e+00
2.375000000000000000e+03 6.391788469968654596e+01 9.333349926734606228e-02 0.000000000000000000e+00 3.288509607871139551e-01 0.000000000000000000e+00 3.546994849900844127e-01 5.878431653504581113e-03 3.535194792430241184e-04 1.347319108232119256e-01 0.000000000000000000e+00 2.768422593831267381e-07 0.000000000000000000e+00 0.000000000000000000e+00 0.000000000000000000e+00 1.716275039447326053e-02 3.228609779274636940e-05 4.982432041574224188e-07 6.495638142176642094e-02 0.000000000000000000e+00 0.000000000000000000e+00 0.000000000000000000e+00 0.000000000000000000e+00 0.000000000000000000e+00 0.000000000000000000e+00
2.400000000000000000e+03 6.702182302198507102e+01 8.981107648961628165e-02 0.000000000000000000e+00 3.164400669051549153e-01 0.000000000000000000e+00 3.656374150765989151e-01 6.002336581285320702e-03 3.631358173813421884e-04 1.407437426436012606e-01 0.000000000000000000e+00 3.002263943310526938e-07 0.000000000000000000e+00 0.000000000000000000e+00 0.000000000000000000e+00 1.742885689499966417e-02 3.478355506041381899e-05 5.430729183211891253e-07 6.353774273698938047e-02 0.000000000000000000e+00 0.000000000000000000e+00 0.000000000000000000e+00 0.000000000000000000e+00 0.000000000000000000e+00 0.000000000000000000e+00
2.425000000000000000e+03 7.013787004262592006e+01 8.647049192073517909e-02 0.000000000000000000e+00 3.046698661729256852e-01 0.000000000000000000e+00 3.760995902634340915e-01 6.115648249762305026e-03 3.721635494639350793e-04 1.466209430025246785e-01 0.000000000000000000e+00 3.242157399532576840e-07 0.000000000000000000e+00 0.000000000000000000e+00 0.000000000000000000e+00 1.763279203471177989e-02 3.722941132193558980e-05 5.888930181981619455e-07 6.198036228636245176e-02 0.000000000000000000e+00 0.000000000000000000e+00 0.000000000000000000e+00 0.000000000000000000e+00 0.000000000000000000e+00 0.000000000000000000e+00
2.450000000000000000e+03 7.319655782637799746e+01 8.336920148938345432e-02 0.000000000000000000e+00 2.937427859634093030e-01 0.000000000000000000e+00 3.859107421812926209e-01 6.220130388193998577e-03 3.806990110813934748e-04 1.522737379022766346e-01 0.000000000000000000e+00 3.485411962523654400e-07 0.000000000000000000e+00 0.000000000000000000e+00 0.000000000000000000e+00 1.777132808604419204e-02 3.956148065836380797e-05 6.352892578090630785e-07 6.029082966720621106e-02 0.000000000000000000e+00 0.000000000000000000e+00 0.000000000000000000e+00 0.000000000000000000e+00 0.000000000000000000e+00 0.000000000000000000e+00
2.475000000000000000e+03 7.611138359684066756e+01 8.056416102639703258e-02 0.000000000000000000e+00 2.838595113006806558e-01 0.000000000000000000e+00 3.948969971365900444e-01 6.317975060433781223e-03 3.888678576429182069e-04 1.576131035483779308e-01 0.000000000000000000e+00 3.728848591171460710e-07 0.000000000000000000e+00 0.000000000000000000e+00 0.000000000000000000e+00 1.784134875519791455e-02 4.170637785246866406e-05 6.817796851634533010e-07 5.847527427228321750e-02 0.000000000000000000e+00 0.000000000000000000e+00 0.000000000000000000e+00 0.000000000000000000e+00 0.000000000000000000e+00 0.000000000000000000e+00
2.500000000000000000e+03 7.878359452798005691e+01 7.810723829638098470e-02 0.000000000000000000e+00 2.752027992230195452e-01 0.000000000000000000e+00 4.028988822471565312e-01 6.411680359563282257e-03 3.968180869549696541e-04 1.625559707265351039e-01 0.000000000000000000e+00 3.969114210439241557e-07 0.000000000000000000e+00 0.000000000000000000e+00 0.000000000000000000e+00 1.784049145603519224e-02 4.358518511307350084e-05 7.278365785197655278e-07 5.654140967124181988e-02 0.000000000000000000e+00 0.000000000000000000e+00 0.000000000000000000e+00 0.000000000000000000e+00 0.000000000000000000e+00 0.000000000000000000e+00
2.525000000000000000e+03 8.111597794281965434e+01 7.603694037858539645e-02 0.000000000000000000e+00 2.679083197504533720e-01 0.000000000000000000e+00 4.097950371910702994e-01 6.503781287674556197e-03 4.047034689121091922e-04 1.670350514259524299e-01 0.000000000000000000e+00 4.203290889131254785e-07 0.000000000000000000e+00 0.000000000000000000e+00 0.000000000000000000e+00 1.776824326313377472e-02 4.512547758499569928e-05 7.729386013776589491e-07 5.450160448894292298e-02 0.000000000000000000e+00 0.000000000000000000e+00 0.000000000000000000e+00 0.000000000000000000e+00 0.000000000000000000e+00 0.000000000000000000e+00
2.550000000000000000e+03 8.303567595459134054e+01 7.436733231632072783e-02 0.000000000000000000e+00 2.620256228887570260e-01 0.000000000000000000e+00 4.155342017392287812e-01 6.596432282722534783e-03 4.126571846901583253e-04 1.710125588602535440e-01 0.000000000000000000e+00 4.429750097493469807e-07 0.000000000000000000e+00 0.000000000000000000e+00 0.000000000000000000e+00 1.762735576045968214e-02 4.627908232467821788e-05 8.166575792499958594e-07 5.237630025265400946e-02 0.000000000000000000e+00 0.000000000000000000e+00 0.000000000000000000e+00 0.000000000000000000e+00 0.000000000000000000e+00 0.000000000000000000e+00
2.575000000000000000e+03 8.451760030801331425e+01 7.307916821729268375e-02 0.000000000000000000e+00 2.574869104644912920e-01 0.000000000000000000e+00 4.201613078950471869e-01 6.690974238053942584e-03 4.207636272585288601e-04 1.744919976419373187e-01 0.000000000000000000e+00 4.648901602717875947e-07 0.000000000000000000e+00 0.000000000000000000e+00 0.000000000000000000e+00 1.742486012045018837e-02 4.703870224200232703e-05 8.587538489312032656e-07 5.019565544921761324e-02 0.000000000000000000e+00 0.000000000000000000e+00 0.000000000000000000e+00 0.000000000000000000e+00 0.000000000000000000e+00 0.000000000000000000e+00
2.600000000000000000e+03 8.559298186811416542e+01 7.212087204194157775e-02 0.000000000000000000e+00 2.541104562287407331e-01 0.000000000000000000e+00 4.238155954034596995e-01 6.787737821897457495e-03 4.290445437326848065e-04 1.775187670360180159e-01 0.000000000000000000e+00 4.863293544858322380e-07 0.000000000000000000e+00 0.000000000000000000e+00 0.000000000000000000e+00 1.717168993074673009e-02 4.744192064001590480e-05 8.992240509873737089e-07 4.799700951941764104e-02 0.000000000000000000e+00 0.000000000000000000e+00 0.000000000000000000e+00 0.000000000000000000e+00 0.000000000000000000e+00 0.000000000000000000e+00
2.625000000000000000e+03 8.633464171635571915e+01 7.142188650852478171e-02 0.000000000000000000e+00 2.516476487410262974e-01 0.000000000000000000e+00 4.266931252963668819e-01 6.886232152687580405e-03 4.374694501977391230e-04 1.801656275220953618e-01 0.000000000000000000e+00 5.076851462172079771e-07 0.000000000000000000e+00 0.000000000000000000e+00 0.000000000000000000e+00 1.688066745243445646e-02 4.755734849747240848e-05 9.382594753915339259e-07 4.581833958354777220e-02 0.000000000000000000e+00 0.000000000000000000e+00 0.000000000000000000e+00 0.000000000000000000e+00 0.000000000000000000e+00 0.000000000000000000e+00
2.650000000000000000e+03 8.682925254319373209e+01 7.091081523348492788e-02 0.000000000000000000e+00 2.498469453478503743e-01 0.000000000000000000e+00 4.289949258196869564e-01 6.985574976739176989e-03 4.459821521403079339e-04 1.825112991462071732e-01 0.000000000000000000e+00 5.293743494067651082e-07 0.000000000000000000e+00 0.000000000000000000e+00 0.000000000000000000e+00 1.656398469018368486e-02 4.746194440455375806e-05 9.761424313073024235e-07 4.369150517252234911e-02 0.000000000000000000e+00 0.000000000000000000e+00 0.000000000000000000e+00 0.000000000000000000e+00 0.000000000000000000e+00 0.000000000000000000e+00
2.675000000000000000e+03 8.715457653423081297e+01 7.052819270695832865e-02 0.000000000000000000e+00 2.484988137078554260e-01 0.000000000000000000e+00 4.308899948092334009e-01 7.084877555745845885e-03 4.545250059154685301e-04 1.846243824037247239e-01 0.000000000000000000e+00 5.517554215774073501e-07 0.000000000000000000e+00 0.000000000000000000e+00 0.000000000000000000e+00 1.623156227640483451e-02 4.722342790609304429e-05 1.013149251715097745e-06 4.163886320158236010e-02 0.000000000000000000e+00 0.000000000000000000e+00 0.000000000000000000e+00 0.000000000000000000e+00 0.000000000000000000e+00 0.000000000000000000e+00
2.700000000000000000e+03 8.736977784153228299e+01 7.023048195840041197e-02 0.000000000000000000e+00 2.474498617637169440e-01 0.000000000000000000e+00 4.325031530906895405e-01 7.183436868638325840e-03 4.630514939406019299e-04 1.865572633477140529e-01 0.000000000000000000e+00 5.751011874900282263e-07 0.000000000000000000e+00 0.000000000000000000e+00 0.000000000000000000e+00 1.589066162697697765e-02 4.689339990544200615e-05 1.049499746350372425e-06 3.967357184908380796e-02 0.000000000000000000e+00 0.000000000000000000e+00 0.000000000000000000e+00 0.000000000000000000e+00 0.000000000000000000e+00 0.000000000000000000e+00
2.725000000000000000e+03 8.751560507842501124e+01 6.998828646218120675e-02 0.000000000000000000e+00 2.465965098174275061e-01 0.000000000000000000e+00 4.339195837647165099e-01 7.280770321184147631e-03 4.715287292342958082e-04 1.883471079098062995e-01 0.000000000000000000e+00 5.996088642800378959e-07 0.000000000000000000e+00 0.000000000000000000e+00 0.000000000000000000e+00 1.554627605805277042e-02 4.650811861009088817e-05 1.085347787467070729e-06 3.780174386213536880e-02 0.000000000000000000e+00 0.000000000000000000e+00 0.000000000000000000e+00 0.000000000000000000e+00 0.000000000000000000e+00 0.000000000000000000e+00
2.750000000000000000e+03 8.761856308962600792e+01 6.978263157749310663e-02 0.000000000000000000e+00 2.458719060681924529e-01 0.000000000000000000e+00 4.351950596204712252e-01 7.376575257057337021e-03 4.799351914395022902e-04 1.900195009681725500e-01 0.000000000000000000e+00 6.254231515408649408e-07 0.000000000000000000e+00 0.000000000000000000e+00 0.000000000000000000e+00 1.520174311632878535e-02 4.609218667413038920e-05 1.120792426462336396e-06 3.602480979859284949e-02 0.000000000000000000e+00 0.000000000000000000e+00 0.000000000000000000e+00 0.000000000000000000e+00 0.000000000000000000e+00 0.000000000000000000e+00
2.775000000000000000e+03 8.769538690745326903e+01 6.960151040333006911e-02 0.000000000000000000e+00 2.452337440474368635e-01 0.000000000000000000e+00 4.363656030666992480e-01 7.470676689507928063e-03 4.882574883353533535e-04 1.915920921025355272e-01 0.000000000000000000e+00 6.526581140384751051e-07 0.000000000000000000e+00 0.000000000000000000e+00 0.000000000000000000e+00 1.485928462562545460e-02 4.566228640008014253e-05 1.155893358103869176e-06 3.434136073865733108e-02 0.000000000000000000e+00 0.000000000000000000e+00 0.000000000000000000e+00 0.000000000000000000e+00 0.000000000000000000e+00 0.000000000000000000e+00
2.800000000000000000e+03 8.775653058026647102e+01 6.943732699461203917e-02 0.000000000000000000e+00 2.446552598028059189e-01 0.000000000000000000e+00 4.374546642350919390e-01 7.562982033689739578e-03 4.964875622448206797e-04 1.930773891172895551e-01 0.000000000000000000e+00 6.814138720240958393e-07 0.000000000000000000e+00 0.000000000000000000e+00 0.000000000000000000e+00 1.452039888285159425e-02 4.523004298545568866e-05 1.190684638165623378e-06 3.274838922991869794e-02 0.000000000000000000e+00 0.000000000000000000e+00 0.000000000000000000e+00 0.000000000000000000e+00 0.000000000000000000e+00 0.000000000000000000e+00
2.825000000000000000e+03 8.780853562499217446e+01 6.928520393824641466e-02 0.000000000000000000e+00 2.441192711801712933e-01 0.000000000000000000e+00 4.384779034923099172e-01 7.653449288399646715e-03 5.046207227513714502e-04 1.944846352264804623e-01 0.000000000000000000e+00 7.117880264637863084e-07 0.000000000000000000e+00 0.000000000000000000e+00 0.000000000000000000e+00 1.418611728680816558e-02 4.480394987423249703e-05 1.225184560550449060e-06 3.124205794237155942e-02 0.000000000000000000e+00 0.000000000000000000e+00 0.000000000000000000e+00 0.000000000000000000e+00 0.000000000000000000e+00 0.000000000000000000e+00
2.850000000000000000e+03 8.785555135652576553e+01 6.914191776956245261e-02 0.000000000000000000e+00 2.436144164029197534e-01 0.000000000000000000e+00 4.394462062460684493e-01 7.742067085500402811e-03 5.126543271178125210e-04 1.958210156709861427e-01 0.000000000000000000e+00 7.438834674606637831e-07 0.000000000000000000e+00 0.000000000000000000e+00 0.000000000000000000e+00 1.385716794457926559e-02 4.439060987570792575e-05 1.259402396810617701e-06 2.981816065752588771e-02 0.000000000000000000e+00 0.000000000000000000e+00 0.000000000000000000e+00 0.000000000000000000e+00 0.000000000000000000e+00 0.000000000000000000e+00
2.875000000000000000e+03 8.790027410506081651e+01 6.900524249488447504e-02 0.000000000000000000e+00 2.431328544464164965e-01 0.000000000000000000e+00 4.403675406564979689e-01 7.828841408908132626e-03 5.205869813373344927e-04 1.970924040781669440e-01 0.000000000000000000e+00 7.778136078121771276e-07 0.000000000000000000e+00 0.000000000000000000e+00 0.000000000000000000e+00 1.353407708244854651e-02 4.399550657294705707e-05 1.293342908560429159e-06 2.847238618825074716e-02 0.000000000000000000e+00 0.000000000000000000e+00 0.000000000000000000e+00 0.000000000000000000e+00 0.000000000000000000e+00 0.000000000000000000e+00
2.900000000000000000e+03 8.794452150716790584e+01 6.887355239401699025e-02 0.000000000000000000e+00 2.426688629354942228e-01 0.000000000000000000e+00 4.412480858078318136e-01 7.913787798711532928e-03 5.284180029589365980e-04 1.983038257964246931e-01 0.000000000000000000e+00 8.137061287599263372e-07 0.000000000000000000e+00 0.000000000000000000e+00 0.000000000000000000e+00 1.321723313177177936e-02 4.362348717834481089e-05 1.327009133201560755e-06 2.720046993034965638e-02 0.000000000000000000e+00 0.000000000000000000e+00 0.000000000000000000e+00 0.000000000000000000e+00 0.000000000000000000e+00 0.000000000000000000e+00
2.925000000000000000e+03 8.798958106650540856e+01 6.874558809069879206e-02 0.000000000000000000e+00 2.422179930902887413e-01 0.000000000000000000e+00 4.420929137862127933e-01 7.996926674419061951e-03 5.361471293526808577e-04 1.994597347471299131e-01 0.000000000000000000e+00 8.517058843468003749e-07 0.000000000000000000e+00 0.000000000000000000e+00 0.000000000000000000e+00 1.290692627608459701e-02 4.327907399227280905e-05 1.360404424822696512e-06 2.599827902151203782e-02 0.000000000000000000e+00 0.000000000000000000e+00 0.000000000000000000e+00 0.000000000000000000e+00 0.000000000000000000e+00 0.000000000000000000e+00
2.950000000000000000e+03 8.803642405294428386e+01 6.862030297888113695e-02 0.000000000000000000e+00 2.417765620133938420e-01 0.000000000000000000e+00 4.429064132810456855e-01 8.078280142883977402e-03 5.437743017269321914e-04 2.005641856592029759e-01 0.000000000000000000e+00 8.919770928992948901e-07 0.000000000000000000e+00 0.000000000000000000e+00 0.000000000000000000e+00 1.260337533028975041e-02 4.296665753404979972e-05 1.393533591090840116e-06 2.486185412435761716e-02 0.000000000000000000e+00 0.000000000000000000e+00 0.000000000000000000e+00 0.000000000000000000e+00 0.000000000000000000e+00 0.000000000000000000e+00
2.975000000000000000e+03 8.808583770767525323e+01 6.849677475724612330e-02 0.000000000000000000e+00 2.413413229862237108e-01 0.000000000000000000e+00 4.436925455668931928e-01 8.157870390955782730e-03 5.512995654211089083e-04 2.016209559038389387e-01 0.000000000000000000e+00 9.347053777517333188e-07 0.000000000000000000e+00 0.000000000000000000e+00 0.000000000000000000e+00 1.230674564018383391e-02 4.269064071947353633e-05 1.426404047341475804e-06 2.378743343909277622e-02 0.000000000000000000e+00 0.000000000000000000e+00 0.000000000000000000e+00 0.000000000000000000e+00 0.000000000000000000e+00 0.000000000000000000e+00
3.000000000000000000e+03 8.813850493205700332e+01 6.837415455878897985e-02 0.000000000000000000e+00 2.409092836014447014e-01 0.000000000000000000e+00 4.444550033328076855e-01 8.235718917241167947e-03 5.587229780977082897e-04 2.026336000132201720e-01 0.000000000000000000e+00 9.800994806496189632e-07 0.000000000000000000e+00 0.000000000000000000e+00 0.000000000000000000e+00 1.201716163784505992e-02 4.245552995306759413e-05 1.459026374240118050e-06 2.277146030474637081e-02 0.000000000000000000e+00 0.000000000000000000e+00 0.000000000000000000e+00 0.000000000000000000e+00 0.000000000000000000e+00 0.000000000000000000e+00
3.025000000000000000e+03 8.819505513390510032e+01 6.825162797885050980e-02 0.000000000000000000e+00 2.404775749265702367e-01 0.000000000000000000e+00 4.451973149396458163e-01 8.311845218172762839e-03 5.660445861293708723e-04 2.036055081848592019e-01 0.000000000000000000e+00 1.028392870008958374e-06 0.000000000000000000e+00 0.000000000000000000e+00 0.000000000000000000e+00 1.173471602587900647e-02 4.226600966110078853e-05 1.491414933280736669e-06 2.181058232242855804e-02 0.000000000000000000e+00 0.000000000000000000e+00 0.000000000000000000e+00 0.000000000000000000e+00 0.000000000000000000e+00 0.000000000000000000e+00
3.050000000000000000e+03 8.825609596404149215e+01 6.812839642073278967e-02 0.000000000000000000e+00 2.400433799041437610e-01 0.000000000000000000e+00 4.459229079206774027e-01 8.386267080568741983e-03 5.732643816603057683e-04 2.045399294416739566e-01 0.000000000000000000e+00 1.079845218129327256e-06 0.000000000000000000e+00 0.000000000000000000e+00 0.000000000000000000e+00 1.145947660466887716e-02 4.212700031598883769e-05 1.523588535771376738e-06 2.090164781180425466e-02 0.000000000000000000e+00 0.000000000000000000e+00 0.000000000000000000e+00 0.000000000000000000e+00 0.000000000000000000e+00 0.000000000000000000e+00
3.075000000000000000e+03 8.832223802528325507e+01 6.800365940218119909e-02 0.000000000000000000e+00 2.396038816316638786e-01 0.000000000000000000e+00 4.466351517045729080e-01 8.459000324627976783e-03 5.803822954703388975e-04 2.054399989096185597e-01 0.000000000000000000e+00 1.134743863240324310e-06 0.000000000000000000e+00 0.000000000000000000e+00 0.000000000000000000e+00 1.119149256441736434e-02 4.204370975825923564e-05 1.555570860157279984e-06 2.004169914296630856e-02 0.000000000000000000e+00 0.000000000000000000e+00 0.000000000000000000e+00 0.000000000000000000e+00 0.000000000000000000e+00 0.000000000000000000e+00
3.100000000000000000e+03 8.839410365383399437e+01 6.787660940691279954e-02 0.000000000000000000e+00 2.391562335612311407e-01 0.000000000000000000e+00 4.473373825824293326e-01 8.530058653678637345e-03 5.873982147815157498e-04 2.063087514868753580e-01 0.000000000000000000e+00 1.193405102434370947e-06 0.000000000000000000e+00 0.000000000000000000e+00 0.000000000000000000e+00 1.093079905667320578e-02 4.202167409590380797e-05 1.587391137093531678e-06 1.922796456708241244e-02 0.000000000000000000e+00 0.000000000000000000e+00 0.000000000000000000e+00 0.000000000000000000e+00 0.000000000000000000e+00 0.000000000000000000e+00
3.125000000000000000e+03 8.847233665459938834e+01 6.774642635286452774e-02 0.000000000000000000e+00 2.386975467632465042e-01 0.000000000000000000e+00 4.480329219510573169e-01 8.599453652363406309e-03 5.943119524992480224e-04 2.071491299119766205e-01 0.000000000000000000e+00 1.256175260050547936e-06 0.000000000000000000e+00 0.000000000000000000e+00 0.000000000000000000e+00 1.067742008311553872e-02 4.206679252930609785e-05 1.619084538518342990e-06 1.845784728054911117e-02 0.000000000000000000e+00 0.000000000000000000e+00 0.000000000000000000e+00 0.000000000000000000e+00 0.000000000000000000e+00 0.000000000000000000e+00
3.150000000000000000e+03 8.855761006840903349e+01 6.761227585205339952e-02 0.000000000000000000e+00 2.382248815848731771e-01 0.000000000000000000e+00 4.487250816063017012e-01 8.667195344864785100e-03 6.011232885591436589e-04 2.079639918708710289e-01 0.000000000000000000e+00 1.323431922622287654e-06 0.000000000000000000e+00 0.000000000000000000e+00 0.000000000000000000e+00 1.043137356312412271e-02 4.218536772822530822e-05 1.650692953481605660e-06 1.772891739674846076e-02 0.000000000000000000e+00 0.000000000000000000e+00 0.000000000000000000e+00 0.000000000000000000e+00 0.000000000000000000e+00 0.000000000000000000e+00
3.175000000000000000e+03 8.865062628259484256e+01 6.747330787764725668e-02 0.000000000000000000e+00 2.377352409047083226e-01 0.000000000000000000e+00 4.494171697410157540e-01 8.733292329655419420e-03 6.078319758106041698e-04 2.087561202674361738e-01 0.000000000000000000e+00 1.395584699972725760e-06 0.000000000000000000e+00 0.000000000000000000e+00 0.000000000000000000e+00 1.019267269096190906e-02 4.238413621499418537e-05 1.682265515678119462e-06 1.703890222633383175e-02 0.000000000000000000e+00 0.000000000000000000e+00 0.000000000000000000e+00 0.000000000000000000e+00 0.000000000000000000e+00 0.000000000000000000e+00
3.200000000000000000e+03 8.875212407726522201e+01 6.732865722364750338e-02 0.000000000000000000e+00 2.372255817305518322e-01 0.000000000000000000e+00 4.501124873026859374e-01 8.797751607814655733e-03 6.144377754156051105e-04 2.095282203649099784e-01 0.000000000000000000e+00 1.473076038100819612e-06 0.000000000000000000e+00 0.000000000000000000e+00 0.000000000000000000e+00 9.961329945194795366e-03 4.267030061320968890e-05 1.713859422337946442e-06 1.638567681370604878e-02 0.000000000000000000e+00 0.000000000000000000e+00 0.000000000000000000e+00 0.000000000000000000e+00 0.000000000000000000e+00 0.000000000000000000e+00
3.225000000000000000e+03 8.886287189895793404e+01 6.717745218329304602e-02 0.000000000000000000e+00 2.366928263278788025e-01 0.000000000000000000e+00 4.508143192848557690e-01 8.860580196197119160e-03 6.209404940783921868e-04 2.102829156546614786e-01 0.000000000000000000e+00 1.556381669219021263e-06 0.000000000000000000e+00 0.000000000000000000e+00 0.000000000000000000e+00 9.737358088319022012e-03 4.305155662730133104e-05 1.745540559615147211e-06 1.576725429186033936e-02 0.000000000000000000e+00 0.000000000000000000e+00 0.000000000000000000e+00 0.000000000000000000e+00 0.000000000000000000e+00 0.000000000000000000e+00
3.250000000000000000e+03 8.898367650026705178e+01 6.701880894293550661e-02 0.000000000000000000e+00 2.361338615046008060e-01 0.000000000000000000e+00 4.515259306161332198e-01 8.921784077244119399e-03 6.273399874012737867e-04 2.110227636617457714e-01 0.000000000000000000e+00 1.646011008251491398e-06 0.000000000000000000e+00 0.000000000000000000e+00 0.000000000000000000e+00 9.520773489548399818e-03 4.353612643405170942e-05 1.777384493219630658e-06 1.518177819845540656e-02 0.000000000000000000e+00 0.000000000000000000e+00 0.000000000000000000e+00 0.000000000000000000e+00 0.000000000000000000e+00 0.000000000000000000e+00
3.275000000000000000e+03 8.911537643840151190e+01 6.685184430233769015e-02 0.000000000000000000e+00 2.355455802146116107e-01 0.000000000000000000e+00 4.522505497620962212e-01 8.981369915559256345e-03 6.336362422439235182e-04 2.117502254159729369e-01 0.000000000000000000e+00 1.742507077321487744e-06 0.000000000000000000e+00 0.000000000000000000e+00 0.000000000000000000e+00 9.311596959879922183e-03 4.413277912415382840e-05 1.809477059588429235e-06 1.462751242403756251e-02 0.000000000000000000e+00 0.000000000000000000e+00 0.000000000000000000e+00 0.000000000000000000e+00 0.000000000000000000e+00 0.000000000000000000e+00
3.300000000000000000e+03 8.925884487373767229e+01 6.667567611282415596e-02 0.000000000000000000e+00 2.349248689087345687e-01 0.000000000000000000e+00 4.529913565468319803e-01 9.039345078369703801e-03 6.398294194226853467e-04 2.124676934121512706e-01 0.000000000000000000e+00 1.846446401238942371e-06 0.000000000000000000e+00 0.000000000000000000e+00 0.000000000000000000e+00 9.109856112429495778e-03 4.485086401612314611e-05 1.841915605881361350e-06 1.410283518321304823e-02 0.000000000000000000e+00 0.000000000000000000e+00 0.000000000000000000e+00 0.000000000000000000e+00 0.000000000000000000e+00 0.000000000000000000e+00
3.325000000000000000e+03 8.941498717447990430e+01 6.648943405430708664e-02 0.000000000000000000e+00 2.342686644300851773e-01 0.000000000000000000e+00 4.537514595728841527e-01 9.095718740982016229e-03 6.459198854221837125e-04 2.131774533659737125e-01 0.000000000000000000e+00 1.958438400534667656e-06 0.000000000000000000e+00 0.000000000000000000e+00 0.000000000000000000e+00 8.915586948854343705e-03 4.570033022469363837e-05 1.874809779236440178e-06 1.360622942308687029e-02 0.000000000000000000e+00 0.000000000000000000e+00 0.000000000000000000e+00 0.000000000000000000e+00 0.000000000000000000e+00 0.000000000000000000e+00
3.350000000000000000e+03 8.958474166304773689e+01 6.629226015611204559e-02 0.000000000000000000e+00 2.335739420898492735e-01 0.000000000000000000e+00 4.545338902886343346e-01 9.150502015549417251e-03 6.519083129631100511e-04 2.138817063427469189e-01 0.000000000000000000e+00 2.079124627803488890e-06 0.000000000000000000e+00 0.000000000000000000e+00 0.000000000000000000e+00 8.728834599678703815e-03 4.669175413227262430e-05 1.908282562436953025e-06 1.313627703314357298e-02 0.000000000000000000e+00 0.000000000000000000e+00 0.000000000000000000e+00 0.000000000000000000e+00 0.000000000000000000e+00 0.000000000000000000e+00
3.375000000000000000e+03 8.976908299912788891e+01 6.608331735619150937e-02 0.000000000000000000e+00 2.328377549051521000e-01 0.000000000000000000e+00 4.553415782052379623e-01 9.203709392182934587e-03 6.577957109297488539e-04 2.145825480045213396e-01 0.000000000000000000e+00 2.209177615111835207e-06 0.000000000000000000e+00 0.000000000000000000e+00 0.000000000000000000e+00 8.549655787629074563e-03 4.783636894870975300e-05 1.942471687976241399e-06 1.269165261990373023e-02 0.000000000000000000e+00 0.000000000000000000e+00 0.000000000000000000e+00 0.000000000000000000e+00 0.000000000000000000e+00 0.000000000000000000e+00
3.400000000000000000e+03 8.996901897116822511e+01 6.586179595975578949e-02 0.000000000000000000e+00 2.320572471953230576e-01 0.000000000000000000e+00 4.561773397185934220e-01 9.255358909993753949e-03 6.635835233535768716e-04 2.152819674187474441e-01 0.000000000000000000e+00 2.349299360159124358e-06 0.000000000000000000e+00 0.000000000000000000e+00 0.000000000000000000e+00 8.378119268065874897e-03 4.914607881376157451e-05 1.977530412513924865e-06 1.227111509758072212e-02 0.000000000000000000e+00 0.000000000000000000e+00 0.000000000000000000e+00 0.000000000000000000e+00 0.000000000000000000e+00 0.000000000000000000e+00
3.425000000000000000e+03 9.018559820840178531e+01 6.562691700624098678e-02 0.000000000000000000e+00 2.312296731688478213e-01 0.000000000000000000e+00 4.570438648307795226e-01 9.305473293586545569e-03 6.692736691830929044e-04 2.159818395987561646e-01 0.000000000000000000e+00 2.500219425496940952e-06 0.000000000000000000e+00 0.000000000000000000e+00 0.000000000000000000e+00 8.214306870822632098e-03 5.063348929101508145e-05 2.013628976834923927e-06 1.187350422408971554e-02 0.000000000000000000e+00 0.000000000000000000e+00 0.000000000000000000e+00 0.000000000000000000e+00 0.000000000000000000e+00 0.000000000000000000e+00
3.450000000000000000e+03 9.041991412158877495e+01 6.537793147182810460e-02 0.000000000000000000e+00 2.303524021312926551e-01 0.000000000000000000e+00 4.579437123887438732e-01 9.354080655375292958e-03 6.748686448814464377e-04 2.166839307106269430e-01 0.000000000000000000e+00 2.662692775225773757e-06 0.000000000000000000e+00 0.000000000000000000e+00 0.000000000000000000e+00 8.058315284752596425e-03 5.231193344536206317e-05 2.050956050516269077e-06 1.149773313022793390e-02 0.000000000000000000e+00 0.000000000000000000e+00 0.000000000000000000e+00 0.000000000000000000e+00 0.000000000000000000e+00 0.000000000000000000e+00
3.475000000000000000e+03 9.067311254849983015e+01 6.511412951750093769e-02 0.000000000000000000e+00 2.294229206799236198e-01 0.000000000000000000e+00 4.588793018785906064e-01 9.401215151652630650e-03 6.803715791296933470e-04 2.173898954764768299e-01 0.000000000000000000e+00 2.837497183433508911e-06 0.000000000000000000e+00 0.000000000000000000e+00 0.000000000000000000e+00 7.910257053977446176e-03 5.419549329334663964e-05 2.089719985357012581e-06 1.114278595228602661e-02 0.000000000000000000e+00 0.000000000000000000e+00 0.000000000000000000e+00 0.000000000000000000e+00 0.000000000000000000e+00 0.000000000000000000e+00
3.500000000000000000e+03 9.094640688100844272e+01 6.483483056616136386e-02 0.000000000000000000e+00 2.284388385676811017e-01 0.000000000000000000e+00 4.598529253073703194e-01 9.446917474340083692e-03 6.857862801026434144e-04 2.181012768948824565e-01 0.000000000000000000e+00 3.025429809448025268e-06 0.000000000000000000e+00 0.000000000000000000e+00 0.000000000000000000e+00 7.770260285459364667e-03 5.629902308023305508e-05 2.130150173572113520e-06 1.080771002093940114e-02 0.000000000000000000e+00 0.000000000000000000e+00 0.000000000000000000e+00 0.000000000000000000e+00 0.000000000000000000e+00 0.000000000000000000e+00
3.525000000000000000e+03 9.124108857482076473e+01 6.453938464682147658e-02 0.000000000000000000e+00 2.273978656254212471e-01 0.000000000000000000e+00 4.608667539103156741e-01 9.491235641762175296e-03 6.911173394784374301e-04 2.188195195371082924e-01 0.000000000000000000e+00 3.227304032220944536e-06 0.000000000000000000e+00 0.000000000000000000e+00 0.000000000000000000e+00 7.638471295282534511e-03 5.863817601719692175e-05 2.172498657092212298e-06 1.049161402510342435e-02 0.000000000000000000e+00 0.000000000000000000e+00 0.000000000000000000e+00 0.000000000000000000e+00 0.000000000000000000e+00 0.000000000000000000e+00
3.550000000000000000e+03 9.155855156406809670e+01 6.422716458930642636e-02 0.000000000000000000e+00 2.262977924057449075e-01 0.000000000000000000e+00 4.619228606804262616e-01 9.534225615231831097e-03 6.963701364738969371e-04 2.195459790860218030e-01 0.000000000000000000e+00 3.443944939582227826e-06 0.000000000000000000e+00 0.000000000000000000e+00 0.000000000000000000e+00 7.515053976846476809e-03 6.122943120341533337e-05 2.217041741640902207e-06 1.019366309206356548e-02 0.000000000000000000e+00 0.000000000000000000e+00 0.000000000000000000e+00 0.000000000000000000e+00 0.000000000000000000e+00 0.000000000000000000e+00
3.575000000000000000e+03 9.190031544751599313e+01 6.389755771999218459e-02 0.000000000000000000e+00 2.251364565182022992e-01 0.000000000000000000e+00 4.630232491691119723e-01 9.575950872151134038e-03 7.015509179126949669e-04 2.202819382678656013e-01 0.000000000000000000e+00 3.676184663266974628e-06 0.000000000000000000e+00 0.000000000000000000e+00 0.000000000000000000e+00 7.400190969687634075e-03 6.409011304743414362e-05 2.264081353048447816e-06 9.913075186012984888e-03 0.000000000000000000e+00 0.000000000000000000e+00 0.000000000000000000e+00 0.000000000000000000e+00 0.000000000000000000e+00 0.000000000000000000e+00
3.600000000000000000e+03 9.226805538366185999e+01 6.354994936712671239e-02 0.000000000000000000e+00 2.239116928855040267e-01 0.000000000000000000e+00 4.641698947946463760e-01 9.616483179285695987e-03 7.066667912524949484e-04 2.210286338181222388e-01 0.000000000000000000e+00 3.924856775460586773e-06 0.000000000000000000e+00 0.000000000000000000e+00 0.000000000000000000e+00 7.294084160678606862e-03 6.723841819027130717e-05 2.313946673214515957e-06 9.649117781744785682e-03 0.000000000000000000e+00 0.000000000000000000e+00 0.000000000000000000e+00 0.000000000000000000e+00 0.000000000000000000e+00 0.000000000000000000e+00
3.625000000000000000e+03 9.266364502430340622e+01 6.318371123664232036e-02 0.000000000000000000e+00 2.226212913343274813e-01 0.000000000000000000e+00 4.653647920306150376e-01 9.655901637120800282e-03 7.117257140621977918e-04 2.217872696451929915e-01 0.000000000000000000e+00 4.190789358749978544e-06 0.000000000000000000e+00 0.000000000000000000e+00 0.000000000000000000e+00 7.196953611102899911e-03 7.069342942528730354e-05 2.366995324326725103e-06 9.401103576827789590e-03 0.000000000000000000e+00 0.000000000000000000e+00 0.000000000000000000e+00 0.000000000000000000e+00 0.000000000000000000e+00 0.000000000000000000e+00
3.650000000000000000e+03 9.308919387486731978e+01 6.279818088267112575e-02 0.000000000000000000e+00 2.212629152729367887e-01 0.000000000000000000e+00 4.666100130061824891e-01 9.694292811896463441e-03 7.167365161042207108e-04 2.225590607190341130e-01 0.000000000000000000e+00 4.474797860136613061e-06 0.000000000000000000e+00 0.000000000000000000e+00 0.000000000000000000e+00 7.109038712876938719e-03 7.447514084912502778e-05 2.423615135790208816e-06 9.168388524452756802e-03 0.000000000000000000e+00 0.000000000000000000e+00 0.000000000000000000e+00 0.000000000000000000e+00 0.000000000000000000e+00 0.000000000000000000e+00
3.675000000000000000e+03 9.354710783185262812e+01 6.239264073800505211e-02 0.000000000000000000e+00 2.198340347331711186e-01 0.000000000000000000e+00 4.679077730773263943e-01 9.731749649427101981e-03 7.217088297214173821e-04 2.233452623185301356e-01 0.000000000000000000e+00 4.777675695562028004e-06 0.000000000000000000e+00 0.000000000000000000e+00 0.000000000000000000e+00 7.030596624059423129e-03 7.860446250825185266e-05 2.484224788024474591e-06 8.950367666767723371e-03 0.000000000000000000e+00 0.000000000000000000e+00 0.000000000000000000e+00 0.000000000000000000e+00 0.000000000000000000e+00 0.000000000000000000e+00
3.700000000000000000e+03 9.404014739083653751e+01 6.196629248022572645e-02 0.000000000000000000e+00 2.183318399178433844e-01 0.000000000000000000e+00 4.692605083498104235e-01 9.768370134608687222e-03 7.266529585460118189e-04 2.241472108449384659e-01 0.000000000000000000e+00 5.100183598319203415e-06 0.000000000000000000e+00 0.000000000000000000e+00 0.000000000000000000e+00 6.961900720450159633e-03 8.310322736584203548e-05 2.549274797117019978e-06 8.746471907815807356e-03 0.000000000000000000e+00 0.000000000000000000e+00 0.000000000000000000e+00 0.000000000000000000e+00 0.000000000000000000e+00 0.000000000000000000e+00
3.725000000000000000e+03 9.457150296400700995e+01 6.151823166581949637e-02 0.000000000000000000e+00 2.167531470626257728e-01 0.000000000000000000e+00 4.706709522806014623e-01 9.804255444002703962e-03 7.315798637827179837e-04 2.249663728298828824e-01 0.000000000000000000e+00 5.443037243542831141e-06 0.000000000000000000e+00 0.000000000000000000e+00 0.000000000000000000e+00 6.903239496420593251e-03 8.799418872352042476e-05 2.619248012953659089e-06 8.556164882884352216e-03 0.000000000000000000e+00 0.000000000000000000e+00 0.000000000000000000e+00 0.000000000000000000e+00 0.000000000000000000e+00 0.000000000000000000e+00
3.750000000000000000e+03 9.514486941789010643e+01 6.104742687329919870e-02 0.000000000000000000e+00 2.150943136641052522e-01 0.000000000000000000e+00 4.721422206600823790e-01 9.839507994348904371e-03 7.365008265640784254e-04 2.258043763825641759e-01 0.000000000000000000e+00 5.806892153765537427e-06 0.000000000000000000e+00 0.000000000000000000e+00 0.000000000000000000e+00 6.854912466623712224e-03 9.330098745989685491e-05 2.694659107548212224e-06 8.378938593691168113e-03 0.000000000000000000e+00 0.000000000000000000e+00 0.000000000000000000e+00 0.000000000000000000e+00 0.000000000000000000e+00 0.000000000000000000e+00
3.775000000000000000e+03 9.576454940135977267e+01 6.055268187717612743e-02 0.000000000000000000e+00 2.133511309965281932e-01 0.000000000000000000e+00 4.736779019074593977e-01 9.874227994158556870e-03 7.414273449159725343e-04 2.266630762585936376e-01 0.000000000000000000e+00 6.192326630987988785e-06 0.000000000000000000e+00 0.000000000000000000e+00 0.000000000000000000e+00 6.817227098123244261e-03 9.904813018135257289e-05 2.776054049804589029e-06 8.214310012182700002e-03 0.000000000000000000e+00 0.000000000000000000e+00 0.000000000000000000e+00 0.000000000000000000e+00 0.000000000000000000e+00 0.000000000000000000e+00
3.800000000000000000e+03 9.643554968718663645e+01 6.003261880706551451e-02 0.000000000000000000e+00 2.115187419170378447e-01 0.000000000000000000e+00 4.752821332806652088e-01 9.908510223374357787e-03 7.463707483241376799e-04 2.275445907420788616e-01 0.000000000000000000e+00 6.599821440204387101e-06 0.000000000000000000e+00 0.000000000000000000e+00 0.000000000000000000e+00 6.790493407483114835e-03 1.052609092333628676e-04 2.864007816417959937e-06 8.061816135480931456e-03 0.000000000000000000e+00 0.000000000000000000e+00 0.000000000000000000e+00 0.000000000000000000e+00 0.000000000000000000e+00 0.000000000000000000e+00
