# T Ptot H He C N O Na K Si Ar Ti V S Cl Mg Al Ca Fe Cr Li Cs Rb F P
1.500000000000000000e+03 6.063515536214666213e+01 5.587920612665575951e-03 0.000000000000000000e+00 2.763048420577479680e-01 0.000000000000000000e+00 7.181072373136043741e-01 1.500292639411559799e-11 6.064599173845728784e-13 4.527379562255341395e-15 0.000000000000000000e+00 6.477480330220074130e-17 0.000000000000000000e+00 0.000000000000000000e+00 0.000000000000000000e+00 9.222786245885835194e-17 1.785965223225256513e-20 7.676373085219412768e-22 3.680389029690302465e-13 0.000000000000000000e+00 0.000000000000000000e+00 0.000000000000000000e+00 0.000000000000000000e+00 0.000000000000000000e+00 0.000000000000000000e+00
1.525000000000000000e+03 6.063520082386165200e+01 5.587920497647043058e-03 0.000000000000000000e+00 2.763048413242618073e-01 0.000000000000000000e+00 7.181072381505930746e-01 2.573445352943861813e-11 1.062054775045349362e-12 9.680290004785029255e-15 0.000000000000000000e+00 1.349269981084554949e-16 0.000000000000000000e+00 0.000000000000000000e+00 0.000000000000000000e+00 2.197637203954605483e-16 4.567455516162383314e-20 2.087138621053401578e-21 6.914730071620457888e-13 0.000000000000000000e+00 0.000000000000000000e+00 0.000000000000000000e+00 0.000000000000000000e+00 0.000000000000000000e+00 0.000000000000000000e+00
1.550000000000000000e+03 6.063525783353440346e+01 5.587920584859996931e-03 0.000000000000000000e+00 2.763048388253147025e-01 0.000000000000000000e+00 7.181072405433439609e-01 4.336327862077173160e-11 1.825624260475259858e-12 2.018412134685765468e-14 0.000000000000000000e+00 2.740263363995692175e-16 0.000000000000000000e+00 0.000000000000000000e+00 0.000000000000000000e+00 5.085406605380628498e-16 1.132191363542762750e-19 5.469997727537466557e-21 1.271290650223186395e-12 0.000000000000000000e+00 0.000000000000000000e+00 0.000000000000000000e+00 0.000000000000000000e+00 0.000000000000000000e+00 0.000000000000000000e+00
1.575000000000000000e+03 6.063532943363387773e+01 5.587920591820354568e-03 0.000000000000000000e+00 2.763048379709911462e-01 0.000000000000000000e+00 7.181072413599330906e-01 7.183985727791519455e-11 3.083063484387706273e-12 4.109036747316151156e-14 0.000000000000000000e+00 5.432779182763155564e-16 0.000000000000000000e+00 0.000000000000000000e+00 0.000000000000000000e+00 1.144414159712963526e-15 2.724393144472612177e-19 1.384665166688716282e-20 2.289607355219258502e-12 0.000000000000000000e+00 0.000000000000000000e+00 0.000000000000000000e+00 0.000000000000000000e+00 0.000000000000000000e+00 0.000000000000000000e+00
1.600000000000000000e+03 6.063541962546621988e+01 5.587920570250729142e-03 0.000000000000000000e+00 2.763048387934776695e-01 0.000000000000000000e+00 7.181072405099143685e-01 1.171089523933819859e-10 5.119444474043927041e-12 8.176640839252426619e-14 0.000000000000000000e+00 1.052664305866205014e-15 0.000000000000000000e+00 0.000000000000000000e+00 0.000000000000000000e+00 2.507855190395611938e-15 6.372994732772935253e-19 3.391888937273318062e-20 4.043460829474160046e-12 0.000000000000000000e+00 0.000000000000000000e+00 0.000000000000000000e+00 0.000000000000000000e+00 0.000000000000000000e+00 0.000000000000000000e+00
1.625000000000000000e+03 6.063553264128405829e+01 5.587920602281620970e-03 0.000000000000000000e+00 2.763048385058639034e-01 0.000000000000000000e+00 7.181072406883306503e-01 1.879836119028177528e-10 8.365134352484057315e-12 1.592137292891704211e-13 0.000000000000000000e+00 1.995567106391468922e-15 0.000000000000000000e+00 0.000000000000000000e+00 0.000000000000000000e+00 5.358237782559718425e-15 1.451185941521517040e-18 8.054472220904440480e-20 7.008490303032430726e-12 0.000000000000000000e+00 0.000000000000000000e+00 0.000000000000000000e+00 0.000000000000000000e+00 0.000000000000000000e+00 0.000000000000000000e+00
1.650000000000000000e+03 6.063567416215692418e+01 5.587920588295109368e-03 0.000000000000000000e+00 2.763048372507619921e-01 0.000000000000000000e+00 7.181072418378866562e-01 2.973442540909405637e-10 1.346023087424707136e-11 3.036652189832608171e-13 0.000000000000000000e+00 3.705040986286576690e-15 0.000000000000000000e+00 0.000000000000000000e+00 0.000000000000000000e+00 1.117500756906245042e-14 3.220737686154048957e-18 1.857109332294808888e-19 1.193309389886084812e-11 0.000000000000000000e+00 0.000000000000000000e+00 0.000000000000000000e+00 0.000000000000000000e+00 0.000000000000000000e+00 0.000000000000000000e+00
1.675000000000000000e+03 6.063584944750945738e+01 5.587920653557462182e-03 0.000000000000000000e+00 2.763048373366247534e-01 0.000000000000000000e+00 7.181072415041396262e-01 4.637619977931504464e-10 2.134333535410476298e-11 5.678468628644866104e-13 0.000000000000000000e+00 6.743492732254083806e-15 0.000000000000000000e+00 0.000000000000000000e+00 0.000000000000000000e+00 2.277486285540259649e-14 6.975180661462040133e-18 4.163903188371919457e-19 1.997535805794050646e-11 0.000000000000000000e+00 0.000000000000000000e+00 0.000000000000000000e+00 0.000000000000000000e+00 0.000000000000000000e+00 0.000000000000000000e+00
1.700000000000000000e+03 6.063606707736897761e+01 5.587920585488911386e-03 0.000000000000000000e+00 2.763048397633812159e-01 0.000000000000000000e+00 7.181072388700910913e-01 7.136682514891725723e-10 3.337223116153560285e-11 1.042025015918851272e-12 0.000000000000000000e+00 1.204293116858630369e-14 0.000000000000000000e+00 0.000000000000000000e+00 0.000000000000000000e+00 4.540395022232789036e-14 1.475735806496242769e-17 9.091590872036370385e-19 3.289906762303570911e-11 0.000000000000000000e+00 0.000000000000000000e+00 0.000000000000000000e+00 0.000000000000000000e+00 0.000000000000000000e+00 0.000000000000000000e+00
1.725000000000000000e+03 6.063633637030918067e+01 5.587920455717287384e-03 0.000000000000000000e+00 2.763048371358380884e-01 0.000000000000000000e+00 7.181072412174014374e-01 1.084219559132207414e-09 5.148586127394629875e-11 1.878032457272999699e-12 0.000000000000000000e+00 2.112040693892361362e-14 0.000000000000000000e+00 0.000000000000000000e+00 0.000000000000000000e+00 8.863051539789601213e-14 3.053321813328927029e-17 1.935654678882725853e-18 5.335009366578169107e-11 0.000000000000000000e+00 0.000000000000000000e+00 0.000000000000000000e+00 0.000000000000000000e+00 0.000000000000000000e+00 0.000000000000000000e+00
1.750000000000000000e+03 6.063666729233992925e+01 5.587920529319181928e-03 0.000000000000000000e+00 2.763048356485091617e-01 0.000000000000000000e+00 7.181072420279426272e-01 1.627036559845235518e-09 7.841909696419517824e-11 3.327003052102425741e-12 0.000000000000000000e+00 3.640333875273992359e-14 0.000000000000000000e+00 0.000000000000000000e+00 0.000000000000000000e+00 1.695595996699179617e-13 6.184141945647189117e-17 4.023460768816069495e-18 8.524055860425610319e-11 0.000000000000000000e+00 0.000000000000000000e+00 0.000000000000000000e+00 0.000000000000000000e+00 0.000000000000000000e+00 0.000000000000000000e+00
1.775000000000000000e+03 6.063707316469793085e+01 5.587920552013526596e-03 0.000000000000000000e+00 2.763048400475849875e-01 0.000000000000000000e+00 7.181072367289338398e-01 2.413030044958132650e-09 1.179842287546509871e-10 5.797716378287381741e-12 0.000000000000000000e+00 6.171280584043568729e-14 0.000000000000000000e+00 0.000000000000000000e+00 0.000000000000000000e+00 3.181897564311360862e-13 1.227262922924152478e-16 8.174407553659687343e-18 1.342755897603405744e-10 0.000000000000000000e+00 0.000000000000000000e+00 0.000000000000000000e+00 0.000000000000000000e+00 0.000000000000000000e+00 0.000000000000000000e+00
1.800000000000000000e+03 6.063757004094457415e+01 5.587920493113351060e-03 0.000000000000000000e+00 2.763048345549056761e-01 0.000000000000000000e+00 7.181072410186798427e-01 3.538564446628201308e-09 1.754358478632973899e-10 9.945474899288061269e-12 0.000000000000000000e+00 1.029704248007550737e-13 0.000000000000000000e+00 0.000000000000000000e+00 0.000000000000000000e+00 5.861774015917595925e-13 2.388544566434595249e-16 1.625048864054750348e-17 2.086661783876987185e-10 0.000000000000000000e+00 0.000000000000000000e+00 0.000000000000000000e+00 0.000000000000000000e+00 0.000000000000000000e+00 0.000000000000000000e+00
1.825000000000000000e+03 6.063817600700555488e+01 5.587920375660453826e-03 0.000000000000000000e+00 2.763048361996962576e-01 0.000000000000000000e+00 7.181072376964123816e-01 5.133250043083916270e-09 2.568625345642351029e-10 1.680560120466567841e-11 0.000000000000000000e+00 1.692168819860902526e-13 0.000000000000000000e+00 0.000000000000000000e+00 0.000000000000000000e+00 1.060927888240053408e-12 4.562808756835667406e-16 3.164243730190285786e-17 3.200820019544062702e-10 0.000000000000000000e+00 0.000000000000000000e+00 0.000000000000000000e+00 0.000000000000000000e+00 0.000000000000000000e+00 0.000000000000000000e+00
1.850000000000000000e+03 6.063890996518495058e+01 5.587920460490148310e-03 0.000000000000000000e+00 2.763048382913857459e-01 0.000000000000000000e+00 7.181072329898122719e-01 7.369698466153567454e-09 3.735492896304613612e-10 2.799128302614756607e-11 0.000000000000000000e+00 2.740588234942021333e-13 0.000000000000000000e+00 0.000000000000000000e+00 0.000000000000000000e+00 1.887875253108652495e-12 8.562110585271169852e-16 6.040592538488597375e-17 4.849099553507293770e-10 0.000000000000000000e+00 0.000000000000000000e+00 0.000000000000000000e+00 0.000000000000000000e+00 0.000000000000000000e+00 0.000000000000000000e+00
1.875000000000000000e+03 6.063979807845174719e+01 5.587920489348922187e-03 0.000000000000000000e+00 2.763048332125838669e-01 0.000000000000000000e+00 7.181072345091787934e-01 1.047562555453100709e-08 5.376375807020672602e-10 4.598309743140756676e-11 0.000000000000000000e+00 4.376962979623404019e-13 0.000000000000000000e+00 0.000000000000000000e+00 0.000000000000000000e+00 3.305149148507394814e-12 1.579455811576578156e-15 1.131574141828672525e-16 7.258976740945451771e-10 0.000000000000000000e+00 0.000000000000000000e+00 0.000000000000000000e+00 0.000000000000000000e+00 0.000000000000000000e+00 0.000000000000000000e+00
1.900000000000000000e+03 6.064086695380757419e+01 5.587920442399382445e-03 0.000000000000000000e+00 2.763048310206656644e-01 0.000000000000000000e+00 7.181072318668578758e-01 1.474872777399463384e-08 7.661353958865210645e-10 7.454763911691939892e-11 0.000000000000000000e+00 6.897268635004903360e-13 0.000000000000000000e+00 0.000000000000000000e+00 0.000000000000000000e+00 5.696696361043190418e-12 2.866314617901910613e-15 2.081828742378624607e-16 1.074276912652854896e-09 0.000000000000000000e+00 0.000000000000000000e+00 0.000000000000000000e+00 0.000000000000000000e+00 0.000000000000000000e+00 0.000000000000000000e+00
1.925000000000000000e+03 6.064215105136809569e+01 5.587920404649376199e-03 0.000000000000000000e+00 2.763048264633574114e-01 0.000000000000000000e+00 7.181072297732604692e-01 2.057481884811367080e-08 1.081349033536452732e-09 1.193359820817006216e-10 0.000000000000000000e+00 1.072975529901546749e-12 0.000000000000000000e+00 0.000000000000000000e+00 0.000000000000000000e+00 9.672491132942323244e-12 5.120659092824772883e-15 3.764512256733855820e-16 1.572477998424342648e-09 0.000000000000000000e+00 0.000000000000000000e+00 0.000000000000000000e+00 0.000000000000000000e+00 0.000000000000000000e+00 0.000000000000000000e+00
1.950000000000000000e+03 6.064368651511223618e+01 5.587920281196168473e-03 0.000000000000000000e+00 2.763048261588487153e-01 0.000000000000000000e+00 7.181072211137725647e-01 2.844975919684521519e-08 1.512280110139421445e-09 1.887301133953350097e-10 0.000000000000000000e+00 1.648663384169529628e-12 0.000000000000000000e+00 0.000000000000000000e+00 0.000000000000000000e+00 1.618795626506202744e-11 9.011448642474554479e-15 6.695723236041075982e-16 2.277566895205359940e-09 0.000000000000000000e+00 0.000000000000000000e+00 0.000000000000000000e+00 0.000000000000000000e+00 0.000000000000000000e+00 0.000000000000000000e+00
1.975000000000000000e+03 6.064551529635127025e+01 5.587920282386276381e-03 0.000000000000000000e+00 2.763048192192582575e-01 0.000000000000000000e+00 7.181072158064563116e-01 3.900575486818824330e-08 2.096321365755370826e-09 2.950280284891663223e-10 0.000000000000000000e+00 2.503303198955545007e-12 0.000000000000000000e+00 0.000000000000000000e+00 0.000000000000000000e+00 2.671937342946871909e-11 1.563138115052115720e-14 1.172239199928609704e-15 3.265555347957913794e-09 0.000000000000000000e+00 0.000000000000000000e+00 0.000000000000000000e+00 0.000000000000000000e+00 0.000000000000000000e+00 0.000000000000000000e+00
2.000000000000000000e+03 6.064768566026222629e+01 5.587920043954757061e-03 0.000000000000000000e+00 2.763048138932135966e-01 0.000000000000000000e+00 7.181072049987085038e-01 5.304267549617871809e-08 2.881298761931323033e-09 4.560871570603128458e-10 0.000000000000000000e+00 3.757796858668564237e-12 0.000000000000000000e+00 0.000000000000000000e+00 0.000000000000000000e+00 4.351821015607691256e-11 2.674165194442916430e-14 2.021401965929528325e-15 4.636757139807170241e-09 0.000000000000000000e+00 0.000000000000000000e+00 0.000000000000000000e+00 0.000000000000000000e+00 0.000000000000000000e+00 0.000000000000000000e+00
2.025000000000000000e+03 6.065025244352715106e+01 5.587919960791265343e-03 0.000000000000000000e+00 2.763048019078176987e-01 0.000000000000000000e+00 7.181071953428973531e-01 7.156500857540991094e-08 3.927911035934787395e-09 6.975830024713799333e-10 0.000000000000000000e+00 5.579312140692917169e-12 0.000000000000000000e+00 0.000000000000000000e+00 0.000000000000000000e+00 6.997528061512045753e-11 4.517152136597699927e-14 3.435409609857131390e-15 6.522388034609506529e-09 0.000000000000000000e+00 0.000000000000000000e+00 0.000000000000000000e+00 0.000000000000000000e+00 0.000000000000000000e+00 0.000000000000000000e+00
2.050000000000000000e+03 6.065327611502534211e+01 5.587919591896571905e-03 0.000000000000000000e+00 2.763047935207503802e-01 0.000000000000000000e+00 7.181071754811146901e-01 9.582547002721075845e-08 5.312635279244888361e-09 1.056087608230198403e-09 0.000000000000000000e+00 8.196630411396399919e-12 0.000000000000000000e+00 0.000000000000000000e+00 0.000000000000000000e+00 1.111360929227095653e-10 7.529622336080910939e-14 5.757721757095189802e-15 9.092631528963375864e-09 0.000000000000000000e+00 0.000000000000000000e+00 0.000000000000000000e+00 0.000000000000000000e+00 0.000000000000000000e+00 0.000000000000000000e+00
2.075000000000000000e+03 6.065682670446165048e+01 5.587919403512852691e-03 0.000000000000000000e+00 2.763047742962347342e-01 0.000000000000000000e+00 7.181071574576156635e-01 1.273753873789482353e-07 7.131128181402062165e-09 1.583230915787528018e-09 0.000000000000000000e+00 1.191978339041799014e-11 0.000000000000000000e+00 0.000000000000000000e+00 0.000000000000000000e+00 1.744214617721037354e-10 1.239832589566745151e-13 9.521646658005712522e-15 1.256641558255043799e-08 0.000000000000000000e+00 0.000000000000000000e+00 0.000000000000000000e+00 0.000000000000000000e+00 0.000000000000000000e+00 0.000000000000000000e+00
2.100000000000000000e+03 6.066098151385779147e+01 5.587918894330930371e-03 0.000000000000000000e+00 2.763047533966460079e-01 0.000000000000000000e+00 7.181071302208515972e-01 1.681234722677813079e-07 9.502228528011878884e-09 2.351285462838609336e-09 0.000000000000000000e+00 1.716494493027268447e-11 0.000000000000000000e+00 0.000000000000000000e+00 0.000000000000000000e+00 2.706245193722548724e-10 2.017637099138313895e-13 1.554507004691538344e-14 1.722317861601690214e-08 0.000000000000000000e+00 0.000000000000000000e+00 0.000000000000000000e+00 0.000000000000000000e+00 0.000000000000000000e+00 0.000000000000000000e+00
2.125000000000000000e+03 6.066582437145183349e+01 5.587918355384286981e-03 0.000000000000000000e+00 2.763047253566374706e-01 0.000000000000000000e+00 7.181070959944240162e-01 2.204033044262791602e-07 1.257260427569148526e-08 3.460608973069016539e-09 0.000000000000000000e+00 2.448569841420046731e-11 0.000000000000000000e+00 0.000000000000000000e+00 0.000000000000000000e+00 4.152751672812272894e-10 3.246476052397933242e-13 2.506746610420515181e-14 2.341692596870889240e-08 0.000000000000000000e+00 0.000000000000000000e+00 0.000000000000000000e+00 0.000000000000000000e+00 0.000000000000000000e+00 0.000000000000000000e+00
2.150000000000000000e+03 6.067145309391902686e+01 5.587917490558865635e-03 0.000000000000000000e+00 2.763046860139293792e-01 0.000000000000000000e+00 7.181070556148880790e-01 2.870504522196468313e-07 1.652211565328811105e-08 5.049495581314302047e-09 0.000000000000000000e+00 3.461196249415568069e-11 0.000000000000000000e+00 0.000000000000000000e+00 0.000000000000000000e+00 6.304883040068217734e-10 5.167256282595891732e-13 3.994586477370055376e-14 3.159290360517190983e-08 0.000000000000000000e+00 0.000000000000000000e+00 0.000000000000000000e+00 0.000000000000000000e+00 0.000000000000000000e+00 0.000000000000000000e+00
2.175000000000000000e+03 6.067797001779309340e+01 5.587916647203696081e-03 0.000000000000000000e+00 2.763046471577957908e-01 0.000000000000000000e+00 7.181069925234746520e-01 3.714903254956465313e-07 2.156998707850826093e-08 7.307138954606579723e-09 0.000000000000000000e+00 4.849806314136559356e-11 0.000000000000000000e+00 0.000000000000000000e+00 0.000000000000000000e+00 9.474430899799072664e-10 8.138924662795277512e-13 6.293218167517833214e-14 4.230725651571839731e-08 0.000000000000000000e+00 0.000000000000000000e+00 0.000000000000000000e+00 0.000000000000000000e+00 0.000000000000000000e+00 0.000000000000000000e+00
2.200000000000000000e+03 6.068549247205221775e+01 5.587915643247573852e-03 0.000000000000000000e+00 2.763045892897018074e-01 0.000000000000000000e+00 7.181069210288260063e-01 4.778373260674251830e-07 2.798184107035709535e-08 1.049058597390643023e-08 0.000000000000000000e+00 6.738159084028412711e-11 0.000000000000000000e+00 0.000000000000000000e+00 0.000000000000000000e+00 1.409676553222957854e-09 1.269127904837563526e-12 9.806166785772874973e-14 5.625004618522941525e-08 0.000000000000000000e+00 0.000000000000000000e+00 0.000000000000000000e+00 0.000000000000000000e+00 0.000000000000000000e+00 0.000000000000000000e+00
2.225000000000000000e+03 6.069414837114972983e+01 5.587914029254637156e-03 0.000000000000000000e+00 2.763045171058558513e-01 0.000000000000000000e+00 7.181068303894241334e-01 6.110065374965693078e-07 3.607769368970124122e-08 1.494679345028512844e-08 0.000000000000000000e+00 9.285492831989158647e-11 0.000000000000000000e+00 0.000000000000000000e+00 0.000000000000000000e+00 2.077422168386626812e-09 1.959922992033759672e-12 1.511916786161114977e-13 7.427205234633096190e-08 0.000000000000000000e+00 0.000000000000000000e+00 0.000000000000000000e+00 0.000000000000000000e+00 0.000000000000000000e+00 0.000000000000000000e+00
2.250000000000000000e+03 6.070407476610827757e+01 5.587912277878897410e-03 0.000000000000000000e+00 2.763044218573681432e-01 0.000000000000000000e+00 7.181067210648668375e-01 7.768384895030324175e-07 4.624097633457531018e-08 2.114117356096096244e-08 0.000000000000000000e+00 1.269515122728639610e-10 0.000000000000000000e+00 0.000000000000000000e+00 0.000000000000000000e+00 3.033257170838411590e-09 2.998638262163512823e-12 2.307419173449604034e-13 9.741580869484872992e-08 0.000000000000000000e+00 0.000000000000000000e+00 0.000000000000000000e+00 0.000000000000000000e+00 0.000000000000000000e+00 0.000000000000000000e+00
2.275000000000000000e+03 6.071542419915840583e+01 5.587909878873096106e-03 0.000000000000000000e+00 2.763043108899864708e-01 0.000000000000000000e+00 7.181065768522042481e-01 9.822380224789829018e-07 5.892867006686160299e-08 2.969435377498948415e-08 0.000000000000000000e+00 1.722490667756346363e-10 0.000000000000000000e+00 0.000000000000000000e+00 0.000000000000000000e+00 4.389434812469604724e-09 4.546836444880689060e-12 3.487022133722118055e-13 1.269513104937830936e-07 0.000000000000000000e+00 0.000000000000000000e+00 0.000000000000000000e+00 0.000000000000000000e+00 0.000000000000000000e+00 0.000000000000000000e+00
2.300000000000000000e+03 6.072835991047863047e+01 5.587906933716398593e-03 0.000000000000000000e+00 2.763041667998841766e-01 0.000000000000000000e+00 7.181064038729069177e-01 1.235328022029700637e-06 7.468262368196937702e-08 4.142929953325149706e-08 0.000000000000000000e+00 2.319923869916706336e-10 0.000000000000000000e+00 0.000000000000000000e+00 0.000000000000000000e+00 6.297265174190726009e-09 6.834967741039149819e-12 5.219925954044769043e-13 1.644169326741039719e-07 0.000000000000000000e+00 0.000000000000000000e+00 0.000000000000000000e+00 0.000000000000000000e+00 0.000000000000000000e+00 0.000000000000000000e+00
2.325000000000000000e+03 6.074306011014262907e+01 5.587903395367019473e-03 0.000000000000000000e+00 2.763039898601779565e-01 0.000000000000000000e+00 7.181061886058607291e-01 1.545618696810249404e-06 9.414213641259897386e-08 5.743144327598870433e-08 0.000000000000000000e+00 3.102382177613261834e-10 0.000000000000000000e+00 0.000000000000000000e+00 0.000000000000000000e+00 8.959067210851718863e-09 1.018920520737583302e-11 7.742834708578628866e-13 2.116660487577531861e-07 0.000000000000000000e+00 0.000000000000000000e+00 0.000000000000000000e+00 0.000000000000000000e+00 0.000000000000000000e+00 0.000000000000000000e+00
2.350000000000000000e+03 6.075971528332197380e+01 5.587898858947179005e-03 0.000000000000000000e+00 2.763037711862093571e-01 0.000000000000000000e+00 7.181059245873057106e-01 1.924193167030237833e-06 1.180578765318664377e-07 7.912509509354145087e-08 0.000000000000000000e+00 4.120252448972817837e-10 0.000000000000000000e+00 0.000000000000000000e+00 0.000000000000000000e+00 1.264326005200044578e-08 1.506777865843883670e-11 1.138411514278425451e-12 2.709199077796508676e-07 0.000000000000000000e+00 0.000000000000000000e+00 0.000000000000000000e+00 0.000000000000000000e+00 0.000000000000000000e+00 0.000000000000000000e+00
2.375000000000000000e+03 6.077853046451811281e+01 5.587893471955919684e-03 0.000000000000000000e+00 2.763034995034220898e-01 0.000000000000000000e+00 7.181056043393546640e-01 2.383910002978520225e-06 1.473072006163165458e-07 1.083701156765553282e-07 0.000000000000000000e+00 5.435721383708387654e-10 0.000000000000000000e+00 0.000000000000000000e+00 0.000000000000000000e+00 1.770328123031728125e-08 2.210982561495061223e-11 1.659561803664147255e-12 3.448273251932191562e-07 0.000000000000000000e+00 0.000000000000000000e+00 0.000000000000000000e+00 0.000000000000000000e+00 0.000000000000000000e+00 0.000000000000000000e+00
2.400000000000000000e+03 6.079972541869870639e+01 5.587886833504003906e-03 0.000000000000000000e+00 2.763031655652032348e-01 0.000000000000000000e+00 7.181052156037687206e-01 2.939622824018668164e-06 1.829109252303733030e-07 1.475837492571641222e-07 0.000000000000000000e+00 7.125069798490522999e-10 0.000000000000000000e+00 0.000000000000000000e+00 0.000000000000000000e+00 2.460112517135928482e-08 3.220065387399578288e-11 2.399426711080706022e-12 4.365317933665828872e-07 0.000000000000000000e+00 0.000000000000000000e+00 0.000000000000000000e+00 0.000000000000000000e+00 0.000000000000000000e+00 0.000000000000000000e+00
2.425000000000000000e+03 6.082353329039843004e+01 5.587878610102692441e-03 0.000000000000000000e+00 2.763027616242640927e-01 0.000000000000000000e+00 7.181047407411154104e-01 3.608418126176244203e-06 2.260516572534614454e-07 1.998935649154957978e-07 0.000000000000000000e+00 9.281313783052830365e-10 0.000000000000000000e+00 0.000000000000000000e+00 0.000000000000000000e+00 3.393643350722927846e-08 4.655836640093992194e-11 3.441602596319945028e-12 5.497466046415848664e-07 0.000000000000000000e+00 0.000000000000000000e+00 0.000000000000000000e+00 0.000000000000000000e+00 0.000000000000000000e+00 0.000000000000000000e+00
2.450000000000000000e+03 6.085020355776140377e+01 5.587868546135013256e-03 0.000000000000000000e+00 2.763022641801550772e-01 0.000000000000000000e+00 7.181041733865296539e-01 4.409870614414809225e-06 2.780936244337892771e-07 2.693286391433100105e-07 0.000000000000000000e+00 1.201722658452440533e-09 0.000000000000000000e+00 0.000000000000000000e+00 0.000000000000000000e+00 4.648218792915837890e-08 6.684814070196924233e-11 4.898543444500507286e-12 6.888386450985601988e-07 0.000000000000000000e+00 0.000000000000000000e+00 0.000000000000000000e+00 0.000000000000000000e+00 0.000000000000000000e+00 0.000000000000000000e+00
2.475000000000000000e+03 6.087999639588700518e+01 5.587856436778820997e-03 0.000000000000000000e+00 2.763016653854978300e-01 0.000000000000000000e+00 7.181034863995922057e-01 5.366317447428907047e-06 3.406041910546514940e-07 3.610577066189461603e-07 0.000000000000000000e+00 1.546878149896101945e-09 0.000000000000000000e+00 0.000000000000000000e+00 0.000000000000000000e+00 6.322823982284868311e-08 9.533209115885129362e-11 6.920458085442825530e-12 8.589214155857271100e-07 0.000000000000000000e+00 0.000000000000000000e+00 0.000000000000000000e+00 0.000000000000000000e+00 0.000000000000000000e+00 0.000000000000000000e+00
2.500000000000000000e+03 6.091318999112709065e+01 5.587841642562132484e-03 0.000000000000000000e+00 2.763009332701786835e-01 0.000000000000000000e+00 7.181026713596295741e-01 6.503149597176158146e-06 4.153769182938570059e-07 4.816845550227759372e-07 0.000000000000000000e+00 1.979904342887242966e-09 0.000000000000000000e+00 0.000000000000000000e+00 0.000000000000000000e+00 8.543401041684514200e-08 1.350646378046162158e-10 9.706621974820117723e-12 1.065957873079723811e-06 0.000000000000000000e+00 0.000000000000000000e+00 0.000000000000000000e+00 0.000000000000000000e+00 0.000000000000000000e+00 0.000000000000000000e+00
2.525000000000000000e+03 6.095007270915436948e+01 5.587823742583979125e-03 0.000000000000000000e+00 2.763000527835246523e-01 0.000000000000000000e+00 7.181016959914162667e-01 7.849122665044583899e-06 5.044564015330949287e-07 6.396131793637129157e-07 0.000000000000000000e+00 2.520255705903020602e-09 0.000000000000000000e+00 0.000000000000000000e+00 0.000000000000000000e+00 1.146919666458913830e-07 1.901458000792253326e-10 1.351966417173212419e-11 1.316874341581169882e-06 0.000000000000000000e+00 0.000000000000000000e+00 0.000000000000000000e+00 0.000000000000000000e+00 0.000000000000000000e+00 0.000000000000000000e+00
2.550000000000000000e+03 6.099094678424980032e+01 5.587802244471370451e-03 0.000000000000000000e+00 2.762989918519190846e-01 0.000000000000000000e+00 7.181005373937316971e-01 9.436683883071247207e-06 6.101646387337917842e-07 8.454972121080824020e-07 0.000000000000000000e+00 3.191025487639482814e-09 0.000000000000000000e+00 0.000000000000000000e+00 0.000000000000000000e+00 1.530035272862297338e-07 2.660476879837398891e-10 1.870350249650385637e-11 1.619684839925709483e-06 0.000000000000000000e+00 0.000000000000000000e+00 0.000000000000000000e+00 0.000000000000000000e+00 0.000000000000000000e+00 0.000000000000000000e+00
2.575000000000000000e+03 6.103612695044410685e+01 5.587776475074441619e-03 0.000000000000000000e+00 2.762977173046607948e-01 0.000000000000000000e+00 7.180991650689091399e-01 1.130231839943354081e-05 7.351291579332917700e-07 1.112791002883997395e-06 0.000000000000000000e+00 4.019493776009421847e-09 0.000000000000000000e+00 0.000000000000000000e+00 0.000000000000000000e+00 2.028693651303411012e-07 3.700332251201255544e-10 2.570572237611026804e-11 1.983628197435547789e-06 0.000000000000000000e+00 0.000000000000000000e+00 0.000000000000000000e+00 0.000000000000000000e+00 0.000000000000000000e+00 0.000000000000000000e+00
2.600000000000000000e+03 6.108593912148111826e+01 5.587745665598039223e-03 0.000000000000000000e+00 2.762961836856195341e-01 0.000000000000000000e+00 7.180975507060384233e-01 1.348690931688130974e-05 8.823126668894971443e-07 1.458422967782904158e-06 0.000000000000000000e+00 5.037733913672947837e-09 0.000000000000000000e+00 0.000000000000000000e+00 0.000000000000000000e+00 2.673961692529525181e-07 5.116900863181923196e-10 3.510533516348102689e-11 2.419317093901712237e-06 0.000000000000000000e+00 0.000000000000000000e+00 0.000000000000000000e+00 0.000000000000000000e+00 0.000000000000000000e+00 0.000000000000000000e+00
2.625000000000000000e+03 6.114071890822656030e+01 5.587708516321759043e-03 0.000000000000000000e+00 2.762943533790785944e-01 0.000000000000000000e+00 7.180956469713324353e-01 1.603611688274563942e-05 1.055044510438354537e-06 1.903614611709812797e-06 0.000000000000000000e+00 6.283283808931900608e-09 0.000000000000000000e+00 0.000000000000000000e+00 0.000000000000000000e+00 3.504222229110527536e-07 7.036083103297138118e-10 4.764702365130435150e-11 2.938900500191352842e-06 0.000000000000000000e+00 0.000000000000000000e+00 0.000000000000000000e+00 0.000000000000000000e+00 0.000000000000000000e+00 0.000000000000000000e+00
2.650000000000000000e+03 6.120081116779051911e+01 5.587664289380006935e-03 0.000000000000000000e+00 2.762921697781342556e-01 0.000000000000000000e+00 7.180934115036363696e-01 1.900077120568972357e-05 1.257053532794524314e-06 2.474873256402120194e-06 0.000000000000000000e+00 7.799881196339668429e-09 0.000000000000000000e+00 0.000000000000000000e+00 0.000000000000000000e+00 4.566641965887078980e-07 9.622355591477746844e-10 6.428313894119449523e-11 3.556240257858116121e-06 0.000000000000000000e+00 0.000000000000000000e+00 0.000000000000000000e+00 0.000000000000000000e+00 0.000000000000000000e+00 0.000000000000000000e+00
2.675000000000000000e+03 6.126656924253931891e+01 5.587611528704510867e-03 0.000000000000000000e+00 2.762895576449324597e-01 0.000000000000000000e+00 7.180908058340558231e-01 2.243727692178616677e-05 1.492502399847516839e-06 3.205190057329088041e-06 0.000000000000000000e+00 9.638269869529602746e-09 0.000000000000000000e+00 0.000000000000000000e+00 0.000000000000000000e+00 5.918879216193837541e-07 1.308951683106415115e-09 8.622495900581479576e-11 4.287101560114128950e-06 0.000000000000000000e+00 0.000000000000000000e+00 0.000000000000000000e+00 0.000000000000000000e+00 0.000000000000000000e+00 0.000000000000000000e+00
2.700000000000000000e+03 6.133834860982382509e+01 5.587548925307089104e-03 0.000000000000000000e+00 2.762864559792150287e-01 0.000000000000000000e+00 7.180877593465700981e-01 2.640803574312786386e-05 1.766023630583578033e-06 4.135481062756392545e-06 0.000000000000000000e+00 1.185707734977406942e-08 0.000000000000000000e+00 0.000000000000000000e+00 0.000000000000000000e+00 7.631060436804206679e-07 1.771411659364211133e-09 1.150048871694293117e-10 5.149358933713888038e-06 0.000000000000000000e+00 0.000000000000000000e+00 0.000000000000000000e+00 0.000000000000000000e+00 0.000000000000000000e+00 0.000000000000000000e+00
2.725000000000000000e+03 6.141651380979913455e+01 5.587474189254127387e-03 0.000000000000000000e+00 2.762827698011118271e-01 0.000000000000000000e+00 7.180842159845414185e-01 3.098187218231453032e-05 2.082756753550841961e-06 5.316311802088017380e-06 0.000000000000000000e+00 1.452376467773432383e-08 0.000000000000000000e+00 0.000000000000000000e+00 0.000000000000000000e+00 9.788054281806281345e-07 2.385216023304544995e-09 1.525515704016032645e-10 6.163217394261787303e-06 0.000000000000000000e+00 0.000000000000000000e+00 0.000000000000000000e+00 0.000000000000000000e+00 0.000000000000000000e+00 0.000000000000000000e+00
2.750000000000000000e+03 6.150143129808335374e+01 5.587385713073900542e-03 0.000000000000000000e+00 2.762783891415144244e-01 0.000000000000000000e+00 7.180801105537913953e-01 3.623447912539864979e-05 2.448386707360449671e-06 6.809955217394401928e-06 0.000000000000000000e+00 1.771565342998537328e-08 0.000000000000000000e+00 0.000000000000000000e+00 0.000000000000000000e+00 1.249207778217182305e-06 3.195979645670458353e-09 2.012801551995950831e-10 7.351449878592822606e-06 0.000000000000000000e+00 0.000000000000000000e+00 0.000000000000000000e+00 0.000000000000000000e+00 0.000000000000000000e+00 0.000000000000000000e+00
2.775000000000000000e+03 6.159346586879271968e+01 5.587280909126051374e-03 0.000000000000000000e+00 2.762732066978296763e-01 0.000000000000000000e+00 7.180753492439158059e-01 4.224886356494741486e-05 2.869183795951058092e-06 8.692836456741685891e-06 0.000000000000000000e+00 2.152103160991140524e-08 0.000000000000000000e+00 0.000000000000000000e+00 0.000000000000000000e+00 1.586566661270928209e-06 4.261880539045169389e-09 2.642002567816213351e-10 8.739651537078549820e-06 0.000000000000000000e+00 0.000000000000000000e+00 0.000000000000000000e+00 0.000000000000000000e+00 0.000000000000000000e+00 0.000000000000000000e+00
2.800000000000000000e+03 6.169298593519225449e+01 5.587156795414417731e-03 0.000000000000000000e+00 2.762670691439071957e-01 0.000000000000000000e+00 7.180698537359518907e-01 4.911579982586509129e-05 3.352044075260197672e-06 1.105842493965072270e-05 0.000000000000000000e+00 2.604033141215795689e-08 0.000000000000000000e+00 0.000000000000000000e+00 0.000000000000000000e+00 2.005504370647453008e-06 5.656786512022653703e-09 3.450443823514150570e-10 1.035650935264589217e-05 0.000000000000000000e+00 0.000000000000000000e+00 0.000000000000000000e+00 0.000000000000000000e+00 0.000000000000000000e+00 0.000000000000000000e+00
2.825000000000000000e+03 6.180035598067046720e+01 5.587010089719619647e-03 0.000000000000000000e+00 2.762598169202998277e-01 0.000000000000000000e+00 7.180635167283243581e-01 5.693429315151267509e-05 3.904531344394363971e-06 1.402064385307168589e-05 0.000000000000000000e+00 3.138739401535207672e-08 0.000000000000000000e+00 0.000000000000000000e+00 0.000000000000000000e+00 2.523392473283955901e-06 7.474073553877161705e-09 4.484201499280841262e-10 1.223409094621147732e-05 0.000000000000000000e+00 0.000000000000000000e+00 0.000000000000000000e+00 0.000000000000000000e+00 0.000000000000000000e+00 0.000000000000000000e+00
2.850000000000000000e+03 6.191593833618539122e+01 5.586836887175398655e-03 0.000000000000000000e+00 2.762512557169646832e-01 0.000000000000000000e+00 7.180562255315122711e-01 6.581204025181515893e-05 4.534919358633715858e-06 1.771787383631248631e-05 0.000000000000000000e+00 3.769080377095854579e-08 0.000000000000000000e+00 0.000000000000000000e+00 0.000000000000000000e+00 3.160779448611019360e-06 9.831268970987874373e-09 5.799898017412111759e-10 1.440814938980259979e-05 0.000000000000000000e+00 0.000000000000000000e+00 0.000000000000000000e+00 0.000000000000000000e+00 0.000000000000000000e+00 0.000000000000000000e+00
2.875000000000000000e+03 6.204009026668593663e+01 5.586632557884038675e-03 0.000000000000000000e+00 2.762411497908114910e-01 0.000000000000000000e+00 7.180478628611859371e-01 7.586588904593792192e-05 5.252234709622348032e-06 2.231763362797984401e-05 0.000000000000000000e+00 4.509530580888810466e-08 0.000000000000000000e+00 0.000000000000000000e+00 0.000000000000000000e+00 3.941869069249160496e-06 1.287567053664522425e-08 7.466809455033252596e-10 1.691844600824607886e-05 0.000000000000000000e+00 0.000000000000000000e+00 0.000000000000000000e+00 0.000000000000000000e+00 0.000000000000000000e+00 0.000000000000000000e+00
2.900000000000000000e+03 6.217316543976235010e+01 5.586391781179375973e-03 0.000000000000000000e+00 2.762292450818501499e-01 0.000000000000000000e+00 7.180382768425358497e-01 8.722230384473904136e-05 6.066300791831025568e-06 2.802203649141492490e-05 0.000000000000000000e+00 5.376329557552915661e-08 0.000000000000000000e+00 0.000000000000000000e+00 0.000000000000000000e+00 4.895053052040975532e-06 1.679112020665965084e-08 9.569329096120000358e-10 1.980908890579300885e-05 0.000000000000000000e+00 0.000000000000000000e+00 0.000000000000000000e+00 0.000000000000000000e+00 0.000000000000000000e+00 0.000000000000000000e+00
2.925000000000000000e+03 6.231551212533032924e+01 5.586108335604447230e-03 0.000000000000000000e+00 2.762152318902222348e-01 0.000000000000000000e+00 7.180273107551683465e-01 1.000178199360018136e-04 6.987781103804150202e-06 3.507411981226098656e-05 0.000000000000000000e+00 6.387637727090552853e-08 0.000000000000000000e+00 0.000000000000000000e+00 0.000000000000000000e+00 6.053502939974400772e-06 2.180613467352903763e-08 1.220983708501128712e-09 2.312889171740244577e-05 0.000000000000000000e+00 0.000000000000000000e+00 0.000000000000000000e+00 0.000000000000000000e+00 0.000000000000000000e+00 0.000000000000000000e+00
2.950000000000000000e+03 6.246747268653723495e+01 5.585774992676394157e-03 0.000000000000000000e+00 2.761987458440497423e-01 0.000000000000000000e+00 7.180147933205925925e-01 1.143994899159800447e-04 8.028223259974181323e-06 4.376516918378136288e-05 0.000000000000000000e+00 7.563700553539293854e-08 0.000000000000000000e+00 0.000000000000000000e+00 0.000000000000000000e+00 7.455822009294208792e-06 2.820362392571338234e-08 1.551202432111918713e-09 2.693174648036351863e-05 0.000000000000000000e+00 0.000000000000000000e+00 0.000000000000000000e+00 0.000000000000000000e+00 0.000000000000000000e+00 0.000000000000000000e+00
2.975000000000000000e+03 6.262938548772907410e+01 5.585383226528217379e-03 0.000000000000000000e+00 2.761793763116455747e-01 0.000000000000000000e+00 7.180005205355868281e-01 1.305253265514517470e-04 9.200101888923272988e-06 5.444315407613749611e-05 0.000000000000000000e+00 8.927017300241149969e-08 0.000000000000000000e+00 0.000000000000000000e+00 0.000000000000000000e+00 9.146763297172753624e-06 3.633245805703039525e-08 1.962473329518098113e-09 3.127701532113243669e-05 0.000000000000000000e+00 0.000000000000000000e+00 0.000000000000000000e+00 0.000000000000000000e+00 0.000000000000000000e+00 0.000000000000000000e+00
3.000000000000000000e+03 6.280158383061610294e+01 5.584923391878427595e-03 0.000000000000000000e+00 2.761566365439345749e-01 0.000000000000000000e+00 7.179842739997867040e-01 1.485647180708694036e-04 1.051686235401679886e-05 6.752241766701778752e-05 0.000000000000000000e+00 1.050251621795449463e-07 0.000000000000000000e+00 0.000000000000000000e+00 0.000000000000000000e+00 1.117801460197924323e-05 4.662118517171668035e-08 2.472637135052939570e-09 3.622993272192498600e-05 0.000000000000000000e+00 0.000000000000000000e+00 0.000000000000000000e+00 0.000000000000000000e+00 0.000000000000000000e+00 0.000000000000000000e+00
3.025000000000000000e+03 6.298440091613337444e+01 5.584383992986588843e-03 0.000000000000000000e+00 2.761299645801267855e-01 0.000000000000000000e+00 7.179658079229028766e-01 1.686988355340952568e-04 1.199296160915614985e-05 8.349474846512047212e-05 0.000000000000000000e+00 1.231773563876232534e-07 0.000000000000000000e+00 0.000000000000000000e+00 0.000000000000000000e+00 1.360905560978673868e-05 5.959422673200941671e-08 3.102996810711301494e-09 4.186202818568569189e-05 0.000000000000000000e+00 0.000000000000000000e+00 0.000000000000000000e+00 0.000000000000000000e+00 0.000000000000000000e+00 0.000000000000000000e+00
3.050000000000000000e+03 6.317816919927916786e+01 5.583751918113567456e-03 0.000000000000000000e+00 2.760987143648860331e-01 0.000000000000000000e+00 7.179448433278222685e-01 1.911210208838349058e-04 1.364390994115282708e-05 1.029420146051812456e-04 0.000000000000000000e+00 1.440300830652895212e-07 0.000000000000000000e+00 0.000000000000000000e+00 0.000000000000000000e+00 1.650808553897761263e-05 7.589092987169746964e-08 3.878894053338650342e-09 4.825155830212843512e-05 0.000000000000000000e+00 0.000000000000000000e+00 0.000000000000000000e+00 0.000000000000000000e+00 0.000000000000000000e+00 0.000000000000000000e+00
3.075000000000000000e+03 6.338322468700737033e+01 5.583012072582832150e-03 0.000000000000000000e+00 2.760621293111812924e-01 0.000000000000000000e+00 7.179210786638531294e-01 2.160371175996450067e-04 1.548630831284406319e-05 1.265505109053999223e-04 0.000000000000000000e+00 1.679164925766268019e-07 0.000000000000000000e+00 0.000000000000000000e+00 0.000000000000000000e+00 1.995302824265933380e-05 9.628788749072679965e-08 4.830364576777688133e-09 5.548395257751546065e-05 0.000000000000000000e+00 0.000000000000000000e+00 0.000000000000000000e+00 0.000000000000000000e+00 0.000000000000000000e+00 0.000000000000000000e+00
3.100000000000000000e+03 6.359991046582720742e+01 5.582146779148259436e-03 0.000000000000000000e+00 2.760193458227551133e-01 0.000000000000000000e+00 7.178941687516313674e-01 2.436657950939261151e-04 1.753788519316990826e-05 1.551271769243832324e-04 0.000000000000000000e+00 1.952014470229400963e-07 0.000000000000000000e+00 0.000000000000000000e+00 0.000000000000000000e+00 2.403260922099103710e-05 1.217249986189531589e-07 5.992879637988975181e-09 6.365226070737613120e-05 0.000000000000000000e+00 0.000000000000000000e+00 0.000000000000000000e+00 0.000000000000000000e+00 0.000000000000000000e+00 0.000000000000000000e+00
3.125000000000000000e+03 6.382858277630728594e+01 5.581135824543835208e-03 0.000000000000000000e+00 2.759693527688130144e-01 0.000000000000000000e+00 7.178637450476778037e-01 2.742387853132469936e-04 1.981752891384773403e-05 1.896178953869171141e-04 0.000000000000000000e+00 2.262834150848465875e-07 0.000000000000000000e+00 0.000000000000000000e+00 0.000000000000000000e+00 2.884751013958083673e-05 1.533357399618342841e-07 7.408181059258091492e-09 7.285761187569903105e-05 0.000000000000000000e+00 0.000000000000000000e+00 0.000000000000000000e+00 0.000000000000000000e+00 0.000000000000000000e+00 0.000000000000000000e+00
3.150000000000000000e+03 6.406961547251957256e+01 5.579955911401545537e-03 0.000000000000000000e+00 2.759110115215087644e-01 0.000000000000000000e+00 7.178293736047544060e-01 3.080011070208562825e-04 2.234531575899612594e-05 2.311280660873935738e-04 0.000000000000000000e+00 2.615963508392760390e-07 0.000000000000000000e+00 0.000000000000000000e+00 0.000000000000000000e+00 3.451159401752252346e-05 1.924822412472722802e-07 9.125218976192186190e-09 8.320967563955044687e-05 0.000000000000000000e+00 0.000000000000000000e+00 0.000000000000000000e+00 0.000000000000000000e+00 0.000000000000000000e+00 0.000000000000000000e+00
3.175000000000000000e+03 6.432340467510510962e+01 5.578580517436889860e-03 0.000000000000000000e+00 2.758429972376955641e-01 0.000000000000000000e+00 7.177905890263270861e-01 3.452111907593995947e-04 2.514253463773476679e-05 2.809455581782105220e-04 0.000000000000000000e+00 3.016115262449207304e-07 0.000000000000000000e+00 0.000000000000000000e+00 0.000000000000000000e+00 4.115320763039625139e-05 2.407957606321171939e-07 1.120120015256920540e-08 9.482711884772432407e-05 0.000000000000000000e+00 0.000000000000000000e+00 0.000000000000000000e+00 0.000000000000000000e+00 0.000000000000000000e+00 0.000000000000000000e+00
3.200000000000000000e+03 6.459038039540577358e+01 5.576978663778006315e-03 0.000000000000000000e+00 2.757637998273343438e-01 0.000000000000000000e+00 7.177468671873056261e-01 3.861408978177594681e-04 2.823170244435759891e-05 3.405663744783990737e-04 0.000000000000000000e+00 3.468392988445082022e-07 0.000000000000000000e+00 0.000000000000000000e+00 0.000000000000000000e+00 4.891654113761923574e-05 3.002231295097464319e-07 1.370275269074257436e-08 1.078380405228652892e-04 0.000000000000000000e+00 0.000000000000000000e+00 0.000000000000000000e+00 0.000000000000000000e+00 0.000000000000000000e+00 0.000000000000000000e+00
3.225000000000000000e+03 6.487101251313738715e+01 5.575115733474274651e-03 0.000000000000000000e+00 2.756716844286257739e-01 0.000000000000000000e+00 7.176976337222888969e-01 4.310754579351326870e-04 3.163657044016546108e-05 4.117230128054873172e-04 0.000000000000000000e+00 3.978307705182690699e-07 0.000000000000000000e+00 0.000000000000000000e+00 0.000000000000000000e+00 5.796305097771166294e-05 3.730799282709376824e-07 1.670721711695810918e-08 1.223804055367300420e-04 0.000000000000000000e+00 0.000000000000000000e+00 0.000000000000000000e+00 0.000000000000000000e+00 0.000000000000000000e+00 0.000000000000000000e+00
3.250000000000000000e+03 6.516582066897208847e+01 5.572951747702272959e-03 0.000000000000000000e+00 2.755646773598277588e-01 0.000000000000000000e+00 7.176422465950870189e-01 4.803132954023028867e-04 3.538212819808698057e-05 4.964158962222475074e-04 0.000000000000000000e+00 4.551793108932402508e-07 0.000000000000000000e+00 0.000000000000000000e+00 0.000000000000000000e+00 6.847293385284729640e-05 4.621110850757535630e-07 2.030406916390228136e-08 1.386024492426313887e-04 0.000000000000000000e+00 0.000000000000000000e+00 0.000000000000000000e+00 0.000000000000000000e+00 0.000000000000000000e+00 0.000000000000000000e+00
3.275000000000000000e+03 6.547538524532998849e+01 5.570440981455104974e-03 0.000000000000000000e+00 2.754405315824262623e-01 0.000000000000000000e+00 7.175799950923322790e-01 5.341656445753601747e-04 3.949458488858135244e-05 5.969477817195353647e-04 0.000000000000000000e+00 5.195218836869863207e-07 0.000000000000000000e+00 0.000000000000000000e+00 0.000000000000000000e+00 8.064663223786163284e-05 5.705595416331221592e-07 2.459647894723579764e-08 1.566630224607403539e-04 0.000000000000000000e+00 0.000000000000000000e+00 0.000000000000000000e+00 0.000000000000000000e+00 0.000000000000000000e+00 0.000000000000000000e+00
3.300000000000000000e+03 6.580036059763409639e+01 5.567531896472471473e-03 0.000000000000000000e+00 2.752966845255540029e-01 0.000000000000000000e+00 7.175101030482863296e-01 5.929559726569911269e-04 4.400134161046010827e-05 7.159614665194938103e-04 0.000000000000000000e+00 5.915401462881528946e-07 0.000000000000000000e+00 0.000000000000000000e+00 0.000000000000000000e+00 9.470635886478319713e-05 7.022438660985584395e-07 2.970300999780843582e-08 1.767319030130775476e-04 0.000000000000000000e+00 0.000000000000000000e+00 0.000000000000000000e+00 0.000000000000000000e+00 0.000000000000000000e+00 0.000000000000000000e+00
3.325000000000000000e+03 6.614148614887002964e+01 5.564166032939862373e-03 0.000000000000000000e+00 2.751302515733618503e-01 0.000000000000000000e+00 7.174316945276378865e-01 6.570192968836652270e-04 4.893094776592379420e-05 8.564805849097594740e-04 0.000000000000000000e+00 6.719612129106865127e-07 0.000000000000000000e+00 0.000000000000000000e+00 0.000000000000000000e+00 1.108976258731191516e-04 8.616453650278463781e-07 3.575945894462985347e-08 1.989900445909439106e-04 0.000000000000000000e+00 0.000000000000000000e+00 0.000000000000000000e+00 0.000000000000000000e+00 0.000000000000000000e+00 0.000000000000000000e+00
3.350000000000000000e+03 6.649960155649168314e+01 5.560277162077223792e-03 0.000000000000000000e+00 2.749379574977820484e-01 0.000000000000000000e+00 7.173438186180326470e-01 7.267011004785246505e-04 5.431303527694694510e-05 1.021953683834755239e-03 0.000000000000000000e+00 7.615581061712313200e-07 0.000000000000000000e+00 0.000000000000000000e+00 0.000000000000000000e+00 1.294907210631203540e-04 1.054005440940184789e-06 4.292083841142278103e-08 2.236296970693110015e-04 0.000000000000000000e+00 0.000000000000000000e+00 0.000000000000000000e+00 0.000000000000000000e+00 0.000000000000000000e+00 0.000000000000000000e+00
3.375000000000000000e+03 6.687566515250922805e+01 5.555790564308853673e-03 0.000000000000000000e+00 2.747161115185959845e-01 0.000000000000000000e+00 7.172454278973749986e-01 8.023560249439695789e-04 6.017822121109138136e-05 1.216301227530445150e-03 0.000000000000000000e+00 8.611496062651292058e-07 0.000000000000000000e+00 0.000000000000000000e+00 0.000000000000000000e+00 1.507821544285663912e-04 1.285433882511103588e-06 5.136348479036766418e-08 2.508544446324172095e-04 0.000000000000000000e+00 0.000000000000000000e+00 0.000000000000000000e+00 0.000000000000000000e+00 0.000000000000000000e+00 0.000000000000000000e+00
3.400000000000000000e+03 6.727076760700757063e+01 5.550622716194122952e-03 0.000000000000000000e+00 2.744605733747930154e-01 0.000000000000000000e+00 7.171353632739330131e-01 8.843461086082300953e-04 6.655799561094629963e-05 1.443965567502523669e-03 0.000000000000000000e+00 9.715996290032455878e-07 0.000000000000000000e+00 0.000000000000000000e+00 0.000000000000000000e+00 1.750959586637813100e-04 1.563028209109662870e-06 6.128729602350438330e-08 2.808790895603106028e-04 0.000000000000000000e+00 0.000000000000000000e+00 0.000000000000000000e+00 0.000000000000000000e+00 0.000000000000000000e+00 0.000000000000000000e+00
3.425000000000000000e+03 6.768615365317165811e+01 5.544679328430962388e-03 0.000000000000000000e+00 2.741666976716294890e-01 0.000000000000000000e+00 7.170123609104942508e-01 9.730387745002215148e-04 7.348455550891278497e-05 1.709962823506129157e-03 0.000000000000000000e+00 1.093815945644176118e-06 0.000000000000000000e+00 0.000000000000000000e+00 0.000000000000000000e+00 2.027848557987345737e-04 1.895004862085162304e-06 7.291806407366960409e-08 3.139293412595066651e-04 0.000000000000000000e+00 0.000000000000000000e+00 0.000000000000000000e+00 0.000000000000000000e+00 0.000000000000000000e+00 0.000000000000000000e+00
3.450000000000000000e+03 6.812324278525983345e+01 5.537855560972722649e-03 0.000000000000000000e+00 2.738292815999587848e-01 0.000000000000000000e+00 7.168750527478641166e-01 1.068804103094017502e-03 8.099062827781140425e-05 2.019936788131373485e-03 0.000000000000000000e+00 1.228747833431522380e-06 0.000000000000000000e+00 0.000000000000000000e+00 0.000000000000000000e+00 2.342311696226893219e-04 2.290841387619864263e-06 8.650988706552338387e-08 3.502413029703413568e-04 0.000000000000000000e+00 0.000000000000000000e+00 0.000000000000000000e+00 0.000000000000000000e+00 0.000000000000000000e+00 0.000000000000000000e+00
3.475000000000000000e+03 6.858364836602356718e+01 5.530034548890841277e-03 0.000000000000000000e+00 2.734425618750899178e-01 0.000000000000000000e+00 7.167219194962833884e-01 1.172011797172957783e-03 8.910921241856460727e-05 2.380213701041196395e-03 0.000000000000000000e+00 1.377383168782738349e-06 0.000000000000000000e+00 0.000000000000000000e+00 0.000000000000000000e+00 2.698475186085513735e-04 2.761430284206660471e-06 1.023476262754751828e-07 3.900606894152059832e-04 0.000000000000000000e+00 0.000000000000000000e+00 0.000000000000000000e+00 0.000000000000000000e+00 0.000000000000000000e+00 0.000000000000000000e+00
3.500000000000000000e+03 6.906920357582733061e+01 5.521086705829291418e-03 0.000000000000000000e+00 2.730001176218574410e-01 0.000000000000000000e+00 7.165513395661581297e-01 1.283027371414377071e-03 9.787330422438758734e-05 2.797855910027061653e-03 0.000000000000000000e+00 1.540743969570893922e-06 0.000000000000000000e+00 0.000000000000000000e+00 0.000000000000000000e+00 3.100770504574814203e-04 3.319243176486317450e-06 1.207493569702251139e-07 4.336417335285535084e-04 0.000000000000000000e+00 0.000000000000000000e+00 0.000000000000000000e+00 0.000000000000000000e+00 0.000000000000000000e+00 0.000000000000000000e+00
3.525000000000000000e+03 6.958198944147781617e+01 5.510868694240567307e-03 0.000000000000000000e+00 2.724948761640871298e-01 0.000000000000000000e+00 7.163615381703036800e-01 1.402207679443831642e-03 1.073155368368940962e-04 3.280714370773587293e-03 0.000000000000000000e+00 1.719880658277858753e-06 0.000000000000000000e+00 0.000000000000000000e+00 0.000000000000000000e+00 3.553932256614196895e-04 3.978503131473488591e-06 1.420687314407213308e-07 4.812457061316367151e-04 0.000000000000000000e+00 0.000000000000000000e+00 0.000000000000000000e+00 0.000000000000000000e+00 0.000000000000000000e+00 0.000000000000000000e+00
3.550000000000000000e+03 7.012435546938846187e+01 5.499223408040564143e-03 0.000000000000000000e+00 2.719190471065662251e-01 0.000000000000000000e+00 7.161506134869517481e-01 1.529895572991391397e-03 1.174677760979022176e-04 3.837476646808652032e-03 0.000000000000000000e+00 1.915865170347107979e-06 0.000000000000000000e+00 0.000000000000000000e+00 0.000000000000000000e+00 4.062990461113190756e-04 4.755364833473404221e-06 1.666972274863951472e-07 5.331390292010355436e-04 0.000000000000000000e+00 0.000000000000000000e+00 0.000000000000000000e+00 0.000000000000000000e+00 0.000000000000000000e+00 0.000000000000000000e+00
3.575000000000000000e+03 7.069895745526693531e+01 5.485978053485864904e-03 0.000000000000000000e+00 2.712641048333169214e-01 0.000000000000000000e+00 7.159165248785247515e-01 1.666414052006032036e-03 1.283606270192083891e-04 4.477708239403166077e-03 0.000000000000000000e+00 2.129781855323624882e-06 0.000000000000000000e+00 0.000000000000000000e+00 0.000000000000000000e+00 4.633255288384817948e-04 5.668097133022656935e-06 1.950661460878442862e-07 5.895908422713013949e-04 0.000000000000000000e+00 0.000000000000000000e+00 0.000000000000000000e+00 0.000000000000000000e+00 0.000000000000000000e+00 0.000000000000000000e+00
3.600000000000000000e+03 7.130877839004486418e+01 5.470945223397984634e-03 0.000000000000000000e+00 2.705207773034172258e-01 0.000000000000000000e+00 7.156570829566402114e-01 1.812059071704475019e-03 1.400228878405658322e-04 5.211885423319683429e-03 0.000000000000000000e+00 2.362716572473718240e-06 0.000000000000000000e+00 0.000000000000000000e+00 0.000000000000000000e+00 5.270293744015090752e-04 6.737267001136504339e-06 2.276482425746503446e-07 6.508701274623884163e-04 0.000000000000000000e+00 0.000000000000000000e+00 0.000000000000000000e+00 0.000000000000000000e+00 0.000000000000000000e+00 0.000000000000000000e+00
3.625000000000000000e+03 7.195716839234532358e+01 5.453921423430338998e-03 0.000000000000000000e+00 2.696790040503271313e-01 0.000000000000000000e+00 7.153699900144590007e-01 1.967091757956953083e-03 1.524808891504065450e-04 6.051413665426532730e-03 0.000000000000000000e+00 2.615743797152253489e-06 0.000000000000000000e+00 0.000000000000000000e+00 0.000000000000000000e+00 5.979895773702906259e-04 7.985916098795486557e-06 2.649588786370064871e-07 7.172420031045449295e-04 0.000000000000000000e+00 0.000000000000000000e+00 0.000000000000000000e+00 0.000000000000000000e+00 0.000000000000000000e+00 0.000000000000000000e+00
3.650000000000000000e+03 7.264787197776556127e+01 5.434688218462807759e-03 0.000000000000000000e+00 2.687279871861065761e-01 0.000000000000000000e+00 7.150528027265512510e-01 2.131729553366434448e-03 1.657577920216003146e-04 7.008630803825675361e-03 0.000000000000000000e+00 2.889911460298281935e-06 0.000000000000000000e+00 0.000000000000000000e+00 0.000000000000000000e+00 6.768029955825292888e-04 9.439725740796588114e-06 3.075565816646563986e-07 7.889635303004471651e-04 0.000000000000000000e+00 0.000000000000000000e+00 0.000000000000000000e+00 0.000000000000000000e+00 0.000000000000000000e+00 0.000000000000000000e+00
3.675000000000000000e+03 7.338506619228533623e+01 5.413012307966336492e-03 0.000000000000000000e+00 2.676561838555988615e-01 0.000000000000000000e+00 7.147029811765985841e-01 2.306136313693587028e-03 1.798727692860560014e-04 8.096786822454318105e-03 0.000000000000000000e+00 3.186222735221549171e-06 0.000000000000000000e+00 0.000000000000000000e+00 0.000000000000000000e+00 7.640785703222328657e-04 1.112716283033502272e-05 3.560427257896389897e-07 8.662787557886097046e-04 0.000000000000000000e+00 0.000000000000000000e+00 0.000000000000000000e+00 0.000000000000000000e+00 0.000000000000000000e+00 0.000000000000000000e+00
3.700000000000000000e+03 7.417339185026173709e+01 5.388646535091527051e-03 0.000000000000000000e+00 2.664513740464712344e-01 0.000000000000000000e+00 7.143178902124958096e-01 2.490411790120316497e-03 1.948401096901374507e-04 9.329998168942187434e-03 0.000000000000000000e+00 3.505616001800652248e-06 0.000000000000000000e+00 0.000000000000000000e+00 0.000000000000000000e+00 8.604300593715338667e-04 1.307959396704199497e-05 4.110602512998773376e-07 9.494128075971347384e-04 0.000000000000000000e+00 0.000000000000000000e+00 0.000000000000000000e+00 0.000000000000000000e+00 0.000000000000000000e+00 0.000000000000000000e+00
3.725000000000000000e+03 7.501799298385569159e+01 5.361331521611654473e-03 0.000000000000000000e+00 2.651007322435930402e-01 0.000000000000000000e+00 7.138948314722340927e-01 2.684580236582279587e-03 2.106682848997516136e-04 1.072316977629373183e-02 0.000000000000000000e+00 3.848941982636171444e-06 0.000000000000000000e+00 0.000000000000000000e+00 0.000000000000000000e+00 9.664674377780360865e-04 1.533135963290731244e-05 4.732911971269594120e-07 1.038565434194901362e-03 0.000000000000000000e+00 0.000000000000000000e+00 0.000000000000000000e+00 0.000000000000000000e+00 0.000000000000000000e+00 0.000000000000000000e+00
3.750000000000000000e+03 7.592454955103940506e+01 5.330797832969071288e-03 0.000000000000000000e+00 2.635909379394010266e-01 0.000000000000000000e+00 7.134310776276633348e-01 2.888578413668207046e-03 2.273589215292277238e-04 1.229187897355758959e-02 0.000000000000000000e+00 4.216938067213349325e-06 0.000000000000000000e+00 0.000000000000000000e+00 0.000000000000000000e+00 1.082786399928760543e-03 1.791979585889961162e-05 5.434528189337279514e-07 1.133903704537792163e-03 0.000000000000000000e+00 0.000000000000000000e+00 0.000000000000000000e+00 0.000000000000000000e+00 0.000000000000000000e+00 0.000000000000000000e+00
3.775000000000000000e+03 7.689931513084356141e+01 5.296769093923871068e-03 0.000000000000000000e+00 2.619083252586560939e-01 0.000000000000000000e+00 7.129239112875052076e-01 3.102243368788497324e-03 2.449057506223508568e-04 1.405221719461453682e-02 0.000000000000000000e+00 4.610201209650886342e-06 0.000000000000000000e+00 0.000000000000000000e+00 0.000000000000000000e+00 1.209956401200377269e-03 2.088518690430058011e-05 6.222920743521920661e-07 1.235553964500936712e-03 0.000000000000000000e+00 0.000000000000000000e+00 0.000000000000000000e+00 0.000000000000000000e+00 0.000000000000000000e+00 0.000000000000000000e+00
3.800000000000000000e+03 7.794914185339008839e+01 5.258965711548460771e-03 0.000000000000000000e+00 2.600390727630718657e-01 0.000000000000000000e+00 7.123706704829846359e-01 3.325300744709949741e-03 2.632935818137230148e-04 1.602058563029398058e-02 0.000000000000000000e+00 5.029158459027172220e-06 0.000000000000000000e+00 0.000000000000000000e+00 0.000000000000000000e+00 1.348507186937408136e-03 2.427064310806723691e-05 7.105785318684128719e-07 1.343593518541418268e-03 0.000000000000000000e+00 0.000000000000000000e+00 0.000000000000000000e+00 0.000000000000000000e+00 0.000000000000000000e+00 0.000000000000000000e+00
