# T Ptot H He C N O Na K Si Ar Ti V S Cl Mg Al Ca Fe Cr Li Cs Rb F P
1.500000000000000000e+03 5.637762412136213896e+01 3.448724599399531111e-03 0.000000000000000000e+00 2.645757394283124175e-01 0.000000000000000000e+00 7.319755359547983620e-01 1.641913604166423641e-11 6.625196929501571545e-13 4.955605091007530952e-15 0.000000000000000000e+00 7.090328775688041578e-17 0.000000000000000000e+00 0.000000000000000000e+00 0.000000000000000000e+00 1.008789520359303273e-16 2.014885339726723191e-20 8.402213466009166872e-22 4.028568215998210270e-13 0.000000000000000000e+00 0.000000000000000000e+00 0.000000000000000000e+00 0.000000000000000000e+00 0.000000000000000000e+00 0.000000000000000000e+00
1.525000000000000000e+03 5.637765979919723947e+01 3.448724630667874495e-03 0.000000000000000000e+00 2.645757445912192973e-01 0.000000000000000000e+00 7.319755307480346751e-01 2.815034550296010473e-11 1.159822954033062749e-12 1.059583051313114351e-14 0.000000000000000000e+00 1.476927372799325727e-16 0.000000000000000000e+00 0.000000000000000000e+00 0.000000000000000000e+00 2.403592657202772977e-16 5.152719843895901399e-20 2.284470459208450448e-21 7.568876439499150460e-13 0.000000000000000000e+00 0.000000000000000000e+00 0.000000000000000000e+00 0.000000000000000000e+00 0.000000000000000000e+00 0.000000000000000000e+00
1.550000000000000000e+03 5.637770595082174907e+01 3.448724643425059560e-03 0.000000000000000000e+00 2.645757422829773109e-01 0.000000000000000000e+00 7.319755330227777357e-01 4.741240930698905490e-11 1.993009508475482712e-12 2.209289099533125982e-14 0.000000000000000000e+00 2.999525608124531764e-16 0.000000000000000000e+00 0.000000000000000000e+00 0.000000000000000000e+00 5.561538566322040657e-16 1.277216027549247567e-19 5.987114466670699952e-21 1.391553990406269136e-12 0.000000000000000000e+00 0.000000000000000000e+00 0.000000000000000000e+00 0.000000000000000000e+00 0.000000000000000000e+00 0.000000000000000000e+00
1.575000000000000000e+03 5.637776513018071256e+01 3.448724585305183894e-03 0.000000000000000000e+00 2.645757408198343708e-01 0.000000000000000000e+00 7.319755345104295152e-01 7.851324205858794216e-11 3.364639132121574718e-12 4.497568894853410351e-14 0.000000000000000000e+00 5.946786287536101056e-16 0.000000000000000000e+00 0.000000000000000000e+00 0.000000000000000000e+00 1.251453775423640752e-15 3.073220692455402203e-19 1.515551982321432820e-20 2.506195940273319743e-12 0.000000000000000000e+00 0.000000000000000000e+00 0.000000000000000000e+00 0.000000000000000000e+00 0.000000000000000000e+00 0.000000000000000000e+00
1.600000000000000000e+03 5.637783797969112953e+01 3.448724607936555064e-03 0.000000000000000000e+00 2.645757434742903591e-01 0.000000000000000000e+00 7.319755317797359551e-01 1.279326174523705202e-10 5.585236524351244176e-12 8.949663392931551076e-14 0.000000000000000000e+00 1.152259170166577903e-15 0.000000000000000000e+00 0.000000000000000000e+00 0.000000000000000000e+00 2.742169433970141939e-15 7.188591598207777704e-19 3.712468761304973525e-20 4.425943311376976216e-12 0.000000000000000000e+00 0.000000000000000000e+00 0.000000000000000000e+00 0.000000000000000000e+00 0.000000000000000000e+00 0.000000000000000000e+00
1.625000000000000000e+03 5.637793059913914107e+01 3.448724625048128507e-03 0.000000000000000000e+00 2.645757437911357424e-01 0.000000000000000000e+00 7.319755313615664560e-01 2.052725486998064852e-10 9.123444190801579679e-12 1.742628933806821944e-13 0.000000000000000000e+00 2.184372060156156651e-15 0.000000000000000000e+00 0.000000000000000000e+00 0.000000000000000000e+00 5.858304910874365205e-15 1.636801648530406744e-18 8.815617982120664496e-20 7.671413856729196401e-12 0.000000000000000000e+00 0.000000000000000000e+00 0.000000000000000000e+00 0.000000000000000000e+00 0.000000000000000000e+00 0.000000000000000000e+00
1.650000000000000000e+03 5.637804538507548813e+01 3.448724707696347071e-03 0.000000000000000000e+00 2.645757471765730617e-01 0.000000000000000000e+00 7.319755277630836110e-01 3.245606755475058039e-10 1.467607210510235263e-11 3.323613480093298078e-13 0.000000000000000000e+00 4.055582947731551368e-15 0.000000000000000000e+00 0.000000000000000000e+00 0.000000000000000000e+00 1.221669995446688376e-14 3.632429290672875556e-18 2.032576982524304405e-19 1.306176999360650333e-11 0.000000000000000000e+00 0.000000000000000000e+00 0.000000000000000000e+00 0.000000000000000000e+00 0.000000000000000000e+00 0.000000000000000000e+00
1.675000000000000000e+03 5.637819025958316388e+01 3.448724562752006253e-03 0.000000000000000000e+00 2.645757416589175071e-01 0.000000000000000000e+00 7.319755332265336367e-01 5.060139481184189927e-10 2.326457582752221568e-11 6.214924757598611417e-13 0.000000000000000000e+00 7.381509175613927512e-15 0.000000000000000000e+00 0.000000000000000000e+00 0.000000000000000000e+00 2.489521424834996343e-14 7.866142383619061120e-18 4.557254274005205483e-19 2.186458593205842537e-11 0.000000000000000000e+00 0.000000000000000000e+00 0.000000000000000000e+00 0.000000000000000000e+00 0.000000000000000000e+00 0.000000000000000000e+00
1.700000000000000000e+03 5.637836925760630891e+01 3.448724611315075184e-03 0.000000000000000000e+00 2.645757444102553868e-01 0.000000000000000000e+00 7.319755301264547764e-01 7.783949940916982576e-10 3.636616738163155991e-11 1.140433135887836509e-12 0.000000000000000000e+00 1.318233920990509105e-14 0.000000000000000000e+00 0.000000000000000000e+00 0.000000000000000000e+00 4.962559347011500212e-14 1.664082208388609136e-17 9.950270151710530456e-19 3.601037188820840310e-11 0.000000000000000000e+00 0.000000000000000000e+00 0.000000000000000000e+00 0.000000000000000000e+00 0.000000000000000000e+00 0.000000000000000000e+00
1.725000000000000000e+03 5.637859170757993610e+01 3.448724606098634189e-03 0.000000000000000000e+00 2.645757420784585201e-01 0.000000000000000000e+00 7.319755320166605461e-01 1.182122076471816823e-09 5.608974341485319517e-11 2.055319423139542608e-12 0.000000000000000000e+00 2.311865491670609175e-14 0.000000000000000000e+00 0.000000000000000000e+00 0.000000000000000000e+00 9.686018320659212117e-14 3.442654276352763145e-17 2.118431167032856981e-18 5.839505641340658402e-11 0.000000000000000000e+00 0.000000000000000000e+00 0.000000000000000000e+00 0.000000000000000000e+00 0.000000000000000000e+00 0.000000000000000000e+00
1.750000000000000000e+03 5.637886493107597374e+01 3.448724617002082472e-03 0.000000000000000000e+00 2.645757420272453753e-01 0.000000000000000000e+00 7.319755313998501656e-01 1.773326830380126776e-09 8.540909202071468167e-11 3.640920047674897311e-12 0.000000000000000000e+00 3.984753742602636750e-14 0.000000000000000000e+00 0.000000000000000000e+00 0.000000000000000000e+00 1.852816113395291547e-13 6.971871665642485962e-17 4.403285544436764027e-18 9.330042313696332072e-11 0.000000000000000000e+00 0.000000000000000000e+00 0.000000000000000000e+00 0.000000000000000000e+00 0.000000000000000000e+00 0.000000000000000000e+00
1.775000000000000000e+03 5.637920213734543040e+01 3.448724597568739083e-03 0.000000000000000000e+00 2.645757420783520497e-01 0.000000000000000000e+00 7.319755304127910644e-01 2.629089332720974829e-09 1.284684479863008866e-10 6.344440524308099238e-12 0.000000000000000000e+00 6.755158871464875048e-14 0.000000000000000000e+00 0.000000000000000000e+00 0.000000000000000000e+00 3.476498673832112278e-13 1.383409094020524856e-16 8.945878041012277049e-18 1.469705373904615647e-10 0.000000000000000000e+00 0.000000000000000000e+00 0.000000000000000000e+00 0.000000000000000000e+00 0.000000000000000000e+00 0.000000000000000000e+00
1.800000000000000000e+03 5.637961507316065024e+01 3.448724537433704544e-03 0.000000000000000000e+00 2.645757396631120417e-01 0.000000000000000000e+00 7.319755315143262608e-01 3.854121831290161468e-09 1.909784812579627538e-10 1.088269911896233476e-11 0.000000000000000000e+00 1.127126783737047455e-13 0.000000000000000000e+00 0.000000000000000000e+00 0.000000000000000000e+00 6.403669709325488565e-13 2.692048811925086799e-16 1.778368196225621496e-17 2.283918251997195917e-10 0.000000000000000000e+00 0.000000000000000000e+00 0.000000000000000000e+00 0.000000000000000000e+00 0.000000000000000000e+00 0.000000000000000000e+00
1.825000000000000000e+03 5.638011766589023210e+01 3.448724606231135404e-03 0.000000000000000000e+00 2.645757405216560554e-01 0.000000000000000000e+00 7.319755286332471078e-01 5.589216054914353474e-09 2.795811414063176165e-10 1.838805086717908232e-11 0.000000000000000000e+00 1.852268585603507283e-13 0.000000000000000000e+00 0.000000000000000000e+00 0.000000000000000000e+00 1.158851523682871916e-12 5.141756145472274712e-16 3.462682450223139410e-17 3.503357107314243954e-10 0.000000000000000000e+00 0.000000000000000000e+00 0.000000000000000000e+00 0.000000000000000000e+00 0.000000000000000000e+00 0.000000000000000000e+00
1.850000000000000000e+03 5.638072955698250155e+01 3.448724558455002528e-03 0.000000000000000000e+00 2.645757400733363407e-01 0.000000000000000000e+00 7.319755263761760222e-01 8.021814257325554665e-09 4.064955627517768464e-10 3.062458958265044225e-11 0.000000000000000000e+00 2.999881304656384532e-13 0.000000000000000000e+00 0.000000000000000000e+00 0.000000000000000000e+00 2.061842158101806834e-12 9.646776645409499621e-16 6.610108339686210798e-17 5.307355209527625200e-10 0.000000000000000000e+00 0.000000000000000000e+00 0.000000000000000000e+00 0.000000000000000000e+00 0.000000000000000000e+00 0.000000000000000000e+00
1.875000000000000000e+03 5.638147057575862675e+01 3.448724557024991470e-03 0.000000000000000000e+00 2.645757383459199086e-01 0.000000000000000000e+00 7.319755242641287074e-01 1.139912039770732867e-08 5.849263963030628241e-10 5.030443508140026359e-11 0.000000000000000000e+00 4.791076905754002077e-13 0.000000000000000000e+00 0.000000000000000000e+00 0.000000000000000000e+00 3.609204994918014027e-12 1.779193317532606204e-15 1.238217946103702400e-16 7.944847879382168241e-10 0.000000000000000000e+00 0.000000000000000000e+00 0.000000000000000000e+00 0.000000000000000000e+00 0.000000000000000000e+00 0.000000000000000000e+00
1.900000000000000000e+03 5.638236375975022696e+01 3.448724515441219021e-03 0.000000000000000000e+00 2.645757329931645030e-01 0.000000000000000000e+00 7.319755243495555952e-01 1.604421301173222325e-08 8.333427517088859588e-10 8.154487465722684914e-11 0.000000000000000000e+00 7.549833999179355688e-13 0.000000000000000000e+00 0.000000000000000000e+00 0.000000000000000000e+00 6.219853303308416180e-12 3.228088230566020602e-15 2.277942797409502748e-16 1.175759906140310425e-09 0.000000000000000000e+00 0.000000000000000000e+00 0.000000000000000000e+00 0.000000000000000000e+00 0.000000000000000000e+00 0.000000000000000000e+00
1.925000000000000000e+03 5.638343635985185642e+01 3.448724489026831850e-03 0.000000000000000000e+00 2.645757316625090283e-01 0.000000000000000000e+00 7.319755184335716702e-01 2.237567910058876063e-08 1.175962087480028742e-09 1.305216127055611312e-10 0.000000000000000000e+00 1.174492021692728483e-12 0.000000000000000000e+00 0.000000000000000000e+00 0.000000000000000000e+00 1.055918219777446400e-11 5.765599151242897496e-15 4.118972537263821445e-16 1.720989734842405992e-09 0.000000000000000000e+00 0.000000000000000000e+00 0.000000000000000000e+00 0.000000000000000000e+00 0.000000000000000000e+00 0.000000000000000000e+00
1.950000000000000000e+03 5.638472085176436366e+01 3.448724388744480417e-03 0.000000000000000000e+00 2.645757280857598537e-01 0.000000000000000000e+00 7.319755122313907902e-01 3.093134918276862311e-08 1.644264201854829441e-09 2.063922320265413502e-10 0.000000000000000000e+00 1.804646948694744987e-12 0.000000000000000000e+00 0.000000000000000000e+00 0.000000000000000000e+00 1.766921089624654732e-11 1.014380598516887321e-14 7.325859845912786135e-16 2.492614448621467020e-09 0.000000000000000000e+00 0.000000000000000000e+00 0.000000000000000000e+00 0.000000000000000000e+00 0.000000000000000000e+00 0.000000000000000000e+00
1.975000000000000000e+03 5.638625215630590048e+01 3.448724377313845332e-03 0.000000000000000000e+00 2.645757209508402541e-01 0.000000000000000000e+00 7.319755060679525860e-01 4.239675823345946711e-08 2.278828913674536440e-09 3.225883898888610813e-10 0.000000000000000000e+00 2.740146077116911039e-12 0.000000000000000000e+00 0.000000000000000000e+00 0.000000000000000000e+00 2.915969613091926975e-11 1.759064120570971724e-14 1.282498221147185548e-15 3.573799198359459678e-09 0.000000000000000000e+00 0.000000000000000000e+00 0.000000000000000000e+00 0.000000000000000000e+00 0.000000000000000000e+00 0.000000000000000000e+00
2.000000000000000000e+03 5.638807132442179437e+01 3.448724242975348842e-03 0.000000000000000000e+00 2.645757127971337108e-01 0.000000000000000000e+00 7.319754965647959910e-01 5.763901775625598256e-08 3.131548825453084090e-09 4.986066836559528063e-10 0.000000000000000000e+00 4.113329866218264221e-12 0.000000000000000000e+00 0.000000000000000000e+00 0.000000000000000000e+00 4.748514676359353764e-11 3.008433298586809227e-14 2.211419118679744354e-15 5.074290946986856224e-09 0.000000000000000000e+00 0.000000000000000000e+00 0.000000000000000000e+00 0.000000000000000000e+00 0.000000000000000000e+00 0.000000000000000000e+00
2.025000000000000000e+03 5.639022298222107565e+01 3.448724122068535635e-03 0.000000000000000000e+00 2.645757061952611067e-01 0.000000000000000000e+00 7.319754796849869960e-01 7.774680649932641110e-08 4.268271699914536847e-09 7.624681738302035475e-10 0.000000000000000000e+00 6.107182557257139142e-12 0.000000000000000000e+00 0.000000000000000000e+00 0.000000000000000000e+00 7.634138047788399213e-11 5.079955823745259713e-14 3.758141616636400904e-15 7.137633812714320084e-09 0.000000000000000000e+00 0.000000000000000000e+00 0.000000000000000000e+00 0.000000000000000000e+00 0.000000000000000000e+00 0.000000000000000000e+00
2.050000000000000000e+03 5.639276092320368150e+01 3.448724001589637076e-03 0.000000000000000000e+00 2.645756912690429563e-01 0.000000000000000000e+00 7.319754636455919616e-01 1.040774860315770993e-07 5.771946656310583925e-09 1.154067998577030671e-09 0.000000000000000000e+00 8.972130486376695128e-12 0.000000000000000000e+00 0.000000000000000000e+00 0.000000000000000000e+00 1.212265291663845988e-10 8.464734670399347795e-14 6.298249190433488815e-15 9.949985046061808779e-09 0.000000000000000000e+00 0.000000000000000000e+00 0.000000000000000000e+00 0.000000000000000000e+00 0.000000000000000000e+00 0.000000000000000000e+00
2.075000000000000000e+03 5.639574145933854510e+01 3.448723737113361561e-03 0.000000000000000000e+00 2.645756772137923818e-01 0.000000000000000000e+00 7.319754373072491216e-01 1.383116149193247781e-07 7.746308885978877884e-09 1.729699456804793827e-09 0.000000000000000000e+00 1.304753798171819211e-11 0.000000000000000000e+00 0.000000000000000000e+00 0.000000000000000000e+00 1.902253416731908254e-10 1.393274756048300357e-13 1.041487530656242914e-14 1.375079941079890983e-08 0.000000000000000000e+00 0.000000000000000000e+00 0.000000000000000000e+00 0.000000000000000000e+00 0.000000000000000000e+00 0.000000000000000000e+00
2.100000000000000000e+03 5.639923127874534714e+01 3.448723463882399400e-03 0.000000000000000000e+00 2.645756513892466577e-01 0.000000000000000000e+00 7.319754105822522394e-01 1.825164736412033983e-07 1.032021357054491997e-08 2.568120073644852794e-09 0.000000000000000000e+00 1.878895426006716878e-11 0.000000000000000000e+00 0.000000000000000000e+00 0.000000000000000000e+00 2.950939368475515470e-10 2.266411553508975050e-13 1.700222550290788033e-14 1.884568498653602185e-08 0.000000000000000000e+00 0.000000000000000000e+00 0.000000000000000000e+00 0.000000000000000000e+00 0.000000000000000000e+00 0.000000000000000000e+00
2.125000000000000000e+03 5.640330187854325317e+01 3.448723045976060091e-03 0.000000000000000000e+00 2.645756249098027979e-01 0.000000000000000000e+00 7.319753692922882360e-01 2.392189469623185077e-07 1.365266437350796473e-08 3.778626771792080276e-09 0.000000000000000000e+00 2.680233664814972012e-11 0.000000000000000000e+00 0.000000000000000000e+00 0.000000000000000000e+00 4.527439594215051287e-10 3.645172083625000830e-13 2.741528657248631252e-14 2.562175666803498788e-08 0.000000000000000000e+00 0.000000000000000000e+00 0.000000000000000000e+00 0.000000000000000000e+00 0.000000000000000000e+00 0.000000000000000000e+00
2.150000000000000000e+03 5.640803265804376565e+01 3.448722639069265808e-03 0.000000000000000000e+00 2.645755902510028568e-01 0.000000000000000000e+00 7.319753168789644437e-01 3.114889976455607674e-07 1.793862563954387455e-08 5.511734530097178076e-09 0.000000000000000000e+00 3.788666391410266797e-11 0.000000000000000000e+00 0.000000000000000000e+00 0.000000000000000000e+00 6.872524866008368346e-10 5.799144351035298682e-13 4.368392369245243148e-14 3.456584301118397773e-08 0.000000000000000000e+00 0.000000000000000000e+00 0.000000000000000000e+00 0.000000000000000000e+00 0.000000000000000000e+00 0.000000000000000000e+00
2.175000000000000000e+03 5.641351425640294792e+01 3.448722078807471818e-03 0.000000000000000000e+00 2.645755413275958090e-01 0.000000000000000000e+00 7.319752547977047552e-01 4.030344171128757809e-07 2.341569526209303215e-08 7.973209014528805529e-09 0.000000000000000000e+00 5.308654980861188691e-11 0.000000000000000000e+00 0.000000000000000000e+00 0.000000000000000000e+00 1.032557127330663177e-09 9.129708336643311627e-13 6.881580606997185010e-14 4.628594505894087434e-08 0.000000000000000000e+00 0.000000000000000000e+00 0.000000000000000000e+00 0.000000000000000000e+00 0.000000000000000000e+00 0.000000000000000000e+00
2.200000000000000000e+03 5.641984430291211083e+01 3.448721196390617822e-03 0.000000000000000000e+00 2.645754803790903997e-01 0.000000000000000000e+00 7.319751751545409135e-01 5.183081645812750340e-07 3.037172911972132278e-08 1.144240157638162757e-08 0.000000000000000000e+00 7.375667101922591014e-11 0.000000000000000000e+00 0.000000000000000000e+00 0.000000000000000000e+00 1.536035752704487994e-09 1.422882282127297939e-12 1.072206456121151556e-13 6.153636012551643730e-08 0.000000000000000000e+00 0.000000000000000000e+00 0.000000000000000000e+00 0.000000000000000000e+00 0.000000000000000000e+00 0.000000000000000000e+00
2.225000000000000000e+03 5.642712953093348460e+01 3.448720285118474140e-03 0.000000000000000000e+00 2.645754059810451753e-01 0.000000000000000000e+00 7.319750720411737355e-01 6.626289654627213432e-07 3.915348959664495262e-08 1.629606841923602007e-08 0.000000000000000000e+00 1.016400707676148317e-10 0.000000000000000000e+00 0.000000000000000000e+00 0.000000000000000000e+00 2.263220382401061718e-09 2.196160519693754010e-12 1.652985010859187903e-13 8.124691730939170410e-08 0.000000000000000000e+00 0.000000000000000000e+00 0.000000000000000000e+00 0.000000000000000000e+00 0.000000000000000000e+00 0.000000000000000000e+00
2.250000000000000000e+03 5.643548764994307021e+01 3.448718988783639958e-03 0.000000000000000000e+00 2.645753115995672644e-01 0.000000000000000000e+00 7.319749438765896787e-01 8.423161587498149798e-07 5.017641864661139909e-08 2.303915969203513247e-08 0.000000000000000000e+00 1.389625569551929448e-10 0.000000000000000000e+00 0.000000000000000000e+00 0.000000000000000000e+00 3.303932007928373144e-09 3.358137591236970461e-12 2.522478988737154520e-13 1.065568175538616528e-07 0.000000000000000000e+00 0.000000000000000000e+00 0.000000000000000000e+00 0.000000000000000000e+00 0.000000000000000000e+00 0.000000000000000000e+00
2.275000000000000000e+03 5.644504736058843264e+01 3.448717434691671996e-03 0.000000000000000000e+00 2.645751913341569117e-01 0.000000000000000000e+00 7.319747862834818930e-01 1.064839831935462254e-06 6.393560491228335319e-08 3.234441333988444160e-08 0.000000000000000000e+00 1.885457386773301685e-10 0.000000000000000000e+00 0.000000000000000000e+00 0.000000000000000000e+00 4.780242334094463243e-09 5.088867229152314922e-12 3.811658256771688474e-13 1.388535613431169296e-07 0.000000000000000000e+00 0.000000000000000000e+00 0.000000000000000000e+00 0.000000000000000000e+00 0.000000000000000000e+00 0.000000000000000000e+00
2.300000000000000000e+03 5.645594777393898767e+01 3.448715539148365910e-03 0.000000000000000000e+00 2.645750401187558221e-01 0.000000000000000000e+00 7.319745922976839125e-01 1.338986968177999064e-06 8.101805037755197994e-08 4.510304636462511670e-08 0.000000000000000000e+00 2.539413814383884507e-10 0.000000000000000000e+00 0.000000000000000000e+00 0.000000000000000000e+00 6.856659269884839122e-09 7.644935633249340413e-12 5.705319725603679290e-13 1.798175307614565915e-07 0.000000000000000000e+00 0.000000000000000000e+00 0.000000000000000000e+00 0.000000000000000000e+00 0.000000000000000000e+00 0.000000000000000000e+00
2.325000000000000000e+03 5.646833911805595108e+01 3.448713106592551578e-03 0.000000000000000000e+00 2.645748613913088132e-01 0.000000000000000000e+00 7.319743442740780370e-01 1.675044704165690034e-06 1.021162978170089030e-07 6.248934362613677151e-08 0.000000000000000000e+00 3.395900157719584769e-10 0.000000000000000000e+00 0.000000000000000000e+00 0.000000000000000000e+00 9.753099577288499003e-09 1.138916286346001898e-11 8.461946419841848782e-13 2.314727499473608899e-07 0.000000000000000000e+00 0.000000000000000000e+00 0.000000000000000000e+00 0.000000000000000000e+00 0.000000000000000000e+00 0.000000000000000000e+00
2.350000000000000000e+03 5.648238492247401155e+01 3.448710170515270537e-03 0.000000000000000000e+00 2.645746296173815959e-01 0.000000000000000000e+00 7.319740506501379862e-01 2.085001011279916765e-06 1.280435134020190275e-07 8.604263246846131244e-08 0.000000000000000000e+00 4.510070149070771837e-10 0.000000000000000000e+00 0.000000000000000000e+00 0.000000000000000000e+00 1.376126738507250922e-08 1.683076251730713782e-11 1.244006100915646163e-12 2.962444584714899674e-07 0.000000000000000000e+00 0.000000000000000000e+00 0.000000000000000000e+00 0.000000000000000000e+00 0.000000000000000000e+00 0.000000000000000000e+00
2.375000000000000000e+03 5.649825938508178780e+01 3.448706454538594431e-03 0.000000000000000000e+00 2.645743488253775588e-01 0.000000000000000000e+00 7.319736875247352392e-01 2.582763694279488560e-06 1.597500817704541416e-07 1.177708575779900446e-07 0.000000000000000000e+00 5.949993369310545336e-10 0.000000000000000000e+00 0.000000000000000000e+00 0.000000000000000000e+00 1.926517750346704428e-08 2.467927305125656920e-11 1.813293001795634986e-12 3.770240453544549983e-07 0.000000000000000000e+00 0.000000000000000000e+00 0.000000000000000000e+00 0.000000000000000000e+00 0.000000000000000000e+00 0.000000000000000000e+00
2.400000000000000000e+03 5.651615051711409166e+01 3.448701982212318187e-03 0.000000000000000000e+00 2.645740045619116021e-01 0.000000000000000000e+00 7.319732456069923954e-01 3.184398896467015188e-06 1.983418424514948184e-07 1.602809528718843800e-07 0.000000000000000000e+00 7.799166729369900520e-10 0.000000000000000000e+00 0.000000000000000000e+00 0.000000000000000000e+00 2.676669385700988908e-08 3.591651652337337046e-11 2.621391205999133337e-12 4.772420432773605184e-07 0.000000000000000000e+00 0.000000000000000000e+00 0.000000000000000000e+00 0.000000000000000000e+00 0.000000000000000000e+00 0.000000000000000000e+00
2.425000000000000000e+03 5.653625747979378957e+01 3.448696449263135601e-03 0.000000000000000000e+00 2.645735828397202116e-01 0.000000000000000000e+00 7.319727113422124232e-01 3.908388195796548285e-06 2.450999029616506990e-07 2.169423021841215320e-07 0.000000000000000000e+00 1.015940528798391733e-09 0.000000000000000000e+00 0.000000000000000000e+00 0.000000000000000000e+00 3.691707971306572762e-08 5.189199398348410031e-11 3.759529122738777936e-12 6.009497316395917411e-07 0.000000000000000000e+00 0.000000000000000000e+00 0.000000000000000000e+00 0.000000000000000000e+00 0.000000000000000000e+00 0.000000000000000000e+00
2.450000000000000000e+03 5.655879315341741176e+01 3.448689807065342082e-03 0.000000000000000000e+00 2.645730717831978329e-01 0.000000000000000000e+00 7.319720640491516050e-01 4.775906293835472795e-06 3.015022697702726165e-07 2.920908669046584864e-07 0.000000000000000000e+00 1.315415031706871664e-09 0.000000000000000000e+00 0.000000000000000000e+00 0.000000000000000000e+00 5.055571027406206924e-08 7.444858282677853266e-11 5.350406601846503886e-12 7.529102302589279901e-07 0.000000000000000000e+00 0.000000000000000000e+00 0.000000000000000000e+00 0.000000000000000000e+00 0.000000000000000000e+00 0.000000000000000000e+00
2.475000000000000000e+03 5.658398551386321174e+01 3.448681621264726611e-03 0.000000000000000000e+00 2.645724422453248903e-01 0.000000000000000000e+00 7.319712952217389823e-01 5.811117841133408498e-06 3.692471217709634989e-07 3.912831544545695485e-07 0.000000000000000000e+00 1.693223529559022653e-09 0.000000000000000000e+00 0.000000000000000000e+00 0.000000000000000000e+00 6.875726569286880168e-08 1.060871702828982125e-10 7.557890411175818797e-12 9.386994198790386346e-07 0.000000000000000000e+00 0.000000000000000000e+00 0.000000000000000000e+00 0.000000000000000000e+00 0.000000000000000000e+00 0.000000000000000000e+00
2.500000000000000000e+03 5.661206959292248087e+01 3.448671779056288172e-03 0.000000000000000000e+00 2.645716863212176917e-01 0.000000000000000000e+00 7.319703684802424393e-01 7.041495634261146491e-06 4.502780456270810248e-07 5.216111491534337806e-07 0.000000000000000000e+00 2.167215052704876014e-09 0.000000000000000000e+00 0.000000000000000000e+00 0.000000000000000000e+00 9.288890289083964570e-08 1.501810510434780455e-10 1.059933987692183165e-11 1.164817756190183762e-06 0.000000000000000000e+00 0.000000000000000000e+00 0.000000000000000000e+00 0.000000000000000000e+00 0.000000000000000000e+00 0.000000000000000000e+00
2.525000000000000000e+03 5.664329835058403972e+01 3.448659872038113781e-03 0.000000000000000000e+00 2.645707694709000246e-01 0.000000000000000000e+00 7.319692671204557355e-01 8.498157527247591112e-06 5.468108829731428991e-07 6.920909903139970624e-07 0.000000000000000000e+00 2.758683859983609892e-09 0.000000000000000000e+00 0.000000000000000000e+00 0.000000000000000000e+00 1.246790528413068235e-07 2.112535396214054781e-10 1.476116894902136496e-11 1.438813454186185876e-06 0.000000000000000000e+00 0.000000000000000000e+00 0.000000000000000000e+00 0.000000000000000000e+00 0.000000000000000000e+00 0.000000000000000000e+00
2.550000000000000000e+03 5.667793397825037971e+01 3.448645507702309630e-03 0.000000000000000000e+00 2.645696748639868034e-01 0.000000000000000000e+00 7.319679483741076131e-01 1.021622385974899392e-05 6.613626696392154597e-07 9.141414822216823737e-07 0.000000000000000000e+00 3.492907245533409608e-09 0.000000000000000000e+00 0.000000000000000000e+00 0.000000000000000000e+00 1.662997578501521912e-07 2.953354635196225657e-10 2.041838145493194173e-11 1.769417772803338795e-06 0.000000000000000000e+00 0.000000000000000000e+00 0.000000000000000000e+00 0.000000000000000000e+00 0.000000000000000000e+00 0.000000000000000000e+00
2.575000000000000000e+03 5.671625222152206902e+01 3.448628234771706873e-03 0.000000000000000000e+00 2.645683479623019974e-01 0.000000000000000000e+00 7.319663976598567157e-01 1.223519435083094464e-05 7.967821516837823675e-07 1.202170354904773844e-06 0.000000000000000000e+00 4.399744952532358308e-09 0.000000000000000000e+00 0.000000000000000000e+00 0.000000000000000000e+00 2.204646026073547787e-07 4.104231531446722031e-10 2.805894349463680526e-11 2.166693382372511399e-06 0.000000000000000000e+00 0.000000000000000000e+00 0.000000000000000000e+00 0.000000000000000000e+00 0.000000000000000000e+00 0.000000000000000000e+00
2.600000000000000000e+03 5.675853859263775547e+01 3.448607574287351415e-03 0.000000000000000000e+00 2.645667603345552288e-01 0.000000000000000000e+00 7.319645633143413432e-01 1.459934387454195692e-05 9.562823570448295472e-07 1.574290480049579688e-06 0.000000000000000000e+00 5.514303182884502846e-09 0.000000000000000000e+00 0.000000000000000000e+00 0.000000000000000000e+00 2.905445050974005202e-07 5.670619310705733577e-10 3.831400881721193092e-11 2.642195920363379575e-06 0.000000000000000000e+00 0.000000000000000000e+00 0.000000000000000000e+00 0.000000000000000000e+00 0.000000000000000000e+00 0.000000000000000000e+00
2.625000000000000000e+03 5.680508921027505664e+01 3.448582866349855520e-03 0.000000000000000000e+00 2.645648635567539597e-01 0.000000000000000000e+00 7.319624012122404322e-01 1.735813584760224296e-05 1.143474925296263253e-06 2.053190952881869179e-06 0.000000000000000000e+00 6.877668564191716751e-09 0.000000000000000000e+00 0.000000000000000000e+00 0.000000000000000000e+00 3.807039383027021053e-07 7.790858361659585339e-10 5.199520195461024504e-11 3.209150242061101824e-06 0.000000000000000000e+00 0.000000000000000000e+00 0.000000000000000000e+00 0.000000000000000000e+00 0.000000000000000000e+00 0.000000000000000000e+00
2.650000000000000000e+03 5.685621094289104605e+01 3.448553302830879765e-03 0.000000000000000000e+00 2.645626002391897047e-01 0.000000000000000000e+00 7.319598618308055249e-01 2.056665384866740123e-05 1.362405966738200344e-06 2.667193254328646608e-06 0.000000000000000000e+00 8.537713658718193114e-09 0.000000000000000000e+00 0.000000000000000000e+00 0.000000000000000000e+00 4.960602331343143928e-07 1.064550794993178381e-09 7.014035380105741499e-11 3.882641466149535370e-06 0.000000000000000000e+00 0.000000000000000000e+00 0.000000000000000000e+00 0.000000000000000000e+00 0.000000000000000000e+00 0.000000000000000000e+00
2.675000000000000000e+03 5.691221888740092538e+01 3.448518043287209997e-03 0.000000000000000000e+00 2.645598963232795309e-01 0.000000000000000000e+00 7.319568956846582708e-01 2.428604712403114235e-05 1.617594109780041215e-06 3.451526090737699518e-06 0.000000000000000000e+00 1.054997859390442166e-08 0.000000000000000000e+00 0.000000000000000000e+00 0.000000000000000000e+00 6.428689465022919408e-07 1.446905754861662451e-09 9.406928867114832574e-11 4.679821550203151638e-06 0.000000000000000000e+00 0.000000000000000000e+00 0.000000000000000000e+00 0.000000000000000000e+00 0.000000000000000000e+00 0.000000000000000000e+00
2.700000000000000000e+03 5.697343489390603111e+01 3.448476181632619767e-03 0.000000000000000000e+00 2.645566851460554592e-01 0.000000000000000000e+00 7.319534268161425050e-01 2.858399599042304415e-05 1.914069694812883108e-06 4.449858972263689179e-06 0.000000000000000000e+00 1.297863115727704600e-08 0.000000000000000000e+00 0.000000000000000000e+00 0.000000000000000000e+00 8.287384197234361532e-07 1.956455734792919686e-09 1.254515462382558734e-10 5.620132553689724970e-06 0.000000000000000000e+00 0.000000000000000000e+00 0.000000000000000000e+00 0.000000000000000000e+00 0.000000000000000000e+00 0.000000000000000000e+00
2.725000000000000000e+03 5.704018936092685976e+01 3.448426455799059182e-03 0.000000000000000000e+00 2.645528651360470329e-01 0.000000000000000000e+00 7.319493925490220265e-01 3.353518290860785266e-05 2.257415909364544117e-06 5.716140610122289462e-06 0.000000000000000000e+00 1.589750585813882522e-08 0.000000000000000000e+00 0.000000000000000000e+00 0.000000000000000000e+00 1.062876867786451314e-06 2.632180686514228510e-09 1.663881692978001970e-10 6.725546761082001185e-06 0.000000000000000000e+00 0.000000000000000000e+00 0.000000000000000000e+00 0.000000000000000000e+00 0.000000000000000000e+00 0.000000000000000000e+00
2.750000000000000000e+03 5.711281717522112444e+01 3.448367402915206766e-03 0.000000000000000000e+00 2.645483370693599845e-01 0.000000000000000000e+00 7.319447028115345644e-01 3.922177990058240440e-05 2.653811046754651247e-06 7.316791798075578293e-06 0.000000000000000000e+00 1.939122986291351959e-08 0.000000000000000000e+00 0.000000000000000000e+00 0.000000000000000000e+00 1.356375465620928183e-06 3.523986605212489073e-09 2.195099410973000257e-10 8.020823252630785856e-06 0.000000000000000000e+00 0.000000000000000000e+00 0.000000000000000000e+00 0.000000000000000000e+00 0.000000000000000000e+00 0.000000000000000000e+00
2.775000000000000000e+03 5.719165715226990443e+01 3.448297446037188428e-03 0.000000000000000000e+00 2.645429719482777497e-01 0.000000000000000000e+00 7.319392684110695990e-01 4.573395071489045705e-05 3.110072432610606183e-06 9.333315130264644964e-06 0.000000000000000000e+00 2.355642662568990343e-08 0.000000000000000000e+00 0.000000000000000000e+00 0.000000000000000000e+00 1.722531454050831493e-06 4.695477737241508442e-09 2.880949681461369736e-10 9.533784884196222704e-06 0.000000000000000000e+00 0.000000000000000000e+00 0.000000000000000000e+00 0.000000000000000000e+00 0.000000000000000000e+00 0.000000000000000000e+00
2.800000000000000000e+03 5.727705232869782748e+01 3.448214710803092393e-03 0.000000000000000000e+00 2.645366268103810370e-01 0.000000000000000000e+00 7.319329811088313154e-01 5.317035199138460129e-05 3.633701573302320169e-06 1.186538486733207947e-05 0.000000000000000000e+00 2.850301206859720581e-08 0.000000000000000000e+00 0.000000000000000000e+00 0.000000000000000000e+00 2.177214383150991104e-06 6.227357203504769039e-09 3.762084958124280558e-10 1.129561059143281509e-05 0.000000000000000000e+00 0.000000000000000000e+00 0.000000000000000000e+00 0.000000000000000000e+00 0.000000000000000000e+00 0.000000000000000000e+00
2.825000000000000000e+03 5.736934698759951345e+01 3.448117012593431615e-03 0.000000000000000000e+00 2.645291305934596160e-01 0.000000000000000000e+00 7.319257228330723342e-01 6.163864062640899864e-05 4.232929870185832138e-06 1.503449412170668124e-05 0.000000000000000000e+00 3.435557011278063232e-08 0.000000000000000000e+00 0.000000000000000000e+00 0.000000000000000000e+00 2.739280210493915681e-06 8.221578346440552020e-09 4.888687138271854345e-10 1.334115002866085240e-05 0.000000000000000000e+00 0.000000000000000000e+00 0.000000000000000000e+00 0.000000000000000000e+00 0.000000000000000000e+00 0.000000000000000000e+00
2.850000000000000000e+03 5.746888667635388970e+01 3.448001669528961369e-03 0.000000000000000000e+00 2.645202753061857703e-01 0.000000000000000000e+00 7.319173690360567530e-01 7.125599628460312367e-05 4.916765709623811072e-06 1.898824168653399114e-05 0.000000000000000000e+00 4.125481770130577172e-08 0.000000000000000000e+00 0.000000000000000000e+00 0.000000000000000000e+00 3.431037316473076902e-06 1.080639076227511439e-08 6.322422366416847954e-10 1.570925378049798098e-05 0.000000000000000000e+00 0.000000000000000000e+00 0.000000000000000000e+00 0.000000000000000000e+00 0.000000000000000000e+00 0.000000000000000000e+00
2.875000000000000000e+03 5.757601814216184977e+01 3.447865648695932518e-03 0.000000000000000000e+00 2.645098399254731669e-01 0.000000000000000000e+00 7.319077581917716735e-01 8.214962899223805738e-05 5.695042306347876903e-06 2.390535531692540379e-05 0.000000000000000000e+00 4.935914627622357089e-08 0.000000000000000000e+00 0.000000000000000000e+00 0.000000000000000000e+00 4.278767239987339583e-06 1.414244862063213862e-08 8.138736221775250441e-10 1.844312473516847243e-05 0.000000000000000000e+00 0.000000000000000000e+00 0.000000000000000000e+00 0.000000000000000000e+00 0.000000000000000000e+00 0.000000000000000000e+00
2.900000000000000000e+03 5.769108694607226795e+01 3.447705365844504558e-03 0.000000000000000000e+00 2.644975440524315324e-01 0.000000000000000000e+00 7.318967309574716529e-01 9.445729484863264486e-05 6.578465495210997258e-06 3.000154903406743951e-05 0.000000000000000000e+00 5.884625662190013154e-08 0.000000000000000000e+00 0.000000000000000000e+00 0.000000000000000000e+00 5.313306092997730367e-06 1.843017259897115509e-08 1.042953959247016519e-09 2.159068939840131626e-05 0.000000000000000000e+00 0.000000000000000000e+00 0.000000000000000000e+00 0.000000000000000000e+00 0.000000000000000000e+00 0.000000000000000000e+00
2.925000000000000000e+03 5.781443739254217462e+01 3.447516703323348208e-03 0.000000000000000000e+00 2.644830726621189565e-01 0.000000000000000000e+00 7.318840969818107833e-01 1.083278136434720094e-04 7.578662671724554283e-06 3.753633650525690831e-05 0.000000000000000000e+00 6.991486494384973695e-08 0.000000000000000000e+00 0.000000000000000000e+00 0.000000000000000000e+00 6.570688942025933982e-06 2.391858703495003658e-08 1.330633367863767298e-09 2.520498689921770027e-05 0.000000000000000000e+00 0.000000000000000000e+00 0.000000000000000000e+00 0.000000000000000000e+00 0.000000000000000000e+00 0.000000000000000000e+00
2.950000000000000000e+03 5.794641542148607982e+01 3.447294860529141920e-03 0.000000000000000000e+00 2.644660574704954525e-01 0.000000000000000000e+00 7.318696441473518943e-01 1.239215445564885334e-04 8.708230882017755414e-06 4.682091631783325838e-05 0.000000000000000000e+00 8.278647547912641024e-08 0.000000000000000000e+00 0.000000000000000000e+00 0.000000000000000000e+00 8.092862344242864503e-06 3.091588275392950020e-08 1.690383380765644445e-09 2.934457478118308036e-05 0.000000000000000000e+00 0.000000000000000000e+00 0.000000000000000000e+00 0.000000000000000000e+00 0.000000000000000000e+00 0.000000000000000000e+00
2.975000000000000000e+03 5.808736265081671490e+01 3.447034401892471855e-03 0.000000000000000000e+00 2.644460729435316737e-01 0.000000000000000000e+00 7.318531316023783040e-01 1.414109065982646846e-04 9.980784267752429540e-06 5.822728492471979399e-05 0.000000000000000000e+00 9.770724602533718573e-08 0.000000000000000000e+00 0.000000000000000000e+00 0.000000000000000000e+00 9.928467730935904004e-06 3.980199408531262184e-08 2.138415639234155409e-09 3.407396102031814457e-05 0.000000000000000000e+00 0.000000000000000000e+00 0.000000000000000000e+00 0.000000000000000000e+00 0.000000000000000000e+00 0.000000000000000000e+00
3.000000000000000000e+03 5.823762653609642115e+01 3.446728594043365745e-03 0.000000000000000000e+00 2.644226106113950481e-01 0.000000000000000000e+00 7.318343038763100994e-01 1.609808045866216865e-04 1.141100240585757155e-05 7.219868445894262376e-05 0.000000000000000000e+00 1.149498790410156826e-07 0.000000000000000000e+00 0.000000000000000000e+00 0.000000000000000000e+00 1.213369931260549940e-05 5.104351073576974298e-08 2.694163075221956421e-09 3.946403993458756523e-05 0.000000000000000000e+00 0.000000000000000000e+00 0.000000000000000000e+00 0.000000000000000000e+00 0.000000000000000000e+00 0.000000000000000000e+00
3.025000000000000000e+03 5.839755313170469009e+01 3.446370014406157506e-03 0.000000000000000000e+00 2.643950997459046937e-01 0.000000000000000000e+00 7.318128556210813374e-01 1.828291214810384387e-04 1.301467539270466850e-05 8.926161540830299655e-05 0.000000000000000000e+00 1.348156136027259408e-07 0.000000000000000000e+00 0.000000000000000000e+00 0.000000000000000000e+00 1.477323975911492986e-05 6.521129176191009083e-08 3.380831342861022494e-09 4.559255882991489889e-05 0.000000000000000000e+00 0.000000000000000000e+00 0.000000000000000000e+00 0.000000000000000000e+00 0.000000000000000000e+00 0.000000000000000000e+00
3.050000000000000000e+03 5.856749338867724930e+01 3.445949820275110657e-03 0.000000000000000000e+00 2.643628721358778355e-01 0.000000000000000000e+00 7.317884519684733080e-01 2.071670983483514528e-04 1.480874906507065333e-05 1.100395060141418644e-04 0.000000000000000000e+00 1.576362066042772509e-07 0.000000000000000000e+00 0.000000000000000000e+00 0.000000000000000000e+00 1.792127486315707276e-05 8.300118518127505560e-08 4.226027431439077609e-09 5.254458366357631587e-05 0.000000000000000000e+00 0.000000000000000000e+00 0.000000000000000000e+00 0.000000000000000000e+00 0.000000000000000000e+00 0.000000000000000000e+00
3.075000000000000000e+03 5.874780680733133664e+01 3.445458077124971541e-03 0.000000000000000000e+00 2.643251421271199941e-01 0.000000000000000000e+00 7.317607305397058060e-01 2.342197305892293338e-04 1.681136632597129545e-05 1.352682770232456987e-04 0.000000000000000000e+00 1.837759943793934905e-07 0.000000000000000000e+00 0.000000000000000000e+00 0.000000000000000000e+00 2.166259204719211509e-05 1.052583186265025898e-07 5.262475002557101754e-09 6.041299327546104363e-05 0.000000000000000000e+00 0.000000000000000000e+00 0.000000000000000000e+00 0.000000000000000000e+00 0.000000000000000000e+00 0.000000000000000000e+00
3.100000000000000000e+03 5.893886043805611763e+01 3.444883046392027953e-03 0.000000000000000000e+00 2.642810281490012847e-01 0.000000000000000000e+00 7.317292609256532687e-01 2.642260970342645760e-04 1.904190673096774723e-05 1.658139832250878336e-04 0.000000000000000000e+00 2.136339305676123454e-07 0.000000000000000000e+00 0.000000000000000000e+00 0.000000000000000000e+00 2.609375636849273607e-05 1.330054279920453908e-07 6.528822101454260081e-09 6.929896741387889020e-05 0.000000000000000000e+00 0.000000000000000000e+00 0.000000000000000000e+00 0.000000000000000000e+00 0.000000000000000000e+00 0.000000000000000000e+00
3.125000000000000000e+03 5.914103912049691303e+01 3.444211231864322854e-03 0.000000000000000000e+00 2.642294921053608969e-01 0.000000000000000000e+00 7.316935832479035673e-01 2.974396344943164988e-04 2.152102131656900635e-05 2.026927060484987769e-04 0.000000000000000000e+00 2.476456375201981638e-07 0.000000000000000000e+00 0.000000000000000000e+00 0.000000000000000000e+00 3.132437366302929057e-05 1.674758335254891687e-07 8.070552929269790634e-09 7.931248732487206803e-05 0.000000000000000000e+00 0.000000000000000000e+00 0.000000000000000000e+00 0.000000000000000000e+00 0.000000000000000000e+00 0.000000000000000000e+00
3.150000000000000000e+03 5.935474587565269644e+01 3.443427188371904653e-03 0.000000000000000000e+00 2.641693377018465294e-01 0.000000000000000000e+00 7.316531855317138788e-01 3.341283311858938101e-04 2.427066151812721243e-05 2.470929339504788287e-04 0.000000000000000000e+00 2.862854480651629422e-07 0.000000000000000000e+00 0.000000000000000000e+00 0.000000000000000000e+00 3.747843375997209601e-05 2.101516037681646546e-07 9.941010334636030321e-09 9.057283959098977604e-05 0.000000000000000000e+00 0.000000000000000000e+00 0.000000000000000000e+00 0.000000000000000000e+00 0.000000000000000000e+00 0.000000000000000000e+00
3.175000000000000000e+03 5.958041060510420550e+01 3.442513094354462521e-03 0.000000000000000000e+00 2.640992084882063384e-01 0.000000000000000000e+00 7.316074788984961996e-01 3.745748875974683114e-04 2.731410693813199092e-05 3.004006195698154117e-04 0.000000000000000000e+00 3.300683282768608847e-07 0.000000000000000000e+00 0.000000000000000000e+00 0.000000000000000000e+00 4.469571845203320888e-05 2.628075811280337634e-07 1.220253784353469105e-08 1.032091079382692377e-04 0.000000000000000000e+00 0.000000000000000000e+00 0.000000000000000000e+00 0.000000000000000000e+00 0.000000000000000000e+00 0.000000000000000000e+00
3.200000000000000000e+03 5.981849646049971625e+01 3.441448551973753326e-03 0.000000000000000000e+00 2.640175461175779392e-01 0.000000000000000000e+00 7.315558096186837167e-01 4.190766416877717633e-04 3.067597341128204682e-05 3.642270943776860126e-04 0.000000000000000000e+00 3.795518053650030309e-07 0.000000000000000000e+00 0.000000000000000000e+00 0.000000000000000000e+00 5.313330315097171343e-05 3.275619562649215230e-07 1.492775113140877062e-08 1.173606576242337428e-04 0.000000000000000000e+00 0.000000000000000000e+00 0.000000000000000000e+00 0.000000000000000000e+00 0.000000000000000000e+00 0.000000000000000000e+00
3.225000000000000000e+03 6.006950809056315421e+01 3.440210301000856154e-03 0.000000000000000000e+00 2.639225445404787540e-01 0.000000000000000000e+00 7.314974720699818356e-01 4.679455714382424751e-04 3.438222785407478422e-05 4.404401299492053182e-04 0.000000000000000000e+00 4.353377075242628101e-07 0.000000000000000000e+00 0.000000000000000000e+00 0.000000000000000000e+00 6.296709100408788703e-05 4.069341366236394158e-07 1.820094271948800657e-08 1.331775955059303230e-04 0.000000000000000000e+00 0.000000000000000000e+00 0.000000000000000000e+00 0.000000000000000000e+00 0.000000000000000000e+00 0.000000000000000000e+00
3.250000000000000000e+03 6.033400028251953984e+01 3.438771596324905443e-03 0.000000000000000000e+00 2.638121773234758938e-01 0.000000000000000000e+00 7.314316461149593662e-01 5.215079197061561148e-04 3.846017792350728157e-05 5.311981413890380426e-04 0.000000000000000000e+00 4.980737481734256577e-07 0.000000000000000000e+00 0.000000000000000000e+00 0.000000000000000000e+00 7.439343140183591631e-05 5.039107095813094422e-07 2.211963338001672375e-08 1.508211907284825527e-04 0.000000000000000000e+00 0.000000000000000000e+00 0.000000000000000000e+00 0.000000000000000000e+00 0.000000000000000000e+00 0.000000000000000000e+00
3.275000000000000000e+03 6.061259115955455457e+01 3.437102177905693254e-03 0.000000000000000000e+00 2.636841002198388462e-01 0.000000000000000000e+00 7.313574552866156653e-01 5.801038048147671294e-04 4.293844975549121278e-05 6.389877869564431932e-04 0.000000000000000000e+00 5.684548667253619657e-07 0.000000000000000000e+00 0.000000000000000000e+00 0.000000000000000000e+00 8.763073412919180369e-05 6.220200630858504660e-07 2.679626540397205423e-08 1.704642687887292566e-04 0.000000000000000000e+00 0.000000000000000000e+00 0.000000000000000000e+00 0.000000000000000000e+00 0.000000000000000000e+00 0.000000000000000000e+00
3.300000000000000000e+03 6.090596872834954922e+01 3.435167466698833914e-03 0.000000000000000000e+00 2.635356763012903225e-01 0.000000000000000000e+00 7.312738998575351035e-01 6.440865205323283811e-04 4.784696285006218155e-05 7.666652308614452281e-04 0.000000000000000000e+00 6.472243456088980317e-07 0.000000000000000000e+00 0.000000000000000000e+00 0.000000000000000000e+00 1.029211445450073782e-04 7.654168598911731797e-07 3.236005259252419323e-08 1.922915144286152988e-04 0.000000000000000000e+00 0.000000000000000000e+00 0.000000000000000000e+00 0.000000000000000000e+00 0.000000000000000000e+00 0.000000000000000000e+00
3.325000000000000000e+03 6.121491054775697904e+01 3.432928374633485713e-03 0.000000000000000000e+00 2.633639040105229534e-01 0.000000000000000000e+00 7.311798836126959245e-01 7.138216775336877996e-04 5.321685381456483279e-05 9.175005017126005224e-04 0.000000000000000000e+00 7.351744416437698165e-07 0.000000000000000000e+00 0.000000000000000000e+00 0.000000000000000000e+00 1.205321579333970230e-04 9.389766157094812660e-07 3.895897385651126544e-08 2.164997011220293731e-04 0.000000000000000000e+00 0.000000000000000000e+00 0.000000000000000000e+00 0.000000000000000000e+00 0.000000000000000000e+00 0.000000000000000000e+00
3.350000000000000000e+03 6.154029265437136331e+01 3.430340697616334096e-03 0.000000000000000000e+00 2.631653877713645007e-01 0.000000000000000000e+00 7.310741952547987754e-01 7.896857981133299136e-04 5.908040868597140728e-05 1.095225689407305783e-03 0.000000000000000000e+00 8.331466976955178131e-07 0.000000000000000000e+00 0.000000000000000000e+00 0.000000000000000000e+00 1.407582356865874303e-04 1.148401451586088522e-06 4.676192017157244583e-08 2.432978342577674536e-04 0.000000000000000000e+00 0.000000000000000000e+00 0.000000000000000000e+00 0.000000000000000000e+00 0.000000000000000000e+00 0.000000000000000000e+00
3.375000000000000000e+03 6.188310811873500938e+01 3.427354543998306548e-03 0.000000000000000000e+00 2.629362958210539336e-01 0.000000000000000000e+00 7.309554999179448398e-01 8.720648976961243356e-04 6.547095265421879796e-05 1.304086141543101766e-03 0.000000000000000000e+00 9.420316190747041456e-07 0.000000000000000000e+00 0.000000000000000000e+00 0.000000000000000000e+00 1.639222939790877301e-04 1.400337513231126051e-06 5.596097807928188704e-08 2.729071010201185071e-04 0.000000000000000000e+00 0.000000000000000000e+00 0.000000000000000000e+00 0.000000000000000000e+00 0.000000000000000000e+00 0.000000000000000000e+00
3.400000000000000000e+03 6.224448437261610678e+01 3.423913870084345501e-03 0.000000000000000000e+00 2.626723360581807998e-01 0.000000000000000000e+00 7.308223104880807730e-01 9.613523289858032879e-04 7.242268905438618669e-05 1.548894708190436511e-03 0.000000000000000000e+00 1.062767562378882791e-06 0.000000000000000000e+00 0.000000000000000000e+00 0.000000000000000000e+00 1.903770950186988657e-04 1.702504183961844701e-06 6.677382816908472785e-08 3.055607168303265645e-04 0.000000000000000000e+00 0.000000000000000000e+00 0.000000000000000000e+00 0.000000000000000000e+00 0.000000000000000000e+00 0.000000000000000000e+00
3.425000000000000000e+03 6.262570222143498455e+01 3.419955723300941840e-03 0.000000000000000000e+00 2.623686836474403705e-01 0.000000000000000000e+00 7.306730061183539515e-01 1.057946314825436484e-03 7.997052562219737336e-05 1.835088123586886295e-03 0.000000000000000000e+00 1.196339018728373758e-06 0.000000000000000000e+00 0.000000000000000000e+00 0.000000000000000000e+00 2.205064220702515848e-04 2.063835608686502879e-06 7.944625988314571587e-08 3.415035039127790168e-04 0.000000000000000000e+00 0.000000000000000000e+00 0.000000000000000000e+00 0.000000000000000000e+00 0.000000000000000000e+00 0.000000000000000000e+00
3.450000000000000000e+03 6.302821550373994341e+01 3.415409909159811998e-03 0.000000000000000000e+00 2.620199408229167415e-01 0.000000000000000000e+00 7.305058175787596531e-01 1.162246819533347677e-03 8.814984315968506885e-05 2.168785145755621445e-03 0.000000000000000000e+00 1.343773795738490198e-06 0.000000000000000000e+00 0.000000000000000000e+00 0.000000000000000000e+00 2.547259977272943086e-04 2.494634612208502658e-06 9.425474095543966735e-08 3.809912198389735888e-04 0.000000000000000000e+00 0.000000000000000000e+00 0.000000000000000000e+00 0.000000000000000000e+00 0.000000000000000000e+00 0.000000000000000000e+00
3.475000000000000000e+03 6.345367358229940891e+01 3.410198228509498351e-03 0.000000000000000000e+00 2.616201151661266544e-01 0.000000000000000000e+00 7.303187948897230664e-01 1.274651875106694050e-03 9.699620530838622243e-05 2.556845552666891282e-03 0.000000000000000000e+00 1.506139056492582563e-06 0.000000000000000000e+00 0.000000000000000000e+00 0.000000000000000000e+00 2.934840494109685325e-04 3.006737464894731809e-06 1.115090114638177285e-07 4.242896476149127629e-04 0.000000000000000000e+00 0.000000000000000000e+00 0.000000000000000000e+00 0.000000000000000000e+00 0.000000000000000000e+00 0.000000000000000000e+00
3.500000000000000000e+03 6.390394789118998631e+01 3.404233998161843976e-03 0.000000000000000000e+00 2.611625531360155517e-01 0.000000000000000000e+00 7.301098234006102583e-01 1.395552972592377068e-03 1.065450110983951561e-04 3.006927137244825698e-03 0.000000000000000000e+00 1.684535873406576377e-06 0.000000000000000000e+00 0.000000000000000000e+00 0.000000000000000000e+00 3.372613957398808561e-04 3.613689469861397396e-06 1.315546622231498577e-07 4.716731685312640669e-04 0.000000000000000000e+00 0.000000000000000000e+00 0.000000000000000000e+00 0.000000000000000000e+00 0.000000000000000000e+00 0.000000000000000000e+00
3.525000000000000000e+03 6.438115336289325796e+01 3.397421451077511576e-03 0.000000000000000000e+00 2.606399173479816422e-01 0.000000000000000000e+00 7.298765985325543770e-01 1.525330082667620884e-03 1.168310951901133668e-04 3.527541572717090256e-03 0.000000000000000000e+00 1.880092468010374461e-06 0.000000000000000000e+00 0.000000000000000000e+00 0.000000000000000000e+00 3.865710498800728327e-04 4.330929072547092558e-06 1.547755946576382781e-07 5.234230707963466152e-04 0.000000000000000000e+00 0.000000000000000000e+00 0.000000000000000000e+00 0.000000000000000000e+00 0.000000000000000000e+00 0.000000000000000000e+00
3.550000000000000000e+03 6.488767942175265091e+01 3.389655315324877852e-03 0.000000000000000000e+00 2.600441251714437074e-01 0.000000000000000000e+00 7.296166491300016821e-01 1.664344977504445770e-03 1.278882112767788066e-04 4.128103451138814828e-03 0.000000000000000000e+00 2.093955434715427001e-06 0.000000000000000000e+00 0.000000000000000000e+00 0.000000000000000000e+00 4.419570063567923005e-04 5.175977247342470902e-06 1.815962588091185778e-07 5.798252080118982462e-04 0.000000000000000000e+00 0.000000000000000000e+00 0.000000000000000000e+00 0.000000000000000000e+00 0.000000000000000000e+00 0.000000000000000000e+00
3.575000000000000000e+03 6.542621838541469970e+01 3.380820564480781654e-03 0.000000000000000000e+00 2.593663442624622451e-01 0.000000000000000000e+00 7.293273116591506566e-01 1.812934654273748013e-03 1.397484906052712022e-04 4.818972491569897994e-03 0.000000000000000000e+00 2.327279076788641515e-06 0.000000000000000000e+00 0.000000000000000000e+00 0.000000000000000000e+00 5.039923115769653818e-04 6.168630635331118694e-06 2.124836612566308394e-07 6.411671725073067206e-04 0.000000000000000000e+00 0.000000000000000000e+00 0.000000000000000000e+00 0.000000000000000000e+00 0.000000000000000000e+00 0.000000000000000000e+00
3.600000000000000000e+03 6.599979583461171728e+01 3.370791815807749631e-03 0.000000000000000000e+00 2.585969762812480033e-01 0.000000000000000000e+00 7.290057321887791764e-01 1.971402576234530281e-03 1.524417630121104299e-04 5.611484243609935960e-03 0.000000000000000000e+00 2.581212164853945614e-06 0.000000000000000000e+00 0.000000000000000000e+00 0.000000000000000000e+00 5.732760372747678582e-04 7.331149505166124657e-06 2.479488367479108287e-07 7.077347835269661921e-04 0.000000000000000000e+00 0.000000000000000000e+00 0.000000000000000000e+00 0.000000000000000000e+00 0.000000000000000000e+00 0.000000000000000000e+00
3.625000000000000000e+03 6.661180247277494004e+01 3.359433953657124401e-03 0.000000000000000000e+00 2.577256347064151853e-01 0.000000000000000000e+00 7.286488915831729196e-01 2.140009872261922855e-03 1.659948096146383889e-04 6.517964149419488290e-03 0.000000000000000000e+00 2.856882990670265261e-06 0.000000000000000000e+00 0.000000000000000000e+00 0.000000000000000000e+00 6.504291988754132108e-04 8.688438930729230233e-06 2.885477892281621412e-07 7.798078568728367740e-04 0.000000000000000000e+00 0.000000000000000000e+00 0.000000000000000000e+00 0.000000000000000000e+00 0.000000000000000000e+00 0.000000000000000000e+00
3.650000000000000000e+03 6.726603116020532980e+01 3.346601638908328850e-03 0.000000000000000000e+00 2.567411717351109068e-01 0.000000000000000000e+00 7.282536056622578302e-01 2.318964746247175780e-03 1.804305096451295435e-04 7.551722900867976866e-03 0.000000000000000000e+00 3.155380348044414352e-06 0.000000000000000000e+00 0.000000000000000000e+00 0.000000000000000000e+00 7.360892148204485315e-04 1.026821164683130387e-05 3.348816356161763344e-07 8.576551185117078533e-04 0.000000000000000000e+00 0.000000000000000000e+00 0.000000000000000000e+00 0.000000000000000000e+00 0.000000000000000000e+00 0.000000000000000000e+00
3.675000000000000000e+03 6.796670492915453110e+01 3.332140074930432447e-03 0.000000000000000000e+00 2.556317239626589299e-01 0.000000000000000000e+00 7.278165344734023323e-01 2.508411167392512933e-03 1.957669219478790383e-04 8.727025469044547359e-03 0.000000000000000000e+00 3.477733445417892443e-06 0.000000000000000000e+00 0.000000000000000000e+00 0.000000000000000000e+00 8.309030288711680666e-04 1.210112537199462916e-05 3.875958006938391121e-07 9.415284471341317648e-04 0.000000000000000000e+00 0.000000000000000000e+00 0.000000000000000000e+00 0.000000000000000000e+00 0.000000000000000000e+00 0.000000000000000000e+00
3.700000000000000000e+03 6.871852076843205737e+01 3.315885900752588156e-03 0.000000000000000000e+00 2.543847579890800015e-01 0.000000000000000000e+00 7.273342279979519986e-01 2.708416560159342904e-03 2.120162200428316501e-04 1.005902766003252680e-02 0.000000000000000000e+00 3.824887332915317147e-06 0.000000000000000000e+00 0.000000000000000000e+00 0.000000000000000000e+00 9.355184827057791939e-04 1.422088273697778744e-05 4.473779902948726443e-07 1.031656041214643613e-03 0.000000000000000000e+00 0.000000000000000000e+00 0.000000000000000000e+00 0.000000000000000000e+00 0.000000000000000000e+00 0.000000000000000000e+00
3.725000000000000000e+03 6.952667796952127333e+01 3.297668272924347745e-03 0.000000000000000000e+00 2.529871568122338821e-01 0.000000000000000000e+00 7.268031684957373395e-01 2.918958757801454109e-03 2.291836327394804846e-04 1.156367827162637849e-02 0.000000000000000000e+00 4.197676777791806816e-06 0.000000000000000000e+00 0.000000000000000000e+00 0.000000000000000000e+00 1.050573915974715956e-03 1.666428130362643454e-05 5.149547908281514715e-07 1.128234928090126763e-03 0.000000000000000000e+00 0.000000000000000000e+00 0.000000000000000000e+00 0.000000000000000000e+00 0.000000000000000000e+00 0.000000000000000000e+00
3.750000000000000000e+03 7.039691588985157011e+01 3.277310726152495631e-03 0.000000000000000000e+00 2.514253855677186511e-01 0.000000000000000000e+00 7.262197831198413667e-01 3.139912336579348071e-03 2.472662646564872100e-04 1.325757430552769976e-02 0.000000000000000000e+00 4.596796594888189333e-06 0.000000000000000000e+00 0.000000000000000000e+00 0.000000000000000000e+00 1.176686123183837617e-03 1.947119742355816390e-05 5.910866551779255406e-07 1.231422475666473035e-03 0.000000000000000000e+00 0.000000000000000000e+00 0.000000000000000000e+00 0.000000000000000000e+00 0.000000000000000000e+00 0.000000000000000000e+00
3.775000000000000000e+03 7.133555490016570388e+01 3.254633213211992164e-03 0.000000000000000000e+00 2.496856314291256429e-01 0.000000000000000000e+00 7.255805291573513838e-01 3.371035190559700488e-03 2.662519168750362986e-04 1.515777161229912504e-02 0.000000000000000000e+00 5.022770432897966629e-06 0.000000000000000000e+00 0.000000000000000000e+00 0.000000000000000000e+00 1.314436262913365764e-03 2.268449421643224559e-05 6.765610498333898519e-07 1.341327391964534411e-03 0.000000000000000000e+00 0.000000000000000000e+00 0.000000000000000000e+00 0.000000000000000000e+00 0.000000000000000000e+00 0.000000000000000000e+00
3.800000000000000000e+03 7.234951817787745654e+01 3.229454813241757448e-03 0.000000000000000000e+00 2.477540228357402174e-01 0.000000000000000000e+00 7.248819598987167323e-01 3.611955094385385819e-03 2.861179417010854494e-04 1.728153724159161436e-02 0.000000000000000000e+00 5.475917417830290840e-06 0.000000000000000000e+00 0.000000000000000000e+00 0.000000000000000000e+00 1.464354227801661825e-03 2.634983671395585317e-05 7.721835473055837842e-07 1.458000009142456201e-03 0.000000000000000000e+00 0.000000000000000000e+00 0.000000000000000000e+00 0.000000000000000000e+00 0.000000000000000000e+00 0.000000000000000000e+00
