# T Ptot H He C N O Na K Si Ar Ti V S Cl Mg Al Ca Fe Cr Li Cs Rb F P
1.500000000000000000e+03 5.597761929566066641e+01 2.984884963942941675e-03 0.000000000000000000e+00 2.875015877313922275e-01 0.000000000000000000e+00 7.095135272875265908e-01 1.608729517910939084e-11 6.528469695505981024e-13 4.837040995348671810e-15 0.000000000000000000e+00 6.920117729354625634e-17 0.000000000000000000e+00 0.000000000000000000e+00 0.000000000000000000e+00 9.870752885132766159e-17 1.785279286010526096e-20 8.201974502022954327e-22 3.931959677467292009e-13 0.000000000000000000e+00 0.000000000000000000e+00 0.000000000000000000e+00 0.000000000000000000e+00 0.000000000000000000e+00 0.000000000000000000e+00
1.525000000000000000e+03 5.597765569027183830e+01 2.984885039571408272e-03 0.000000000000000000e+00 2.875015873865088833e-01 0.000000000000000000e+00 7.095135275444027778e-01 2.762312869632921206e-11 1.144162113281269515e-12 1.034257964661421313e-14 0.000000000000000000e+00 1.441472073980680977e-16 0.000000000000000000e+00 0.000000000000000000e+00 0.000000000000000000e+00 2.352477072353846904e-16 4.566089910051975660e-20 2.230087325300467028e-21 7.387416120494293712e-13 0.000000000000000000e+00 0.000000000000000000e+00 0.000000000000000000e+00 0.000000000000000000e+00 0.000000000000000000e+00 0.000000000000000000e+00
1.550000000000000000e+03 5.597770203132986921e+01 2.984885070021144320e-03 0.000000000000000000e+00 2.875015943989793210e-01 0.000000000000000000e+00 7.095135204810583129e-01 4.659245861906699938e-11 1.968212444945183239e-12 2.156551962065141796e-14 0.000000000000000000e+00 2.927518761383166048e-16 0.000000000000000000e+00 0.000000000000000000e+00 0.000000000000000000e+00 5.444792386066399758e-16 1.131965273198736030e-19 5.844764837466216851e-21 1.358202674941267286e-12 0.000000000000000000e+00 0.000000000000000000e+00 0.000000000000000000e+00 0.000000000000000000e+00 0.000000000000000000e+00 0.000000000000000000e+00
1.575000000000000000e+03 5.597776305169842459e+01 2.984885039375460413e-03 0.000000000000000000e+00 2.875015894238422409e-01 0.000000000000000000e+00 7.095135254536998337e-01 7.726447974539070671e-11 3.326227854366560867e-12 4.390378535094576482e-14 0.000000000000000000e+00 5.804027191408402755e-16 0.000000000000000000e+00 0.000000000000000000e+00 0.000000000000000000e+00 1.225547280688118696e-15 2.724163424116829866e-19 1.479568958673424900e-20 2.446152952201338564e-12 0.000000000000000000e+00 0.000000000000000000e+00 0.000000000000000000e+00 0.000000000000000000e+00 0.000000000000000000e+00 0.000000000000000000e+00
1.600000000000000000e+03 5.597784033142526994e+01 2.984885032668261814e-03 0.000000000000000000e+00 2.875015897133957887e-01 0.000000000000000000e+00 7.095135251179279789e-01 1.260698669514529683e-10 5.527017882071477387e-12 8.736782256662013188e-14 0.000000000000000000e+00 1.124597924063936024e-15 0.000000000000000000e+00 0.000000000000000000e+00 0.000000000000000000e+00 2.686244299112797778e-15 6.373306923523974556e-19 3.624465317383253910e-20 4.319955246509945854e-12 0.000000000000000000e+00 0.000000000000000000e+00 0.000000000000000000e+00 0.000000000000000000e+00 0.000000000000000000e+00 0.000000000000000000e+00
1.625000000000000000e+03 5.597793852198282138e+01 2.984885051803716320e-03 0.000000000000000000e+00 2.875015871136951118e-01 0.000000000000000000e+00 7.095135276152471082e-01 2.025509967346861239e-10 9.037108185911196287e-12 1.701276880079029628e-13 0.000000000000000000e+00 2.131933785793005997e-15 0.000000000000000000e+00 0.000000000000000000e+00 0.000000000000000000e+00 5.740718393824957979e-15 1.451479241272851699e-18 8.607018925695021814e-20 7.487805207238173909e-12 0.000000000000000000e+00 0.000000000000000000e+00 0.000000000000000000e+00 0.000000000000000000e+00 0.000000000000000000e+00 0.000000000000000000e+00
1.650000000000000000e+03 5.597806351779620115e+01 2.984885013785525294e-03 0.000000000000000000e+00 2.875015903919764804e-01 0.000000000000000000e+00 7.095135242459303937e-01 3.206668790879883431e-10 1.455083845853809380e-11 3.244974397452985354e-13 0.000000000000000000e+00 3.958224208004354558e-15 0.000000000000000000e+00 0.000000000000000000e+00 0.000000000000000000e+00 1.197562682984559456e-14 3.221952408966407913e-18 1.984577659006988981e-19 1.274934497781959084e-11 0.000000000000000000e+00 0.000000000000000000e+00 0.000000000000000000e+00 0.000000000000000000e+00 0.000000000000000000e+00 0.000000000000000000e+00
1.675000000000000000e+03 5.597822104175303082e+01 2.984884991169297393e-03 0.000000000000000000e+00 2.875015885840535024e-01 0.000000000000000000e+00 7.095135258791482880e-01 5.005613760202840656e-10 2.308700606175460156e-11 6.068392873014815602e-13 0.000000000000000000e+00 7.204307934326167725e-15 0.000000000000000000e+00 0.000000000000000000e+00 0.000000000000000000e+00 2.441278539716581888e-14 6.979200553707047448e-18 4.449876417170712574e-19 2.134199280474872840e-11 0.000000000000000000e+00 0.000000000000000000e+00 0.000000000000000000e+00 0.000000000000000000e+00 0.000000000000000000e+00 0.000000000000000000e+00
1.700000000000000000e+03 5.597841825925236492e+01 2.984885081592239531e-03 0.000000000000000000e+00 2.875015880160720627e-01 0.000000000000000000e+00 7.095135260589612303e-01 7.709285382937817409e-10 3.612032462626522077e-11 1.113658569404275938e-12 0.000000000000000000e+00 1.286588292698475372e-14 0.000000000000000000e+00 0.000000000000000000e+00 0.000000000000000000e+00 4.868232070028529240e-14 1.476919272260133854e-17 9.716409569060285750e-19 3.515041771299829824e-11 0.000000000000000000e+00 0.000000000000000000e+00 0.000000000000000000e+00 0.000000000000000000e+00 0.000000000000000000e+00 0.000000000000000000e+00
1.725000000000000000e+03 5.597866657459717743e+01 2.984884977381168768e-03 0.000000000000000000e+00 2.875015847514348910e-01 0.000000000000000000e+00 7.095135289841605353e-01 1.172138589728911999e-09 5.575798250903986766e-11 2.007310248980160621e-12 0.000000000000000000e+00 2.256366610715900422e-14 0.000000000000000000e+00 0.000000000000000000e+00 0.000000000000000000e+00 9.505649815424108845e-14 3.056546863584597745e-17 2.068780611636184491e-18 5.700193502821665187e-11 0.000000000000000000e+00 0.000000000000000000e+00 0.000000000000000000e+00 0.000000000000000000e+00 0.000000000000000000e+00 0.000000000000000000e+00
1.750000000000000000e+03 5.597897451570682392e+01 2.984885085897936389e-03 0.000000000000000000e+00 2.875015886309690294e-01 0.000000000000000000e+00 7.095135243429836480e-01 1.760321128097977224e-09 8.497390206903005297e-11 3.556387146637349580e-12 0.000000000000000000e+00 3.889095354625087776e-14 0.000000000000000000e+00 0.000000000000000000e+00 0.000000000000000000e+00 1.819058380726177477e-13 6.192439779243730775e-17 4.300403091698570524e-18 9.107714455708554350e-11 0.000000000000000000e+00 0.000000000000000000e+00 0.000000000000000000e+00 0.000000000000000000e+00 0.000000000000000000e+00 0.000000000000000000e+00
1.775000000000000000e+03 5.597935762547183458e+01 2.984885021672828518e-03 0.000000000000000000e+00 2.875015888090184935e-01 0.000000000000000000e+00 7.095135232786746737e-01 2.612639383697514208e-09 1.279159272300431843e-10 6.198193229771545431e-12 0.000000000000000000e+00 6.592993966704066983e-14 0.000000000000000000e+00 0.000000000000000000e+00 0.000000000000000000e+00 3.414608323483378958e-13 1.229301436664853485e-16 8.737574197879569680e-18 1.434729982981658680e-10 0.000000000000000000e+00 0.000000000000000000e+00 0.000000000000000000e+00 0.000000000000000000e+00 0.000000000000000000e+00 0.000000000000000000e+00
1.800000000000000000e+03 5.597983118860387464e+01 2.984885015848810601e-03 0.000000000000000000e+00 2.875015870102640148e-01 0.000000000000000000e+00 7.095135237152130347e-01 3.834031597232344596e-09 1.903042759348259657e-10 1.063395851789318529e-11 0.000000000000000000e+00 1.100068892508168493e-13 0.000000000000000000e+00 0.000000000000000000e+00 0.000000000000000000e+00 6.292436558894869241e-13 2.393361097950764394e-16 1.737115577068931947e-17 2.229649463967683190e-10 0.000000000000000000e+00 0.000000000000000000e+00 0.000000000000000000e+00 0.000000000000000000e+00 0.000000000000000000e+00 0.000000000000000000e+00
1.825000000000000000e+03 5.598041330633896706e+01 2.984885015116890000e-03 0.000000000000000000e+00 2.875015843961763462e-01 0.000000000000000000e+00 7.095135243829349125e-01 5.565740176631364268e-09 2.787134677073000964e-10 1.797193826075634292e-11 0.000000000000000000e+00 1.807802907347440615e-13 0.000000000000000000e+00 0.000000000000000000e+00 0.000000000000000000e+00 1.139240107802513765e-12 4.573809094342126717e-16 3.382693233324837260e-17 3.420257500038839712e-10 0.000000000000000000e+00 0.000000000000000000e+00 0.000000000000000000e+00 0.000000000000000000e+00 0.000000000000000000e+00 0.000000000000000000e+00
1.850000000000000000e+03 5.598112618240224947e+01 2.984884977940846940e-03 0.000000000000000000e+00 2.875015868972706223e-01 0.000000000000000000e+00 7.095135191728327850e-01 7.995997002831629458e-09 4.055260491327758086e-10 2.993963416888508198e-11 0.000000000000000000e+00 2.927865942439916763e-13 0.000000000000000000e+00 0.000000000000000000e+00 0.000000000000000000e+00 2.027901036503351230e-12 8.586483002438143936e-16 6.458110454338482991e-17 5.181713883200695561e-10 0.000000000000000000e+00 0.000000000000000000e+00 0.000000000000000000e+00 0.000000000000000000e+00 0.000000000000000000e+00 0.000000000000000000e+00
1.875000000000000000e+03 5.598199577096456636e+01 2.984884939276653132e-03 0.000000000000000000e+00 2.875015832096239898e-01 0.000000000000000000e+00 7.095135190649382029e-01 1.137328732377408162e-08 5.839391053193244892e-10 4.919460079893674341e-11 0.000000000000000000e+00 4.676062235563339610e-13 0.000000000000000000e+00 0.000000000000000000e+00 0.000000000000000000e+00 3.551509047172003919e-12 1.584709506782800164e-15 1.209888034736498352e-16 7.757190267367872758e-10 0.000000000000000000e+00 0.000000000000000000e+00 0.000000000000000000e+00 0.000000000000000000e+00 0.000000000000000000e+00 0.000000000000000000e+00
1.900000000000000000e+03 5.598305115348644279e+01 2.984884978948433316e-03 0.000000000000000000e+00 2.875015789544114186e-01 0.000000000000000000e+00 7.095135179767749767e-01 1.602266875353152527e-08 8.325000607459933815e-10 7.977425792928358168e-11 0.000000000000000000e+00 7.368592571932263454e-13 0.000000000000000000e+00 0.000000000000000000e+00 0.000000000000000000e+00 6.123468861818453368e-12 2.877357221520421308e-15 2.226109801577043424e-16 1.148058660885710352e-09 0.000000000000000000e+00 0.000000000000000000e+00 0.000000000000000000e+00 0.000000000000000000e+00 0.000000000000000000e+00 0.000000000000000000e+00
1.925000000000000000e+03 5.598432727887108484e+01 2.984884894134719538e-03 0.000000000000000000e+00 2.875015773539935093e-01 0.000000000000000000e+00 7.095135123908027364e-01 2.236567343643645400e-08 1.175545264360553858e-09 1.277396098831346152e-10 0.000000000000000000e+00 1.146297168686970952e-12 0.000000000000000000e+00 0.000000000000000000e+00 0.000000000000000000e+00 1.040086385556469316e-11 5.143332743694900035e-15 4.025807809792597655e-16 1.680558106962519267e-09 0.000000000000000000e+00 0.000000000000000000e+00 0.000000000000000000e+00 0.000000000000000000e+00 0.000000000000000000e+00 0.000000000000000000e+00
1.950000000000000000e+03 5.598586282980286200e+01 2.984884854206415819e-03 0.000000000000000000e+00 2.875015740153711863e-01 0.000000000000000000e+00 7.095135058857919841e-01 3.094438756879516741e-08 1.644729589971152489e-09 2.020867691310694171e-10 0.000000000000000000e+00 1.761324639840446820e-12 0.000000000000000000e+00 0.000000000000000000e+00 0.000000000000000000e+00 1.741340303309641175e-11 9.056998274444547026e-15 7.161237036327139479e-16 2.434242017496702862e-09 0.000000000000000000e+00 0.000000000000000000e+00 0.000000000000000000e+00 0.000000000000000000e+00 0.000000000000000000e+00 0.000000000000000000e+00
1.975000000000000000e+03 5.598770275007493780e+01 2.984884836798564617e-03 0.000000000000000000e+00 2.875015671539665196e-01 0.000000000000000000e+00 7.095134994401306461e-01 4.245034494281140630e-08 2.280883898242207376e-09 3.160248605520278211e-10 0.000000000000000000e+00 2.674366251962185403e-12 0.000000000000000000e+00 0.000000000000000000e+00 0.000000000000000000e+00 2.875293753988500794e-11 1.572103090792711061e-14 1.253882008946068230e-15 3.490406500733720233e-09 0.000000000000000000e+00 0.000000000000000000e+00 0.000000000000000000e+00 0.000000000000000000e+00 0.000000000000000000e+00 0.000000000000000000e+00
2.000000000000000000e+03 5.598989878015682820e+01 2.984884738140358013e-03 0.000000000000000000e+00 2.875015573802413571e-01 0.000000000000000000e+00 7.095134914904084322e-01 5.775895670372999463e-08 3.136252938647151554e-09 4.887509348383057540e-10 0.000000000000000000e+00 4.014585796776359377e-12 0.000000000000000000e+00 0.000000000000000000e+00 0.000000000000000000e+00 4.684841091585936144e-11 2.691471896726749926e-14 2.162453351246431048e-15 4.956357345475381211e-09 0.000000000000000000e+00 0.000000000000000000e+00 0.000000000000000000e+00 0.000000000000000000e+00 0.000000000000000000e+00 0.000000000000000000e+00
2.025000000000000000e+03 5.599250907483620665e+01 2.984884679957042208e-03 0.000000000000000000e+00 2.875015466615297166e-01 0.000000000000000000e+00 7.095134786094638990e-01 7.797013708839519043e-08 4.277168383927610141e-09 7.478931964226289073e-10 0.000000000000000000e+00 5.960574496231906440e-12 0.000000000000000000e+00 0.000000000000000000e+00 0.000000000000000000e+00 7.535980692922974566e-11 4.550332165413716061e-14 3.675616036371116262e-15 6.972481316560281490e-09 0.000000000000000000e+00 0.000000000000000000e+00 0.000000000000000000e+00 0.000000000000000000e+00 0.000000000000000000e+00 0.000000000000000000e+00
2.050000000000000000e+03 5.599559878679330893e+01 2.984884498746571101e-03 0.000000000000000000e+00 2.875015327766348716e-01 0.000000000000000000e+00 7.095134614987390620e-01 1.044563262471366297e-07 5.787237782459283234e-09 1.132847492988758916e-09 0.000000000000000000e+00 8.756747662634476713e-12 0.000000000000000000e+00 0.000000000000000000e+00 0.000000000000000000e+00 1.197360056391592079e-10 7.591423303928161595e-14 6.161179681302852418e-15 9.720893006968876354e-09 0.000000000000000000e+00 0.000000000000000000e+00 0.000000000000000000e+00 0.000000000000000000e+00 0.000000000000000000e+00 0.000000000000000000e+00
2.075000000000000000e+03 5.599924206226055645e+01 2.984884313200843447e-03 0.000000000000000000e+00 2.875015154063310652e-01 0.000000000000000000e+00 7.095134382554224572e-01 1.389178912464937099e-07 7.771070866006086290e-09 1.699296235558497661e-09 0.000000000000000000e+00 1.273432346544758237e-11 0.000000000000000000e+00 0.000000000000000000e+00 0.000000000000000000e+00 1.879953462656821009e-10 1.251154561780406417e-13 1.019039429498038845e-14 1.343592229193770256e-08 0.000000000000000000e+00 0.000000000000000000e+00 0.000000000000000000e+00 0.000000000000000000e+00 0.000000000000000000e+00 0.000000000000000000e+00
2.100000000000000000e+03 5.600352047753105467e+01 2.984884044271335878e-03 0.000000000000000000e+00 2.875014937080195287e-01 0.000000000000000000e+00 7.095134071887654326e-01 1.834478777291188603e-07 1.035867485632732625e-08 2.525286984854088011e-09 0.000000000000000000e+00 1.833791563389631070e-11 0.000000000000000000e+00 0.000000000000000000e+00 0.000000000000000000e+00 2.918062903209814031e-10 2.038054117539454838e-13 1.663955145994917932e-14 1.841673966254784612e-08 0.000000000000000000e+00 0.000000000000000000e+00 0.000000000000000000e+00 0.000000000000000000e+00 0.000000000000000000e+00 0.000000000000000000e+00
2.125000000000000000e+03 5.600852701083178431e+01 2.984883738188102466e-03 0.000000000000000000e+00 2.875014634633487054e-01 0.000000000000000000e+00 7.095133692453533536e-01 2.406062779550653057e-07 1.371054812620719545e-08 3.719351261933246215e-09 0.000000000000000000e+00 2.615893675791868578e-11 0.000000000000000000e+00 0.000000000000000000e+00 0.000000000000000000e+00 4.479673223889743390e-10 3.282742080439143073e-13 2.683698208179777901e-14 2.504245097644556057e-08 0.000000000000000000e+00 0.000000000000000000e+00 0.000000000000000000e+00 0.000000000000000000e+00 0.000000000000000000e+00 0.000000000000000000e+00
2.150000000000000000e+03 5.601436431878050115e+01 2.984883273765859615e-03 0.000000000000000000e+00 2.875014160223616222e-01 0.000000000000000000e+00 7.095133292360124022e-01 3.135050375734782065e-07 1.802357230533096475e-08 5.431279927331063893e-09 0.000000000000000000e+00 3.697718782908556040e-11 0.000000000000000000e+00 0.000000000000000000e+00 0.000000000000000000e+00 6.804130012235399769e-10 5.230749173154192336e-13 4.277340020118597070e-14 3.379001414597154823e-08 0.000000000000000000e+00 0.000000000000000000e+00 0.000000000000000000e+00 0.000000000000000000e+00 0.000000000000000000e+00 0.000000000000000000e+00
2.175000000000000000e+03 5.602114312367361748e+01 2.984882776456659718e-03 0.000000000000000000e+00 2.875013711477210077e-01 0.000000000000000000e+00 7.095132624359243856e-01 4.059047894988209415e-07 2.353778111993402386e-08 7.866338824965389096e-09 0.000000000000000000e+00 5.181221071349536750e-11 0.000000000000000000e+00 0.000000000000000000e+00 0.000000000000000000e+00 1.022906509456286016e-09 8.248552727887517260e-13 6.739969084430600112e-14 4.525537748557677275e-08 0.000000000000000000e+00 0.000000000000000000e+00 0.000000000000000000e+00 0.000000000000000000e+00 0.000000000000000000e+00 0.000000000000000000e+00
2.200000000000000000e+03 5.602898961740591233e+01 2.984882095887110651e-03 0.000000000000000000e+00 2.875013024429373121e-01 0.000000000000000000e+00 7.095131895147985812e-01 5.223241321169901143e-07 3.054408068968281741e-08 1.130391463528944804e-08 0.000000000000000000e+00 7.198616982364271608e-11 0.000000000000000000e+00 0.000000000000000000e+00 0.000000000000000000e+00 1.522619054937461929e-09 1.287805787261433856e-12 1.050441886046388017e-13 6.017825139421087590e-08 0.000000000000000000e+00 0.000000000000000000e+00 0.000000000000000000e+00 0.000000000000000000e+00 0.000000000000000000e+00 0.000000000000000000e+00
2.225000000000000000e+03 5.603803891924343361e+01 2.984881290501997016e-03 0.000000000000000000e+00 2.875012195708140927e-01 0.000000000000000000e+00 7.095130936440274816e-01 6.681626016286789517e-07 3.939302569472432545e-08 1.612184430946893371e-08 0.000000000000000000e+00 9.920027592276804126e-11 0.000000000000000000e+00 0.000000000000000000e+00 0.000000000000000000e+00 2.244848726420804881e-09 1.991339934308682104e-12 1.619917011967330390e-13 7.947098258995352266e-08 0.000000000000000000e+00 0.000000000000000000e+00 0.000000000000000000e+00 0.000000000000000000e+00 0.000000000000000000e+00 0.000000000000000000e+00
2.250000000000000000e+03 5.604843978023561135e+01 2.984880197235911282e-03 0.000000000000000000e+00 2.875011178227687703e-01 0.000000000000000000e+00 7.095129711390761873e-01 8.498381163176790585e-07 5.050471560365148288e-08 2.282799625173291754e-08 0.000000000000000000e+00 1.356269225796144716e-10 0.000000000000000000e+00 0.000000000000000000e+00 0.000000000000000000e+00 3.279163875633903732e-09 3.050834352640003797e-12 2.472794146964302365e-13 1.042520020171658440e-07 0.000000000000000000e+00 0.000000000000000000e+00 0.000000000000000000e+00 0.000000000000000000e+00 0.000000000000000000e+00 0.000000000000000000e+00
2.275000000000000000e+03 5.606035513803406900e+01 2.984878852351945805e-03 0.000000000000000000e+00 2.875009863703935631e-01 0.000000000000000000e+00 7.095128225356424068e-01 1.074939843456818926e-06 6.437990967185084931e-08 3.210106677273251273e-08 0.000000000000000000e+00 1.840200187933035070e-10 0.000000000000000000e+00 0.000000000000000000e+00 0.000000000000000000e+00 4.747389337234448634e-09 4.632529389832212616e-12 3.737809669198295253e-13 1.358843765816782922e-07 0.000000000000000000e+00 0.000000000000000000e+00 0.000000000000000000e+00 0.000000000000000000e+00 0.000000000000000000e+00 0.000000000000000000e+00
2.300000000000000000e+03 5.607395985783165315e+01 2.984877163475889439e-03 0.000000000000000000e+00 2.875008237767974206e-01 0.000000000000000000e+00 7.095126371176093683e-01 1.352397427313683456e-06 8.161244079154876654e-08 4.484304327118160533e-08 0.000000000000000000e+00 2.478461080248398506e-10 0.000000000000000000e+00 0.000000000000000000e+00 0.000000000000000000e+00 6.813825472122815232e-09 6.974047916455360152e-12 5.596701977304740768e-13 1.760200005575051320e-07 0.000000000000000000e+00 0.000000000000000000e+00 0.000000000000000000e+00 0.000000000000000000e+00 0.000000000000000000e+00 0.000000000000000000e+00
2.325000000000000000e+03 5.608944376582230262e+01 2.984874986610106754e-03 0.000000000000000000e+00 2.875006256566952634e-01 0.000000000000000000e+00 7.095124048492136293e-01 1.692667133746831707e-06 1.029030030730107090e-07 6.224635554956848007e-08 0.000000000000000000e+00 3.314392103979116577e-10 0.000000000000000000e+00 0.000000000000000000e+00 0.000000000000000000e+00 9.698277486109686365e-09 1.041244467242210725e-11 8.303810342356590764e-13 2.266500290972295163e-07 0.000000000000000000e+00 0.000000000000000000e+00 0.000000000000000000e+00 0.000000000000000000e+00 0.000000000000000000e+00 0.000000000000000000e+00
2.350000000000000000e+03 5.610701076448765434e+01 2.984872422705462172e-03 0.000000000000000000e+00 2.875003761388162937e-01 0.000000000000000000e+00 7.095121242373267911e-01 2.107935831361024744e-06 1.290743922434646661e-07 8.587947143554565059e-08 0.000000000000000000e+00 4.401823929865020188e-10 0.000000000000000000e+00 0.000000000000000000e+00 0.000000000000000000e+00 1.369251733939022388e-08 1.542228513396146486e-11 1.221210196281186118e-12 2.901621131274183597e-07 0.000000000000000000e+00 0.000000000000000000e+00 0.000000000000000000e+00 0.000000000000000000e+00 0.000000000000000000e+00 0.000000000000000000e+00
2.375000000000000000e+03 5.612687856344955861e+01 2.984869300317425679e-03 0.000000000000000000e+00 2.875000681872450503e-01 0.000000000000000000e+00 7.095117820940815001e-01 2.612343295923345103e-06 1.610882739234421787e-07 1.177955189821912583e-07 0.000000000000000000e+00 5.807194036294769855e-10 0.000000000000000000e+00 0.000000000000000000e+00 0.000000000000000000e+00 1.918092636103708118e-08 2.266698277732916451e-11 1.780746992819115598e-12 3.694051733922853468e-07 0.000000000000000000e+00 0.000000000000000000e+00 0.000000000000000000e+00 0.000000000000000000e+00 0.000000000000000000e+00 0.000000000000000000e+00
2.400000000000000000e+03 5.614928127430216875e+01 2.984865302554187173e-03 0.000000000000000000e+00 2.874996898315745897e-01 0.000000000000000000e+00 7.095113666844526934e-01 3.222223125738334232e-06 2.000635243190269437e-07 1.606695921928481446e-07 0.000000000000000000e+00 7.611997228023353123e-10 0.000000000000000000e+00 0.000000000000000000e+00 0.000000000000000000e+00 2.666619581142184050e-08 3.306756565305251349e-11 2.575358346787146794e-12 4.677621377623975978e-07 0.000000000000000000e+00 0.000000000000000000e+00 0.000000000000000000e+00 0.000000000000000000e+00 0.000000000000000000e+00 0.000000000000000000e+00
2.425000000000000000e+03 5.617446474080004037e+01 2.984860547295146473e-03 0.000000000000000000e+00 2.874992272389323977e-01 0.000000000000000000e+00 7.095108635068855252e-01 3.956363122051508697e-06 2.472962178132657002e-07 2.179715574354933035e-07 0.000000000000000000e+00 9.915608113118798374e-10 0.000000000000000000e+00 0.000000000000000000e+00 0.000000000000000000e+00 3.680109845932852165e-08 4.789419868028050462e-11 3.695011559166520815e-12 5.892317412381381832e-07 0.000000000000000000e+00 0.000000000000000000e+00 0.000000000000000000e+00 0.000000000000000000e+00 0.000000000000000000e+00 0.000000000000000000e+00
2.450000000000000000e+03 5.620269081488196150e+01 2.984854635623301281e-03 0.000000000000000000e+00 2.874986620038385565e-01 0.000000000000000000e+00 7.095102583066245083e-01 4.836284888466535579e-06 3.042813099088898106e-07 2.941826783641145075e-07 0.000000000000000000e+00 1.283851063811132551e-09 0.000000000000000000e+00 0.000000000000000000e+00 0.000000000000000000e+00 5.042749163361398971e-08 6.888724134760138906e-11 5.260780471647720106e-12 7.385195460365065567e-07 0.000000000000000000e+00 0.000000000000000000e+00 0.000000000000000000e+00 0.000000000000000000e+00 0.000000000000000000e+00 0.000000000000000000e+00
2.475000000000000000e+03 5.623423425282696542e+01 2.984847602406266471e-03 0.000000000000000000e+00 2.874979743199325144e-01 0.000000000000000000e+00 7.095095322116246050e-01 5.886542263447512055e-06 3.727360112049265688e-07 3.950660428189386037e-07 0.000000000000000000e+00 1.652597395023583889e-09 0.000000000000000000e+00 0.000000000000000000e+00 0.000000000000000000e+00 6.862388092174332551e-08 9.841639527662002866e-11 7.434454578905277098e-12 9.211393900403057575e-07 0.000000000000000000e+00 0.000000000000000000e+00 0.000000000000000000e+00 0.000000000000000000e+00 0.000000000000000000e+00 0.000000000000000000e+00
2.500000000000000000e+03 5.626938418765637095e+01 2.984838961245806985e-03 0.000000000000000000e+00 2.874971442951122502e-01 0.000000000000000000e+00 7.095086605219946829e-01 7.135039794067554707e-06 4.546249226201124413e-07 5.280027896631878561e-07 0.000000000000000000e+00 2.115221267120710570e-09 0.000000000000000000e+00 0.000000000000000000e+00 0.000000000000000000e+00 9.276304762374306491e-08 1.396886935980464642e-10 1.043076172299189553e-11 1.143525752569173919e-06 0.000000000000000000e+00 0.000000000000000000e+00 0.000000000000000000e+00 0.000000000000000000e+00 0.000000000000000000e+00 0.000000000000000000e+00
2.525000000000000000e+03 5.630844066603820863e+01 2.984828479278374500e-03 0.000000000000000000e+00 2.874961439747353853e-01 0.000000000000000000e+00 7.095076189374522890e-01 8.613370058642549876e-06 5.521869172381933509e-07 7.024084334746446872e-07 0.000000000000000000e+00 2.692507553718854196e-09 0.000000000000000000e+00 0.000000000000000000e+00 0.000000000000000000e+00 1.245814267762930494e-07 1.970188069492145982e-10 1.453281183939046353e-11 1.413157638573243038e-06 0.000000000000000000e+00 0.000000000000000000e+00 0.000000000000000000e+00 0.000000000000000000e+00 0.000000000000000000e+00 0.000000000000000000e+00
2.550000000000000000e+03 5.635171624888916142e+01 2.984815928771981236e-03 0.000000000000000000e+00 2.874949325864986638e-01 0.000000000000000000e+00 7.095063874435737494e-01 1.035716841875414828e-05 6.679637748342840284e-07 9.302461385992521743e-07 0.000000000000000000e+00 3.409129046093603058e-09 0.000000000000000000e+00 0.000000000000000000e+00 0.000000000000000000e+00 1.662621275998705540e-07 2.761782596983694429e-10 2.011149334894903137e-11 1.738695276840924134e-06 0.000000000000000000e+00 0.000000000000000000e+00 0.000000000000000000e+00 0.000000000000000000e+00 0.000000000000000000e+00 0.000000000000000000e+00
2.575000000000000000e+03 5.639953279542006470e+01 2.984800831778146920e-03 0.000000000000000000e+00 2.874934783177109932e-01 0.000000000000000000e+00 7.095049275069384986e-01 1.240648611885415265e-05 8.048305340823383979e-07 1.226657016264053180e-06 0.000000000000000000e+00 4.294231668426867252e-09 0.000000000000000000e+00 0.000000000000000000e+00 0.000000000000000000e+00 2.205336473613455503e-07 3.848441957200951650e-10 2.764968319930298806e-11 2.130129530244374848e-06 0.000000000000000000e+00 0.000000000000000000e+00 0.000000000000000000e+00 0.000000000000000000e+00 0.000000000000000000e+00 0.000000000000000000e+00
2.600000000000000000e+03 5.645222192991641919e+01 2.984782679424553570e-03 0.000000000000000000e+00 2.874917307053290183e-01 0.000000000000000000e+00 7.095032079889426191e-01 1.480618245196375132e-05 9.660275785201030359e-07 1.610731010256275253e-06 0.000000000000000000e+00 5.382083380873285438e-09 0.000000000000000000e+00 0.000000000000000000e+00 0.000000000000000000e+00 2.907866249219318962e-07 5.331729200757826797e-10 3.777229019273974500e-11 2.598945609574796527e-06 0.000000000000000000e+00 0.000000000000000000e+00 0.000000000000000000e+00 0.000000000000000000e+00 0.000000000000000000e+00 0.000000000000000000e+00
2.625000000000000000e+03 5.651012375709791513e+01 2.984760934682430342e-03 0.000000000000000000e+00 2.874896341177802239e-01 0.000000000000000000e+00 7.095011899695852220e-01 1.760632814804973897e-05 1.155194284969110074e-06 2.106444895450514567e-06 0.000000000000000000e+00 6.712790087575265334e-09 0.000000000000000000e+00 0.000000000000000000e+00 0.000000000000000000e+00 3.812110619476111161e-07 7.345289694505467343e-10 5.128332719965147035e-11 3.158300959205353492e-06 0.000000000000000000e+00 0.000000000000000000e+00 0.000000000000000000e+00 0.000000000000000000e+00 0.000000000000000000e+00 0.000000000000000000e+00
2.650000000000000000e+03 5.657358079059195433e+01 2.984735041632398129e-03 0.000000000000000000e+00 2.874871367806360323e-01 0.000000000000000000e+00 7.094988157588896227e-01 2.086262884852557419e-05 1.376404512555851315e-06 2.743800582310929793e-06 0.000000000000000000e+00 8.333083151187680921e-09 0.000000000000000000e+00 0.000000000000000000e+00 0.000000000000000000e+00 4.969568330056954205e-07 1.006407213063316390e-09 6.921139205221810417e-11 3.823219364057800286e-06 0.000000000000000000e+00 0.000000000000000000e+00 0.000000000000000000e+00 0.000000000000000000e+00 0.000000000000000000e+00 0.000000000000000000e+00
2.675000000000000000e+03 5.664294308783460963e+01 2.984704061072759613e-03 0.000000000000000000e+00 2.874841612623444398e-01 0.000000000000000000e+00 7.094960365350403420e-01 2.463685878858555596e-05 1.634203374971464753e-06 3.560198333736340999e-06 0.000000000000000000e+00 1.029718045966691731e-08 0.000000000000000000e+00 0.000000000000000000e+00 0.000000000000000000e+00 6.443201663640061706e-07 1.371592666903378570e-09 9.286518883959669623e-11 4.610799240493512487e-06 0.000000000000000000e+00 0.000000000000000000e+00 0.000000000000000000e+00 0.000000000000000000e+00 0.000000000000000000e+00 0.000000000000000000e+00
2.700000000000000000e+03 5.671856315219417866e+01 2.984667197627538775e-03 0.000000000000000000e+00 2.874806012276459599e-01 0.000000000000000000e+00 7.094928124835473415e-01 2.899730609725674729e-05 1.933645462491031732e-06 4.602088083316855146e-06 0.000000000000000000e+00 1.266772259296521329e-08 0.000000000000000000e+00 0.000000000000000000e+00 0.000000000000000000e+00 8.309594720778172490e-07 1.859612933101452263e-09 1.239009013045558847e-10 5.540440827657261471e-06 0.000000000000000000e+00 0.000000000000000000e+00 0.000000000000000000e+00 0.000000000000000000e+00 0.000000000000000000e+00 0.000000000000000000e+00
2.725000000000000000e+03 5.680079075821883805e+01 2.984623332246879798e-03 0.000000000000000000e+00 2.874763808604457460e-01 0.000000000000000000e+00 7.094890508683229235e-01 3.401923575193320764e-05 2.280334823843563723e-06 5.926946600947844703e-06 0.000000000000000000e+00 1.551679070337194257e-08 0.000000000000000000e+00 0.000000000000000000e+00 0.000000000000000000e+00 1.066143733514186247e-06 2.508546443825959986e-09 1.644036016147330242e-10 6.634088333559508106e-06 0.000000000000000000e+00 0.000000000000000000e+00 0.000000000000000000e+00 0.000000000000000000e+00 0.000000000000000000e+00 0.000000000000000000e+00
2.750000000000000000e+03 5.688997778566907471e+01 2.984571222251333322e-03 0.000000000000000000e+00 2.874713640281540417e-01 0.000000000000000000e+00 7.094846932604348400e-01 3.978535070506332384e-05 2.680465685028608893e-06 7.605633517011977897e-06 0.000000000000000000e+00 1.892700393874928002e-08 0.000000000000000000e+00 0.000000000000000000e+00 0.000000000000000000e+00 1.361036557088854518e-06 3.367264915400603868e-09 2.169850495614804256e-10 7.916491441942701199e-06 0.000000000000000000e+00 0.000000000000000000e+00 0.000000000000000000e+00 0.000000000000000000e+00 0.000000000000000000e+00 0.000000000000000000e+00
2.775000000000000000e+03 5.698647042501654170e+01 2.984509473892662298e-03 0.000000000000000000e+00 2.874654146133421850e-01 0.000000000000000000e+00 7.094796513110213088e-01 4.638626834946734821e-05 3.140864833852014015e-06 9.725188778362222868e-06 0.000000000000000000e+00 2.299269727514292872e-08 0.000000000000000000e+00 0.000000000000000000e+00 0.000000000000000000e+00 1.729020300074416328e-06 4.498198452143618249e-09 2.849006858447071942e-10 9.415483685647930973e-06 0.000000000000000000e+00 0.000000000000000000e+00 0.000000000000000000e+00 0.000000000000000000e+00 0.000000000000000000e+00 0.000000000000000000e+00
2.800000000000000000e+03 5.709061355883531519e+01 2.984436303600256080e-03 0.000000000000000000e+00 2.874583597419955172e-01 0.000000000000000000e+00 7.094738392591560805e-01 5.392100478183002322e-05 3.669034489223530305e-06 1.239213952575807291e-05 0.000000000000000000e+00 2.782118724395337167e-08 0.000000000000000000e+00 0.000000000000000000e+00 0.000000000000000000e+00 2.186062917890555798e-06 5.980731280438563509e-09 3.721887997688901457e-10 1.116227942615923410e-05 0.000000000000000000e+00 0.000000000000000000e+00 0.000000000000000000e+00 0.000000000000000000e+00 0.000000000000000000e+00 0.000000000000000000e+00
2.825000000000000000e+03 5.720274225890546660e+01 2.984349661752970853e-03 0.000000000000000000e+00 2.874500221408413103e-01 0.000000000000000000e+00 7.094671362983713259e-01 6.249745125616437463e-05 4.273196822027518117e-06 1.573639495373936703e-05 0.000000000000000000e+00 3.353411708785040788e-08 0.000000000000000000e+00 0.000000000000000000e+00 0.000000000000000000e+00 2.751132317264011308e-06 7.915351697332580436e-09 4.838355141527824192e-10 1.319179038081078237e-05 0.000000000000000000e+00 0.000000000000000000e+00 0.000000000000000000e+00 0.000000000000000000e+00 0.000000000000000000e+00 0.000000000000000000e+00
2.850000000000000000e+03 5.732318702073210659e+01 2.984247323803178482e-03 0.000000000000000000e+00 2.874401628793666341e-01 0.000000000000000000e+00 7.094594378363232590e-01 7.223286595105711278e-05 4.962338583429379423e-06 1.991581068390172742e-05 0.000000000000000000e+00 4.026888667255168898e-08 0.000000000000000000e+00 0.000000000000000000e+00 0.000000000000000000e+00 3.446661896607471088e-06 1.042869964638774659e-08 6.259692742380155267e-10 1.554295983661502267e-05 0.000000000000000000e+00 0.000000000000000000e+00 0.000000000000000000e+00 0.000000000000000000e+00 0.000000000000000000e+00 0.000000000000000000e+00
2.875000000000000000e+03 5.745226965643770001e+01 2.984126473411232230e-03 0.000000000000000000e+00 2.874285222210263280e-01 0.000000000000000000e+00 7.094506083115090789e-01 8.325436138646762551e-05 5.746256311802803386e-06 2.512152274220610479e-05 0.000000000000000000e+00 4.818016502555161735e-08 0.000000000000000000e+00 0.000000000000000000e+00 0.000000000000000000e+00 4.299070267378842140e-06 1.367968278355126756e-08 8.060891443435593623e-10 1.825911740824329651e-05 0.000000000000000000e+00 0.000000000000000000e+00 0.000000000000000000e+00 0.000000000000000000e+00 0.000000000000000000e+00 0.000000000000000000e+00
2.900000000000000000e+03 5.759030505449437953e+01 2.983983924167786517e-03 0.000000000000000000e+00 2.874147883969234152e-01 0.000000000000000000e+00 7.094405045060848680e-01 9.569938359910684482e-05 6.635602804908477618e-06 3.158415499624375294e-05 0.000000000000000000e+00 5.744148349895462726e-08 0.000000000000000000e+00 0.000000000000000000e+00 0.000000000000000000e+00 5.339340921809382714e-06 1.786684632201941829e-08 1.033331755231380252e-09 2.138834884039083454e-05 0.000000000000000000e+00 0.000000000000000000e+00 0.000000000000000000e+00 0.000000000000000000e+00 0.000000000000000000e+00 0.000000000000000000e+00
2.925000000000000000e+03 5.773759859066333888e+01 2.983815858869274217e-03 0.000000000000000000e+00 2.873986089374030994e-01 0.000000000000000000e+00 7.094289557068351737e-01 1.097161952573369285e-04 7.641932571282648265e-06 3.958101170982074123e-05 0.000000000000000000e+00 6.824689991367417080e-08 0.000000000000000000e+00 0.000000000000000000e+00 0.000000000000000000e+00 6.603663562631910869e-06 2.323722866818470135e-08 1.318782082173895615e-09 2.498389088060979653e-05 0.000000000000000000e+00 0.000000000000000000e+00 0.000000000000000000e+00 0.000000000000000000e+00 0.000000000000000000e+00 0.000000000000000000e+00
2.950000000000000000e+03 5.789444802960090186e+01 2.983618078102667510e-03 0.000000000000000000e+00 2.873795617293159466e-01 0.000000000000000000e+00 7.094157824516268418e-01 1.254643394808352787e-04 8.777748956761434305e-06 4.944438744808572295e-05 0.000000000000000000e+00 8.081274920285123520e-08 0.000000000000000000e+00 0.000000000000000000e+00 0.000000000000000000e+00 8.134142625262093709e-06 3.009694297908968786e-08 1.675833366944774194e-09 2.910453691817483190e-05 0.000000000000000000e+00 0.000000000000000000e+00 0.000000000000000000e+00 0.000000000000000000e+00 0.000000000000000000e+00 0.000000000000000000e+00
2.975000000000000000e+03 5.806114664755595811e+01 2.983385431906575465e-03 0.000000000000000000e+00 2.873571507420178972e-01 0.000000000000000000e+00 7.094007900921117660e-01 1.431151013157906649e-04 1.005654830849504469e-05 6.157112004882073491e-05 0.000000000000000000e+00 9.537944321099551232e-08 0.000000000000000000e+00 0.000000000000000000e+00 0.000000000000000000e+00 9.979574621653891092e-06 3.882377737379325981e-08 2.120602938130324245e-09 3.381506584538666600e-05 0.000000000000000000e+00 0.000000000000000000e+00 0.000000000000000000e+00 0.000000000000000000e+00 0.000000000000000000e+00 0.000000000000000000e+00
3.000000000000000000e+03 5.823798250178154490e+01 2.983112127581486611e-03 0.000000000000000000e+00 2.873308165174247586e-01 0.000000000000000000e+00 7.093837452380169495e-01 1.628519440327874245e-04 1.149286558147919119e-05 7.643355780590959444e-05 0.000000000000000000e+00 1.122133433254546360e-07 0.000000000000000000e+00 0.000000000000000000e+00 0.000000000000000000e+00 1.219629909737061590e-05 4.988213716965613024e-08 2.672409719509777481e-09 3.918668256923588106e-05 0.000000000000000000e+00 0.000000000000000000e+00 0.000000000000000000e+00 0.000000000000000000e+00 0.000000000000000000e+00 0.000000000000000000e+00
3.025000000000000000e+03 5.842524175480414783e+01 2.982791179261712507e-03 0.000000000000000000e+00 2.872999101908960129e-01 0.000000000000000000e+00 7.093643878819460014e-01 1.848709405748098615e-04 1.310231949058733273e-05 9.459207897465337364e-05 0.000000000000000000e+00 1.316086919727249752e-07 0.000000000000000000e+00 0.000000000000000000e+00 0.000000000000000000e+00 1.484912634451794170e-05 6.384068562038505365e-08 3.354321719153801537e-09 4.529747881227685885e-05 0.000000000000000000e+00 0.000000000000000000e+00 0.000000000000000000e+00 0.000000000000000000e+00 0.000000000000000000e+00 0.000000000000000000e+00
3.050000000000000000e+03 5.862321327280355376e+01 2.982414802135911584e-03 0.000000000000000000e+00 2.872636552313275193e-01 0.000000000000000000e+00 7.093424531276900646e-01 2.093811487013546354e-04 1.490165211287131814e-05 1.167093207570798970e-04 0.000000000000000000e+00 1.538895590879463708e-07 0.000000000000000000e+00 0.000000000000000000e+00 0.000000000000000000e+00 1.801234040395494878e-05 8.139310363203912008e-08 4.193778883338478972e-09 5.223290042971304745e-05 0.000000000000000000e+00 0.000000000000000000e+00 0.000000000000000000e+00 0.000000000000000000e+00 0.000000000000000000e+00 0.000000000000000000e+00
3.075000000000000000e+03 5.883218967246602915e+01 2.981973809412107393e-03 0.000000000000000000e+00 2.872211757652823882e-01 0.000000000000000000e+00 7.093176252947075433e-01 2.366049581620142353e-04 1.690877078361831224e-05 1.435663668571344608e-04 0.000000000000000000e+00 1.794118436586966852e-07 0.000000000000000000e+00 0.000000000000000000e+00 0.000000000000000000e+00 2.177078286306935356e-05 1.033823949559358992e-07 5.223302487595647838e-09 6.008623439087106536e-05 0.000000000000000000e+00 0.000000000000000000e+00 0.000000000000000000e+00 0.000000000000000000e+00 0.000000000000000000e+00 0.000000000000000000e+00
3.100000000000000000e+03 5.905247544868157661e+01 2.981457657985605095e-03 0.000000000000000000e+00 2.871714629074249570e-01 0.000000000000000000e+00 7.092895512400937408e-01 2.667784336714502176e-04 1.914278442129230265e-05 1.760809901320192696e-04 0.000000000000000000e+00 2.085652895571832271e-07 0.000000000000000000e+00 0.000000000000000000e+00 0.000000000000000000e+00 2.622101772465495689e-05 1.308292514253572056e-07 6.481294771884299663e-09 6.895909271071918960e-05 0.000000000000000000e+00 0.000000000000000000e+00 0.000000000000000000e+00 0.000000000000000000e+00 0.000000000000000000e+00 0.000000000000000000e+00
3.125000000000000000e+03 5.928438972886900160e+01 2.980854186145055762e-03 0.000000000000000000e+00 2.871133408919244179e-01 0.000000000000000000e+00 7.092578518976559998e-01 3.001515315996755411e-04 2.162403568416270173e-05 2.153282123910025268e-04 0.000000000000000000e+00 2.417754622626957156e-07 0.000000000000000000e+00 0.000000000000000000e+00 0.000000000000000000e+00 3.147257441380158481e-05 1.649650320157006081e-07 8.012942241329786607e-09 7.896191674938349671e-05 0.000000000000000000e+00 0.000000000000000000e+00 0.000000000000000000e+00 0.000000000000000000e+00 0.000000000000000000e+00 0.000000000000000000e+00
3.150000000000000000e+03 5.952827559125160661e+01 2.980149473929597035e-03 0.000000000000000000e+00 2.870454593005677402e-01 0.000000000000000000e+00 7.092221051330387382e-01 3.369882657213655176e-04 2.437412937057260162e-05 2.625633343409769418e-04 0.000000000000000000e+00 2.795057331143167039e-07 0.000000000000000000e+00 0.000000000000000000e+00 0.000000000000000000e+00 3.764926182982293064e-05 2.072699386958981977e-07 9.871226100318572523e-09 9.021445430326731504e-05 0.000000000000000000e+00 0.000000000000000000e+00 0.000000000000000000e+00 0.000000000000000000e+00 0.000000000000000000e+00 0.000000000000000000e+00
3.175000000000000000e+03 5.978450458135828427e+01 2.979327382986467990e-03 0.000000000000000000e+00 2.869662802696508197e-01 0.000000000000000000e+00 7.091818310690076732e-01 3.775668652366927008e-04 2.741595549789423004e-05 3.192477259619941202e-04 0.000000000000000000e+00 3.222592206013545925e-07 0.000000000000000000e+00 0.000000000000000000e+00 0.000000000000000000e+00 4.489057335674616702e-05 2.595169910232810455e-07 1.211805249429996945e-08 1.028462640375680251e-04 0.000000000000000000e+00 0.000000000000000000e+00 0.000000000000000000e+00 0.000000000000000000e+00 0.000000000000000000e+00 0.000000000000000000e+00
3.200000000000000000e+03 6.005348613468524377e+01 2.978369665582922786e-03 0.000000000000000000e+00 2.868740230648856859e-01 0.000000000000000000e+00 7.091365169725861728e-01 4.221796751684742002e-04 3.077369728988396658e-05 3.870773943555365555e-04 0.000000000000000000e+00 3.705805545568929532e-07 0.000000000000000000e+00 0.000000000000000000e+00 0.000000000000000000e+00 5.335313191046386395e-05 3.238225704324520385e-07 1.482550783891524311e-08 1.169971695878491261e-04 0.000000000000000000e+00 0.000000000000000000e+00 0.000000000000000000e+00 0.000000000000000000e+00 0.000000000000000000e+00 0.000000000000000000e+00
3.225000000000000000e+03 6.033567977346854150e+01 2.977255077355036705e-03 0.000000000000000000e+00 2.867666724489901231e-01 0.000000000000000000e+00 7.090855761470787888e-01 4.711330688885323470e-04 3.447283986242873977e-05 4.680146525684470826e-04 0.000000000000000000e+00 4.250576548224463162e-07 0.000000000000000000e+00 0.000000000000000000e+00 0.000000000000000000e+00 6.321221504089735146e-05 4.027041724401162739e-07 1.807724539218185858e-08 1.328177111432318931e-04 0.000000000000000000e+00 0.000000000000000000e+00 0.000000000000000000e+00 0.000000000000000000e+00 0.000000000000000000e+00 0.000000000000000000e+00
3.250000000000000000e+03 6.063159951132202963e+01 2.975959825247698545e-03 0.000000000000000000e+00 2.866419160559461332e-01 0.000000000000000000e+00 7.090283734016019634e-01 5.247471102602522045e-04 3.854016214615702256e-05 5.643231185254929524e-04 0.000000000000000000e+00 4.863231856505479215e-07 0.000000000000000000e+00 0.000000000000000000e+00 0.000000000000000000e+00 7.466332083947663603e-05 4.991461479373721003e-07 2.197001424384733426e-08 1.504695660850991238e-04 0.000000000000000000e+00 0.000000000000000000e+00 0.000000000000000000e+00 0.000000000000000000e+00 0.000000000000000000e+00 0.000000000000000000e+00
3.275000000000000000e+03 6.094182996167953092e+01 2.974456619131141209e-03 0.000000000000000000e+00 2.864971252131580659e-01 0.000000000000000000e+00 7.089642056269440662e-01 5.833550971357418609e-04 4.300370687399648542e-05 6.786057407543748168e-04 0.000000000000000000e+00 5.550559638756351476e-07 0.000000000000000000e+00 0.000000000000000000e+00 0.000000000000000000e+00 8.792375702441646576e-05 6.166741691567034886e-07 2.661532973867494995e-08 1.701258935154932313e-04 0.000000000000000000e+00 0.000000000000000000e+00 0.000000000000000000e+00 0.000000000000000000e+00 0.000000000000000000e+00 0.000000000000000000e+00
3.300000000000000000e+03 6.126703796685121972e+01 2.972714396460592219e-03 0.000000000000000000e+00 2.863293194394606611e-01 0.000000000000000000e+00 7.088922946293635396e-01 6.473028126406111518e-04 4.789274749275165073e-05 8.138465504451637472e-04 0.000000000000000000e+00 6.319818230690890569e-07 0.000000000000000000e+00 0.000000000000000000e+00 0.000000000000000000e+00 1.032342367224853719e-04 7.594392554214524400e-07 3.214129010914300391e-08 1.919716250455976185e-04 0.000000000000000000e+00 0.000000000000000000e+00 0.000000000000000000e+00 0.000000000000000000e+00 0.000000000000000000e+00 0.000000000000000000e+00
3.325000000000000000e+03 6.160798549229026122e+01 2.970698216514503723e-03 0.000000000000000000e+00 2.861351185023420229e-01 0.000000000000000000e+00 7.088117895508649902e-01 7.169474995494058613e-04 5.323772376255493937e-05 9.734554897308816306e-04 0.000000000000000000e+00 7.178743834258907859e-07 0.000000000000000000e+00 0.000000000000000000e+00 0.000000000000000000e+00 1.208604719098283717e-04 9.323118491274030186e-07 3.869453721736632752e-08 2.162036645559766985e-04 0.000000000000000000e+00 0.000000000000000000e+00 0.000000000000000000e+00 0.000000000000000000e+00 0.000000000000000000e+00 0.000000000000000000e+00
3.350000000000000000e+03 6.196554540708039838e+01 2.968368417015182243e-03 0.000000000000000000e+00 2.859107218506981019e-01 0.000000000000000000e+00 7.087217395751083115e-01 7.926566678520545646e-04 5.907015105348711008e-05 1.161316658927032206e-03 0.000000000000000000e+00 8.135551568518410155e-07 0.000000000000000000e+00 0.000000000000000000e+00 0.000000000000000000e+00 1.410946927113793613e-04 1.140986914692826500e-06 4.644236292579565860e-08 2.430310021998101833e-04 0.000000000000000000e+00 0.000000000000000000e+00 0.000000000000000000e+00 0.000000000000000000e+00 0.000000000000000000e+00 0.000000000000000000e+00
3.375000000000000000e+03 6.234071835553415042e+01 2.965680560001441105e-03 0.000000000000000000e+00 2.856518222289217146e-01 0.000000000000000000e+00 7.086211297752031957e-01 8.748063228822063227e-04 6.542250577337760441e-05 1.381839383083574785e-03 0.000000000000000000e+00 9.198932128140903721e-07 0.000000000000000000e+00 0.000000000000000000e+00 0.000000000000000000e+00 1.642570786848760887e-04 1.392100311391888205e-06 5.557493758078617558e-08 2.726745769878659992e-04 0.000000000000000000e+00 0.000000000000000000e+00 0.000000000000000000e+00 0.000000000000000000e+00 0.000000000000000000e+00 0.000000000000000000e+00
3.400000000000000000e+03 6.273464987447798080e+01 2.962584419670434132e-03 0.000000000000000000e+00 2.853536057247821889e-01 0.000000000000000000e+00 7.085088292555902223e-01 9.637788441939961620e-04 7.232807490227515380e-05 1.640012021931696847e-03 0.000000000000000000e+00 1.037804059467524754e-06 0.000000000000000000e+00 0.000000000000000000e+00 0.000000000000000000e+00 1.906970660359437561e-04 1.693356916513515789e-06 6.630766527479018331e-08 3.053671242518243975e-04 0.000000000000000000e+00 0.000000000000000000e+00 0.000000000000000000e+00 0.000000000000000000e+00 0.000000000000000000e+00 0.000000000000000000e+00
3.425000000000000000e+03 6.314865112360582344e+01 2.959024062577314193e-03 0.000000000000000000e+00 2.850106841086875176e-01 0.000000000000000000e+00 7.083836052664754801e-01 1.059960449319629228e-03 7.982076060508835739e-05 1.941457495304748770e-03 0.000000000000000000e+00 1.168247817368475867e-06 0.000000000000000000e+00 0.000000000000000000e+00 0.000000000000000000e+00 2.207944101551773868e-04 2.053670366123639067e-06 7.888361305736899148e-08 3.413526450785511301e-04 0.000000000000000000e+00 0.000000000000000000e+00 0.000000000000000000e+00 0.000000000000000000e+00 0.000000000000000000e+00 0.000000000000000000e+00
3.450000000000000000e+03 6.358421874187989431e+01 2.954937165310825720e-03 0.000000000000000000e+00 2.846170287980191449e-01 0.000000000000000000e+00 7.082441364280631646e-01 1.163737910425175978e-03 8.793484640427120364e-05 2.292490071535800613e-03 0.000000000000000000e+00 1.312226337903190641e-06 0.000000000000000000e+00 0.000000000000000000e+00 0.000000000000000000e+00 2.549599908985350689e-04 2.483314978095021769e-06 9.357601701425245339e-08 3.808856720098328409e-04 0.000000000000000000e+00 0.000000000000000000e+00 0.000000000000000000e+00 0.000000000000000000e+00 0.000000000000000000e+00 0.000000000000000000e+00
3.475000000000000000e+03 6.404305710501537874e+01 2.950254178687948363e-03 0.000000000000000000e+00 2.841659739656107186e-01 0.000000000000000000e+00 7.080889584139856696e-01 1.275494818094428853e-03 9.670468867572228511e-05 2.700171854316332429e-03 0.000000000000000000e+00 1.470779086126348211e-06 0.000000000000000000e+00 0.000000000000000000e+00 0.000000000000000000e+00 2.936362657632822092e-04 2.994087638672268557e-06 1.106907898137080743e-07 4.242302573512837251e-04 0.000000000000000000e+00 0.000000000000000000e+00 0.000000000000000000e+00 0.000000000000000000e+00 0.000000000000000000e+00 0.000000000000000000e+00
3.500000000000000000e+03 6.452710577384837620e+01 2.944898567674092676e-03 0.000000000000000000e+00 2.836501155267334151e-01 0.000000000000000000e+00 7.079165164304986879e-01 1.395606988964862884e-03 1.061643851539046957e-04 3.172367403329018776e-03 0.000000000000000000e+00 1.644978008909245165e-06 0.000000000000000000e+00 0.000000000000000000e+00 0.000000000000000000e+00 3.372972074724773692e-04 3.599480165400846859e-06 1.305689831556473869e-07 4.716584630157903842e-04 0.000000000000000000e+00 0.000000000000000000e+00 0.000000000000000000e+00 0.000000000000000000e+00 0.000000000000000000e+00 0.000000000000000000e+00
3.525000000000000000e+03 6.503855993361344190e+01 2.938785465599859630e-03 0.000000000000000000e+00 2.830613171379059989e-01 0.000000000000000000e+00 7.077251174930206945e-01 1.524436993444995211e-03 1.163473461221442134e-04 3.717794966592218552e-03 0.000000000000000000e+00 1.835920380079352687e-06 0.000000000000000000e+00 0.000000000000000000e+00 0.000000000000000000e+00 3.864477143239987097e-04 4.314859175502982356e-06 1.535891161730318742e-07 5.234485143184386749e-04 0.000000000000000000e+00 0.000000000000000000e+00 0.000000000000000000e+00 0.000000000000000000e+00 0.000000000000000000e+00 0.000000000000000000e+00
3.550000000000000000e+03 6.557990430575685536e+01 2.931822377436532710e-03 0.000000000000000000e+00 2.823906397461133366e-01 0.000000000000000000e+00 7.075129660992502956e-01 1.662327964564488947e-03 1.272857883469946574e-04 4.346070829702952665e-03 0.000000000000000000e+00 2.044720287066183439e-06 0.000000000000000000e+00 0.000000000000000000e+00 0.000000000000000000e+00 4.416222923695196749e-04 5.157650124011975032e-06 1.801693279268179172e-07 5.798823624768677373e-04 0.000000000000000000e+00 0.000000000000000000e+00 0.000000000000000000e+00 0.000000000000000000e+00 0.000000000000000000e+00 0.000000000000000000e+00
3.575000000000000000e+03 6.615393634333865691e+01 2.923908140482674341e-03 0.000000000000000000e+00 2.816283395313017857e-01 0.000000000000000000e+00 7.072781450408645032e-01 1.809596387485445977e-03 1.390101633303808353e-04 5.067744381675869624e-03 0.000000000000000000e+00 2.272497719593571187e-06 0.000000000000000000e+00 0.000000000000000000e+00 0.000000000000000000e+00 5.033828732904305561e-04 6.147523750821670217e-06 2.107691667914479647e-07 6.412426909319936773e-04 0.000000000000000000e+00 0.000000000000000000e+00 0.000000000000000000e+00 0.000000000000000000e+00 0.000000000000000000e+00 0.000000000000000000e+00
3.600000000000000000e+03 6.676380232444164164e+01 2.914932917991743672e-03 0.000000000000000000e+00 2.807638622297529141e-01 0.000000000000000000e+00 7.070186133630913528e-01 1.966523767782651227e-03 1.515485140007470145e-04 5.894321508068889152e-03 0.000000000000000000e+00 2.520366081436870088e-06 0.000000000000000000e+00 0.000000000000000000e+00 0.000000000000000000e+00 5.723156192222654754e-04 7.306576220735154490e-06 2.458909465698030645e-07 7.078092468407091130e-04 0.000000000000000000e+00 0.000000000000000000e+00 0.000000000000000000e+00 0.000000000000000000e+00 0.000000000000000000e+00 0.000000000000000000e+00
3.625000000000000000e+03 6.741302131499742245e+01 2.904778851250511273e-03 0.000000000000000000e+00 2.797858257002336368e-01 0.000000000000000000e+00 7.067322372613943360e-01 2.133347677867635135e-03 1.649256951322576202e-04 6.838268689268236881e-03 0.000000000000000000e+00 2.789416622194458728e-06 0.000000000000000000e+00 0.000000000000000000e+00 0.000000000000000000e+00 6.490266727714286577e-04 8.659502115526901081e-06 2.860804919419888470e-07 7.798544528523572482e-04 0.000000000000000000e+00 0.000000000000000000e+00 0.000000000000000000e+00 0.000000000000000000e+00 0.000000000000000000e+00 0.000000000000000000e+00
3.650000000000000000e+03 6.810552837959349404e+01 2.893319306104172491e-03 0.000000000000000000e+00 2.786820520685893698e-01 0.000000000000000000e+00 7.064167980308623251e-01 2.310251090005249926e-03 1.791625665457531450e-04 7.912995998113504098e-03 0.000000000000000000e+00 3.080700422975698569e-06 0.000000000000000000e+00 0.000000000000000000e+00 0.000000000000000000e+00 7.341363639851762341e-04 1.023374548755724466e-05 3.319270661815393631e-07 8.576382028175188327e-04 0.000000000000000000e+00 0.000000000000000000e+00 0.000000000000000000e+00 0.000000000000000000e+00 0.000000000000000000e+00 0.000000000000000000e+00
3.675000000000000000e+03 6.884570071840470007e+01 2.880420418233028360e-03 0.000000000000000000e+00 2.774396456364296437e-01 0.000000000000000000e+00 7.060699806810556423e-01 2.497351637929765521e-03 1.942750366600822431e-04 9.132813526496351766e-03 0.000000000000000000e+00 3.395208302931109816e-06 0.000000000000000000e+00 0.000000000000000000e+00 0.000000000000000000e+00 8.282722218082944022e-04 1.205962479898642246e-05 3.840623923300393014e-07 9.414019458931315292e-04 0.000000000000000000e+00 0.000000000000000000e+00 0.000000000000000000e+00 0.000000000000000000e+00 0.000000000000000000e+00 0.000000000000000000e+00
3.700000000000000000e+03 6.963839148493002540e+01 2.865941355373303589e-03 0.000000000000000000e+00 2.760450321703470378e-01 0.000000000000000000e+00 7.056894412514231885e-01 2.694689194373828343e-03 2.102730899257059037e-04 1.051285348925179441e-02 0.000000000000000000e+00 3.733847213443440589e-06 0.000000000000000000e+00 0.000000000000000000e+00 0.000000000000000000e+00 9.320602544656457836e-04 1.417042075534740961e-05 4.431584478863857112e-07 1.031361768422791930e-03 0.000000000000000000e+00 0.000000000000000000e+00 0.000000000000000000e+00 0.000000000000000000e+00 0.000000000000000000e+00 0.000000000000000000e+00
3.725000000000000000e+03 7.048896885530227507e+01 2.849735486492267853e-03 0.000000000000000000e+00 2.744841046652059524e-01 0.000000000000000000e+00 7.052728059048112286e-01 2.902213753750880563e-03 2.271597079688796993e-04 1.206895554407428316e-02 0.000000000000000000e+00 4.097414549920573286e-06 0.000000000000000000e+00 0.000000000000000000e+00 0.000000000000000000e+00 1.046114437251036275e-03 1.660240972915718951e-05 5.099238971735661077e-07 1.127700752269101972e-03 0.000000000000000000e+00 0.000000000000000000e+00 0.000000000000000000e+00 0.000000000000000000e+00 0.000000000000000000e+00 0.000000000000000000e+00
3.750000000000000000e+03 7.140334392255201124e+01 2.831652485876650152e-03 0.000000000000000000e+00 2.727423602281286996e-01 0.000000000000000000e+00 7.048177286619292659e-01 3.119772278616630892e-03 2.449297727188873698e-04 1.381750460665618144e-02 0.000000000000000000e+00 4.486569809976311796e-06 0.000000000000000000e+00 0.000000000000000000e+00 0.000000000000000000e+00 1.171024757661683069e-03 1.939483416938668999e-05 5.850989288005466614e-07 1.230560705503830387e-03 0.000000000000000000e+00 0.000000000000000000e+00 0.000000000000000000e+00 0.000000000000000000e+00 0.000000000000000000e+00 0.000000000000000000e+00
3.775000000000000000e+03 7.238800565066036086e+01 2.811539681173340442e-03 0.000000000000000000e+00 2.708051109560510872e-01 0.000000000000000000e+00 7.043219231330671848e-01 3.347095647042032385e-03 2.635689694510157154e-04 1.577522421633761190e-02 0.000000000000000000e+00 4.901804839257693360e-06 0.000000000000000000e+00 0.000000000000000000e+00 0.000000000000000000e+00 1.307343295957791567e-03 2.258979511771505005e-05 6.694483116454578630e-07 1.340033052651270519e-03 0.000000000000000000e+00 0.000000000000000000e+00 0.000000000000000000e+00 0.000000000000000000e+00 0.000000000000000000e+00 0.000000000000000000e+00
3.800000000000000000e+03 7.345004431026396219e+01 2.789245341686731085e-03 0.000000000000000000e+00 2.686577331300887272e-01 0.000000000000000000e+00 7.037832085878780175e-01 3.583787031552193754e-03 2.830526782271210575e-04 1.795891555538692633e-02 0.000000000000000000e+00 5.343412270901579530e-06 0.000000000000000000e+00 0.000000000000000000e+00 0.000000000000000000e+00 1.455568928566884591e-03 2.623205483684034565e-05 7.637526362535416571e-07 1.456149526869412580e-03 0.000000000000000000e+00 0.000000000000000000e+00 0.000000000000000000e+00 0.000000000000000000e+00 0.000000000000000000e+00 0.000000000000000000e+00
