# T Ptot H He C N O Na K Si Ar Ti V S Cl Mg Al Ca Fe Cr Li Cs Rb F P
1.500000000000000000e+03 1.344523799512598927e+01 1.924132349480240367e-01 0.000000000000000000e+00 7.775294527834443192e-01 0.000000000000000000e+00 1.715242468339055887e-02 1.794067555097709110e-04 7.666788292907970512e-06 4.341080141492237830e-03 0.000000000000000000e+00 1.750109554453655840e-10 0.000000000000000000e+00 0.000000000000000000e+00 0.000000000000000000e+00 2.012050589483179970e-04 6.697533956642955304e-09 1.178174167163630655e-10 8.175521850535548071e-03 0.000000000000000000e+00 0.000000000000000000e+00 0.000000000000000000e+00 0.000000000000000000e+00 0.000000000000000000e+00 0.000000000000000000e+00
1.525000000000000000e+03 1.380127334207701040e+01 1.908346342780734561e-01 0.000000000000000000e+00 7.711504840173691866e-01 0.000000000000000000e+00 2.188218887598157580e-02 2.219384359862040909e-04 9.638563232647953056e-06 5.865294258582253763e-03 0.000000000000000000e+00 2.672652717974693856e-10 0.000000000000000000e+00 0.000000000000000000e+00 0.000000000000000000e+00 2.693251170989621464e-04 1.084651420976721478e-08 1.873355714193388805e-10 9.766485152560568442e-03 0.000000000000000000e+00 0.000000000000000000e+00 0.000000000000000000e+00 0.000000000000000000e+00 0.000000000000000000e+00 0.000000000000000000e+00
1.550000000000000000e+03 1.423006878900173078e+01 1.889349958807445551e-01 0.000000000000000000e+00 7.634742358930717288e-01 0.000000000000000000e+00 2.761561291852619032e-02 2.718478859080122878e-04 1.199136122920868091e-05 7.782393763122516864e-03 0.000000000000000000e+00 4.008009335575857430e-10 0.000000000000000000e+00 0.000000000000000000e+00 0.000000000000000000e+00 3.554978390618379960e-04 1.723139437882398498e-08 2.921252770548523474e-10 1.155340653401524392e-02 0.000000000000000000e+00 0.000000000000000000e+00 0.000000000000000000e+00 0.000000000000000000e+00 0.000000000000000000e+00 0.000000000000000000e+00
1.575000000000000000e+03 1.474280849137795535e+01 1.866799921610635682e-01 0.000000000000000000e+00 7.543618804713452253e-01 0.000000000000000000e+00 3.446668521727355716e-02 3.297540374166994868e-04 1.476606796542111652e-05 1.014753211894296736e-02 0.000000000000000000e+00 5.906049338397728661e-10 0.000000000000000000e+00 0.000000000000000000e+00 0.000000000000000000e+00 4.628965890763329276e-04 2.686943505578738021e-08 4.470307564511619386e-10 1.353646542984560282e-02 0.000000000000000000e+00 0.000000000000000000e+00 0.000000000000000000e+00 0.000000000000000000e+00 0.000000000000000000e+00 0.000000000000000000e+00
1.600000000000000000e+03 1.535083398779709363e+01 1.840420937528508827e-01 0.000000000000000000e+00 7.437022985697194777e-01 0.000000000000000000e+00 4.252834803142433590e-02 3.961719209581951884e-04 1.799993766000651882e-05 1.300821590129948475e-02 0.000000000000000000e+00 8.556025014057846552e-10 0.000000000000000000e+00 0.000000000000000000e+00 0.000000000000000000e+00 5.947796996099164726e-04 4.114470130148680214e-08 6.716940653578879607e-10 1.571004951447968132e-02 0.000000000000000000e+00 0.000000000000000000e+00 0.000000000000000000e+00 0.000000000000000000e+00 0.000000000000000000e+00 0.000000000000000000e+00
1.625000000000000000e+03 1.606491512527401966e+01 1.810051008609425138e-01 0.000000000000000000e+00 7.314299348639266007e-01 0.000000000000000000e+00 5.185783647890654380e-02 4.714793667349692326e-04 2.172467674966906451e-05 1.639737232734134534e-02 0.000000000000000000e+00 1.219102774642114636e-09 0.000000000000000000e+00 0.000000000000000000e+00 0.000000000000000000e+00 7.543531327161427961e-04 6.189603997802496104e-08 9.915037815828746470e-10 1.806213418603569085e-02 0.000000000000000000e+00 0.000000000000000000e+00 0.000000000000000000e+00 0.000000000000000000e+00 0.000000000000000000e+00 0.000000000000000000e+00
1.650000000000000000e+03 1.689417482465482934e+01 1.775690914502779383e-01 0.000000000000000000e+00 7.175453156815134736e-01 0.000000000000000000e+00 6.245980729285489919e-02 5.558954132360878616e-04 2.596495221477909676e-05 2.032504140585252028e-02 0.000000000000000000e+00 1.709080244228467975e-09 0.000000000000000000e+00 0.000000000000000000e+00 0.000000000000000000e+00 9.446184369993685910e-04 9.150817694186460313e-08 1.438526463009060291e-09 2.057417071126725616e-02 0.000000000000000000e+00 0.000000000000000000e+00 0.000000000000000000e+00 0.000000000000000000e+00 0.000000000000000000e+00 0.000000000000000000e+00
1.675000000000000000e+03 1.784454402978345300e+01 1.737558876320552115e-01 0.000000000000000000e+00 7.021364189430913116e-01 0.000000000000000000e+00 7.426829502624744672e-02 6.494793320023408822e-04 3.073783342182956276e-05 2.476913601585099475e-02 0.000000000000000000e+00 2.358227396357759600e-09 0.000000000000000000e+00 0.000000000000000000e+00 0.000000000000000000e+00 1.168227415666173337e-03 1.329995259601599518e-07 2.052375533183094024e-09 2.322168039153575322e-02 0.000000000000000000e+00 0.000000000000000000e+00 0.000000000000000000e+00 0.000000000000000000e+00 0.000000000000000000e+00 0.000000000000000000e+00
1.700000000000000000e+03 1.891675347180731492e+01 1.696136128077550265e-01 0.000000000000000000e+00 6.853976872708364976e-01 0.000000000000000000e+00 8.713050839946132053e-02 7.521618205972092127e-04 3.605379279130482861e-05 2.966661806898151718e-02 0.000000000000000000e+00 3.203758223070434918e-09 0.000000000000000000e+00 0.000000000000000000e+00 0.000000000000000000e+00 1.427377010170234519e-03 1.901008336128190125e-07 2.881020090589908643e-09 2.597578464379493232e-02 0.000000000000000000e+00 0.000000000000000000e+00 0.000000000000000000e+00 0.000000000000000000e+00 0.000000000000000000e+00 0.000000000000000000e+00
1.725000000000000000e+03 2.010404336568809569e+01 1.652193143796903962e-01 0.000000000000000000e+00 6.676406259668202781e-01 0.000000000000000000e+00 1.007971582803829785e-01 8.638133887917933068e-04 4.191967120243995129e-05 3.490739267649934502e-02 0.000000000000000000e+00 4.287011828948645738e-09 0.000000000000000000e+00 0.000000000000000000e+00 0.000000000000000000e+00 1.723785759683599912e-03 2.673214107182116440e-07 3.981598508362481582e-09 2.880571428690816005e-02 0.000000000000000000e+00 0.000000000000000000e+00 0.000000000000000000e+00 0.000000000000000000e+00 0.000000000000000000e+00 0.000000000000000000e+00
1.750000000000000000e+03 2.139035621564504552e+01 1.606769236270453038e-01 0.000000000000000000e+00 6.492850858281976612e-01 0.000000000000000000e+00 1.149284292720272049e-01 9.843478652123639934e-04 4.834361878919124077e-05 4.033557913295262448e-02 0.000000000000000000e+00 5.653054519321102171e-09 0.000000000000000000e+00 0.000000000000000000e+00 0.000000000000000000e+00 2.058779828326761947e-03 3.700082625981056981e-07 5.421421342829978284e-09 3.168212974471045634e-02 0.000000000000000000e+00 0.000000000000000000e+00 0.000000000000000000e+00 0.000000000000000000e+00 0.000000000000000000e+00 0.000000000000000000e+00
1.775000000000000000e+03 2.275057791538405638e+01 1.561067110545783787e-01 0.000000000000000000e+00 6.308171706844175608e-01 0.000000000000000000e+00 1.291278073757183564e-01 1.113829506559982970e-03 5.534054951569815839e-05 4.576459163792314516e-02 0.000000000000000000e+00 7.350627799815597041e-09 0.000000000000000000e+00 0.000000000000000000e+00 0.000000000000000000e+00 2.433487772294407481e-03 5.044145007325290947e-07 7.279365483106339051e-09 3.458054237449840335e-02 0.000000000000000000e+00 0.000000000000000000e+00 0.000000000000000000e+00 0.000000000000000000e+00 0.000000000000000000e+00 0.000000000000000000e+00
1.800000000000000000e+03 2.415471484769627253e+01 1.516248291684729466e-01 0.000000000000000000e+00 6.127061710921700710e-01 0.000000000000000000e+00 1.430103111224279022e-01 1.252524403429332777e-03 6.293523348076815937e-05 5.101002819002667388e-02 0.000000000000000000e+00 9.432836065196324303e-09 0.000000000000000000e+00 0.000000000000000000e+00 0.000000000000000000e+00 2.849057447257501759e-03 6.777992071255569410e-07 9.647711688495378993e-09 3.748344646297968596e-02 0.000000000000000000e+00 0.000000000000000000e+00 0.000000000000000000e+00 0.000000000000000000e+00 0.000000000000000000e+00 0.000000000000000000e+00
1.825000000000000000e+03 2.557564801544991440e+01 1.473186881365803613e-01 0.000000000000000000e+00 5.953053456299988166e-01 0.000000000000000000e+00 1.562854310613844000e-01 1.400844052550781699e-03 7.066673381687494477e-05 5.593154470187866600e-02 0.000000000000000000e+00 1.195853989237327762e-08 0.000000000000000000e+00 0.000000000000000000e+00 0.000000000000000000e+00 3.306750235672676046e-03 8.985623169386204537e-07 1.263405509136309640e-08 4.037980629320526288e-02 0.000000000000000000e+00 0.000000000000000000e+00 0.000000000000000000e+00 0.000000000000000000e+00 0.000000000000000000e+00 0.000000000000000000e+00
1.850000000000000000e+03 2.699602468603671923e+01 1.432333477400881405e-01 0.000000000000000000e+00 5.787967438367730422e-01 0.000000000000000000e+00 1.688033352698146417e-01 1.559200128412507359e-03 7.947930118022743457e-05 6.045727711092067913e-02 0.000000000000000000e+00 1.499347714521133866e-08 0.000000000000000000e+00 0.000000000000000000e+00 0.000000000000000000e+00 3.807785639214049042e-03 1.176357055439213309e-06 1.636252037910791746e-08 4.326162326054381474e-02 0.000000000000000000e+00 0.000000000000000000e+00 0.000000000000000000e+00 0.000000000000000000e+00 0.000000000000000000e+00 0.000000000000000000e+00
1.875000000000000000e+03 2.840851114916753417e+01 1.393794629494334303e-01 0.000000000000000000e+00 5.632234446671088302e-01 0.000000000000000000e+00 1.805307978699441096e-01 1.727894963310379383e-03 8.897448741575404458e-05 6.457446546618203498e-02 0.000000000000000000e+00 1.861008980375175184e-08 0.000000000000000000e+00 0.000000000000000000e+00 0.000000000000000000e+00 4.353064856708297424e-03 1.522105571051488582e-06 2.097405611340941441e-08 4.612033305018022750e-02 0.000000000000000000e+00 0.000000000000000000e+00 0.000000000000000000e+00 0.000000000000000000e+00 0.000000000000000000e+00 0.000000000000000000e+00
1.900000000000000000e+03 2.981092264009452464e+01 1.357521993791441228e-01 0.000000000000000000e+00 5.485659175443426960e-01 0.000000000000000000e+00 1.914876573023361339e-01 1.907101199368360167e-03 9.917280688160531865e-05 6.829852177511118450e-02 0.000000000000000000e+00 2.288562567922589366e-08 0.000000000000000000e+00 0.000000000000000000e+00 0.000000000000000000e+00 4.942896298523562215e-03 1.947857595815159558e-06 2.662588335605980079e-08 4.894453632518729752e-02 0.000000000000000000e+00 0.000000000000000000e+00 0.000000000000000000e+00 0.000000000000000000e+00 0.000000000000000000e+00 0.000000000000000000e+00
1.925000000000000000e+03 3.120122832717378358e+01 1.323454145769685786e-01 0.000000000000000000e+00 5.347993102773529461e-01 0.000000000000000000e+00 2.016995775805297542e-01 2.096895208931538399e-03 1.100896398735019040e-04 7.164984673326650622e-02 0.000000000000000000e+00 2.789932202527681041e-08 0.000000000000000000e+00 0.000000000000000000e+00 0.000000000000000000e+00 5.576822111645106730e-03 2.466502909409277302e-06 3.349035425976446881e-08 5.171951597884631713e-02 0.000000000000000000e+00 0.000000000000000000e+00 0.000000000000000000e+00 0.000000000000000000e+00 0.000000000000000000e+00 0.000000000000000000e+00
1.950000000000000000e+03 3.257574405959991992e+01 1.291552616748142535e-01 0.000000000000000000e+00 5.219080889521007238e-01 0.000000000000000000e+00 2.111860098931382934e-01 2.297265045412982994e-03 1.217354332004046380e-04 7.464796961624700633e-02 0.000000000000000000e+00 3.372904192318367121e-08 0.000000000000000000e+00 0.000000000000000000e+00 0.000000000000000000e+00 6.253447439742868506e-03 3.091327902488030044e-06 4.175275154364711999e-08 5.442705513564760622e-02 0.000000000000000000e+00 0.000000000000000000e+00 0.000000000000000000e+00 0.000000000000000000e+00 0.000000000000000000e+00 0.000000000000000000e+00
1.975000000000000000e+03 3.393001562876629862e+01 1.261773808330125812e-01 0.000000000000000000e+00 5.098746888420910839e-01 0.000000000000000000e+00 2.199699405568942001e-01 2.508061915310790067e-03 1.341129063143041021e-04 7.731688401140232592e-02 0.000000000000000000e+00 4.044718741903582967e-08 0.000000000000000000e+00 0.000000000000000000e+00 0.000000000000000000e+00 6.970200052728251633e-03 3.835371594435755918e-06 5.160720157818886676e-08 5.704480345626319199e-02 0.000000000000000000e+00 0.000000000000000000e+00 0.000000000000000000e+00 0.000000000000000000e+00 0.000000000000000000e+00 0.000000000000000000e+00
2.000000000000000000e+03 3.526092583570058281e+01 1.234024872742746082e-01 0.000000000000000000e+00 4.986615066024885357e-01 0.000000000000000000e+00 2.280933573340680198e-01 2.728900483108251136e-03 1.472113798920914279e-04 7.969348522442402938e-02 0.000000000000000000e+00 4.811560395999901963e-08 0.000000000000000000e+00 0.000000000000000000e+00 0.000000000000000000e+00 7.722997972146842735e-03 4.710537994117588094e-06 6.324986577936864726e-08 5.954523182613354060e-02 0.000000000000000000e+00 0.000000000000000000e+00 0.000000000000000000e+00 0.000000000000000000e+00 0.000000000000000000e+00 0.000000000000000000e+00
2.025000000000000000e+03 3.656901184929741788e+01 1.208126751240385516e-01 0.000000000000000000e+00 4.881962506418805470e-01 0.000000000000000000e+00 2.356299820472976259e-01 2.959028579712775879e-03 1.609991544836906455e-04 8.183465062538805568e-02 0.000000000000000000e+00 5.677958280384419508e-08 0.000000000000000000e+00 0.000000000000000000e+00 0.000000000000000000e+00 8.505869442010515966e-03 5.726461140937726670e-06 7.686887256769586480e-08 6.189468427559206148e-02 0.000000000000000000e+00 0.000000000000000000e+00 0.000000000000000000e+00 0.000000000000000000e+00 0.000000000000000000e+00 0.000000000000000000e+00
2.050000000000000000e+03 3.786068286250934278e+01 1.183789941840038273e-01 0.000000000000000000e+00 4.783618869585270494e-01 0.000000000000000000e+00 2.426938561471955469e-01 3.197184604773175599e-03 1.754149491233465241e-04 8.382181234639973777e-02 0.000000000000000000e+00 6.646189705626850465e-08 0.000000000000000000e+00 0.000000000000000000e+00 0.000000000000000000e+00 9.310628296593199266e-03 6.889211712108389899e-06 9.263106917661496185e-08 6.405317420870561274e-02 0.000000000000000000e+00 0.000000000000000000e+00 0.000000000000000000e+00 0.000000000000000000e+00 0.000000000000000000e+00 0.000000000000000000e+00
2.075000000000000000e+03 3.914976791980032544e+01 1.160609571210037688e-01 0.000000000000000000e+00 4.689948591712456705e-01 0.000000000000000000e+00 2.494404721152039817e-01 3.441489711731623123e-03 1.903608060739849991e-04 8.576092113675834461e-02 0.000000000000000000e+00 7.715857149980461694e-08 0.000000000000000000e+00 0.000000000000000000e+00 0.000000000000000000e+00 1.012676546985158584e-02 8.200111835487523687e-06 1.106671036014618011e-07 6.597578653062040333e-02 0.000000000000000000e+00 0.000000000000000000e+00 0.000000000000000000e+00 0.000000000000000000e+00 0.000000000000000000e+00 0.000000000000000000e+00
2.100000000000000000e+03 4.045875311467463575e+01 1.138069818733806471e-01 0.000000000000000000e+00 4.598866793936903785e-01 0.000000000000000000e+00 2.560641198136587304e-01 3.689399286966310414e-03 2.056981396925759015e-04 8.777914653200814821e-02 0.000000000000000000e+00 8.883980688961275531e-08 0.000000000000000000e+00 0.000000000000000000e+00 0.000000000000000000e+00 1.094176545515014934e-02 9.655123914667221649e-06 1.310582432209597834e-07 6.761633448348836062e-02 0.000000000000000000e+00 0.000000000000000000e+00 0.000000000000000000e+00 0.000000000000000000e+00 0.000000000000000000e+00 0.000000000000000000e+00
2.125000000000000000e+03 4.181885689015101804e+01 1.115570136035534815e-01 0.000000000000000000e+00 4.507947207197930406e-01 0.000000000000000000e+00 2.627865192981606590e-01 3.937783158406346455e-03 2.212509334407565856e-04 9.001558188333864952e-02 0.000000000000000000e+00 1.014590479000621668e-07 0.000000000000000000e+00 0.000000000000000000e+00 0.000000000000000000e+00 1.174204540604583194e-02 1.124541054368130731e-05 1.538303053956555116e-07 6.893358429736443083e-02 0.000000000000000000e+00 0.000000000000000000e+00 0.000000000000000000e+00 0.000000000000000000e+00 0.000000000000000000e+00 0.000000000000000000e+00
2.150000000000000000e+03 4.326836381496773498e+01 1.092479167109907390e-01 0.000000000000000000e+00 4.414637972977331071e-01 0.000000000000000000e+00 2.698355562387508289e-01 4.183165962002501070e-03 2.368182791121135162e-04 9.260584088918051571e-02 0.000000000000000000e+00 1.149713728870625105e-07 0.000000000000000000e+00 0.000000000000000000e+00 0.000000000000000000e+00 1.251450914502618382e-02 1.295945758051646398e-05 1.789603427219837847e-07 6.989914208790765082e-02 0.000000000000000000e+00 0.000000000000000000e+00 0.000000000000000000e+00 0.000000000000000000e+00 0.000000000000000000e+00 0.000000000000000000e+00
2.175000000000000000e+03 4.484840999785369320e+01 1.068219714888911931e-01 0.000000000000000000e+00 4.316607174485788123e-01 0.000000000000000000e+00 2.774135464848987431e-01 4.422116759686041745e-03 2.521959873380296194e-04 9.566180439010990577e-02 0.000000000000000000e+00 1.293559051596084927e-07 0.000000000000000000e+00 0.000000000000000000e+00 0.000000000000000000e+00 1.324833481864671862e-02 1.478632449986314122e-05 2.063967181669138522e-07 7.050419054472741032e-02 0.000000000000000000e+00 0.000000000000000000e+00 0.000000000000000000e+00 0.000000000000000000e+00 0.000000000000000000e+00 0.000000000000000000e+00
2.200000000000000000e+03 4.659658985553699750e+01 1.042370246647333076e-01 0.000000000000000000e+00 4.212151140001153538e-01 0.000000000000000000e+00 2.856619809473647797e-01 4.651667754557450331e-03 2.672010462651325724e-04 9.925233787263136598e-02 0.000000000000000000e+00 1.446308814190680534e-07 0.000000000000000000e+00 0.000000000000000000e+00 0.000000000000000000e+00 1.393620629423276275e-02 1.671851350439764890e-05 2.360842107841547856e-07 7.076136819150331825e-02 0.000000000000000000e+00 0.000000000000000000e+00 0.000000000000000000e+00 0.000000000000000000e+00 0.000000000000000000e+00 0.000000000000000000e+00
2.225000000000000000e+03 4.854045718324071856e+01 1.014742882190827755e-01 0.000000000000000000e+00 4.100510711553965182e-01 0.000000000000000000e+00 2.946366097858271749e-01 4.869593340096900480e-03 2.816888980367521569e-04 1.033930708640005691e-01 0.000000000000000000e+00 1.608507452600150177e-07 0.000000000000000000e+00 0.000000000000000000e+00 0.000000000000000000e+00 1.457455600666077503e-02 1.875266694856095689e-05 2.679793122789719825e-07 7.069994023389242210e-02 0.000000000000000000e+00 0.000000000000000000e+00 0.000000000000000000e+00 0.000000000000000000e+00 0.000000000000000000e+00 0.000000000000000000e+00
2.250000000000000000e+03 5.069356358207606661e+01 9.854028623360645833e-02 0.000000000000000000e+00 3.981949610034690168e-01 0.000000000000000000e+00 3.043045114757982894e-01 5.074463339343663823e-03 2.955582776243969060e-04 1.080502956270129322e-01 0.000000000000000000e+00 1.780869702133142583e-07 0.000000000000000000e+00 0.000000000000000000e+00 0.000000000000000000e+00 1.516152330852161417e-02 2.088777699048104092e-05 3.020483022414693629e-07 7.035703282236072109e-02 0.000000000000000000e+00 0.000000000000000000e+00 0.000000000000000000e+00 0.000000000000000000e+00 0.000000000000000000e+00 0.000000000000000000e+00
2.275000000000000000e+03 5.305567281634810683e+01 9.546227655670347367e-02 0.000000000000000000e+00 3.857569229700106295e-01 0.000000000000000000e+00 3.145624231990749031e-01 5.265492406394308052e-03 3.087441853122770358e-04 1.131544285638358682e-01 0.000000000000000000e+00 1.964026356142798222e-07 0.000000000000000000e+00 0.000000000000000000e+00 0.000000000000000000e+00 1.569697371972737440e-02 2.312195964281223070e-05 3.382502609188828262e-07 6.976908178640167657e-02 0.000000000000000000e+00 0.000000000000000000e+00 0.000000000000000000e+00 0.000000000000000000e+00 0.000000000000000000e+00 0.000000000000000000e+00
2.300000000000000000e+03 5.561541593969916875e+01 9.228087863730605189e-02 0.000000000000000000e+00 3.729010899900152554e-01 0.000000000000000000e+00 3.252636976007655667e-01 5.442367215049518162e-03 3.212089206799937963e-04 1.186167615405933629e-01 0.000000000000000000e+00 2.158344186263265020e-07 0.000000000000000000e+00 0.000000000000000000e+00 0.000000000000000000e+00 1.618049578496959240e-02 2.544971924328565008e-05 3.765197130578447308e-07 6.896745823724570457e-02 0.000000000000000000e+00 0.000000000000000000e+00 0.000000000000000000e+00 0.000000000000000000e+00 0.000000000000000000e+00 0.000000000000000000e+00
2.325000000000000000e+03 5.835356100346905350e+01 8.904323424029737810e-02 0.000000000000000000e+00 3.598179745171761756e-01 0.000000000000000000e+00 3.362417912474953696e-01 5.605111142355256350e-03 3.329350647778147546e-04 1.243418503791035717e-01 0.000000000000000000e+00 2.363825882826493565e-07 0.000000000000000000e+00 0.000000000000000000e+00 0.000000000000000000e+00 1.661121780293509445e-02 2.786005957782225351e-05 4.167533050397590326e-07 6.797737241038810663e-02 0.000000000000000000e+00 0.000000000000000000e+00 0.000000000000000000e+00 0.000000000000000000e+00 0.000000000000000000e+00 0.000000000000000000e+00
2.350000000000000000e+03 6.124493585105278726e+01 8.579875517853652322e-02 0.000000000000000000e+00 3.467072473539378752e-01 0.000000000000000000e+00 3.473243631257182940e-01 5.754034532003608586e-03 3.439231175160567750e-04 1.302342464606851269e-01 0.000000000000000000e+00 2.580060455308133850e-07 0.000000000000000000e+00 0.000000000000000000e+00 0.000000000000000000e+00 1.698774771868055700e-02 3.033518461881953699e-05 4.588018409105162764e-07 6.681863052041674134e-02 0.000000000000000000e+00 0.000000000000000000e+00 0.000000000000000000e+00 0.000000000000000000e+00 0.000000000000000000e+00 0.000000000000000000e+00
2.375000000000000000e+03 6.425817866468236161e+01 8.259747506553991037e-02 0.000000000000000000e+00 3.337710798490864939e-01 0.000000000000000000e+00 3.583384754808480732e-01 5.889743158922744123e-03 3.541924900846514361e-04 1.362005436707254546e-01 0.000000000000000000e+00 2.806174419826870893e-07 0.000000000000000000e+00 0.000000000000000000e+00 0.000000000000000000e+00 1.730822144961991285e-02 3.284911940202773795e-05 5.024639068879562805e-07 6.550663663442192475e-02 0.000000000000000000e+00 0.000000000000000000e+00 0.000000000000000000e+00 0.000000000000000000e+00 0.000000000000000000e+00 0.000000000000000000e+00
2.400000000000000000e+03 6.735336501316588453e+01 7.948999307511993295e-02 0.000000000000000000e+00 3.212139530875693372e-01 0.000000000000000000e+00 3.691104207281752370e-01 6.013185089022466366e-03 3.637848870771150773e-04 1.421488744540126969e-01 0.000000000000000000e+00 3.040767539388573350e-07 0.000000000000000000e+00 0.000000000000000000e+00 0.000000000000000000e+00 1.757034217241404406e-02 3.536600619728082722e-05 5.474789262248957687e-07 6.405322894473161610e-02 0.000000000000000000e+00 0.000000000000000000e+00 0.000000000000000000e+00 0.000000000000000000e+00 0.000000000000000000e+00 0.000000000000000000e+00
2.425000000000000000e+03 7.047823245215752763e+01 7.652793024133223987e-02 0.000000000000000000e+00 3.092444362710557448e-01 0.000000000000000000e+00 3.794639817321237008e-01 6.125707380260028527e-03 3.727682603861539831e-04 1.479876738042264772e-01 0.000000000000000000e+00 3.281850344543546812e-07 0.000000000000000000e+00 0.000000000000000000e+00 0.000000000000000000e+00 1.777141464063831597e-02 3.783827412102835225e-05 5.935198422840858436e-07 6.246732769097945032e-02 0.000000000000000000e+00 0.000000000000000000e+00 0.000000000000000000e+00 0.000000000000000000e+00 0.000000000000000000e+00 0.000000000000000000e+00
2.450000000000000000e+03 7.356444596644820422e+01 7.376384901223342894e-02 0.000000000000000000e+00 2.980749713283198377e-01 0.000000000000000000e+00 3.892203340688044633e-01 6.229094516739669407e-03 3.812399021038147305e-04 1.536251477832739354e-01 0.000000000000000000e+00 3.526820879616386283e-07 0.000000000000000000e+00 0.000000000000000000e+00 0.000000000000000000e+00 1.790844764518855631e-02 4.020551256907140746e-05 6.401878620842042242e-07 6.075571736081712693e-02 0.000000000000000000e+00 0.000000000000000000e+00 0.000000000000000000e+00 0.000000000000000000e+00 0.000000000000000000e+00 0.000000000000000000e+00
2.475000000000000000e+03 7.652608841188333599e+01 7.124988742223242744e-02 0.000000000000000000e+00 2.879162066201003123e-01 0.000000000000000000e+00 3.982022002174618880e-01 6.325559816296362665e-03 3.893264616617051811e-04 1.589706433671582153e-01 0.000000000000000000e+00 3.772552777049380331e-07 0.000000000000000000e+00 0.000000000000000000e+00 0.000000000000000000e+00 1.797843865010691211e-02 4.239540776016890858e-05 6.870147900378626049e-07 5.892427776715419840e-02 0.000000000000000000e+00 0.000000000000000000e+00 0.000000000000000000e+00 0.000000000000000000e+00 0.000000000000000000e+00 0.000000000000000000e+00
2.500000000000000000e+03 7.926345093198666802e+01 6.903410856659782102e-02 0.000000000000000000e+00 2.789623918961131044e-01 0.000000000000000000e+00 4.062452460090631989e-01 6.417639035641833391e-03 3.971779676167410951e-04 1.639390604683222397e-01 0.000000000000000000e+00 4.015676827948650591e-07 0.000000000000000000e+00 0.000000000000000000e+00 0.000000000000000000e+00 1.797896424889841582e-02 4.432870722672465892e-05 7.334817769264515086e-07 5.697994805106030430e-02 0.000000000000000000e+00 0.000000000000000000e+00 0.000000000000000000e+00 0.000000000000000000e+00 0.000000000000000000e+00 0.000000000000000000e+00
2.525000000000000000e+03 8.167551106153150897e+01 6.715379131655875578e-02 0.000000000000000000e+00 2.713641495346726940e-01 0.000000000000000000e+00 4.132195017380017044e-01 6.507942111488174662e-03 4.049526891168719997e-04 1.684596749194002818e-01 0.000000000000000000e+00 4.253148192135388050e-07 0.000000000000000000e+00 0.000000000000000000e+00 0.000000000000000000e+00 1.790920383348018272e-02 4.593034216013325706e-05 7.790659320508075385e-07 5.493364913436982189e-02 0.000000000000000000e+00 0.000000000000000000e+00 0.000000000000000000e+00 0.000000000000000000e+00 0.000000000000000000e+00 0.000000000000000000e+00
2.550000000000000000e+03 8.368189619710940974e+01 6.562596865646251609e-02 0.000000000000000000e+00 2.651903217767795362e-01 0.000000000000000000e+00 4.190597289765947697e-01 6.598747967028894754e-03 4.127914942111844806e-04 1.724890408779750639e-01 0.000000000000000000e+00 4.483076067876040768e-07 0.000000000000000000e+00 0.000000000000000000e+00 0.000000000000000000e+00 1.777130561729127825e-02 4.714667155824153055e-05 8.233214085085840607e-07 5.280367633308332559e-02 0.000000000000000000e+00 0.000000000000000000e+00 0.000000000000000000e+00 0.000000000000000000e+00 0.000000000000000000e+00 0.000000000000000000e+00
2.575000000000000000e+03 8.524745556829392967e+01 6.443896886402457336e-02 0.000000000000000000e+00 2.603937291487728456e-01 0.000000000000000000e+00 4.237930427330436900e-01 6.691555134795962659e-03 4.207887777393118194e-04 1.760233143866699046e-01 0.000000000000000000e+00 4.705525417761962114e-07 0.000000000000000000e+00 0.000000000000000000e+00 0.000000000000000000e+00 1.757151822781782141e-02 4.796314955062762038e-05 8.659758081523913551e-07 5.061778304923533756e-02 0.000000000000000000e+00 0.000000000000000000e+00 0.000000000000000000e+00 0.000000000000000000e+00 0.000000000000000000e+00 0.000000000000000000e+00
2.600000000000000000e+03 8.639434291504210250e+01 6.355157416197462772e-02 0.000000000000000000e+00 2.568078210176641396e-01 0.000000000000000000e+00 4.275424366585546254e-01 6.786830645546546546e-03 4.289751049152104763e-04 1.791010006883432815e-01 0.000000000000000000e+00 4.922749298327653520e-07 0.000000000000000000e+00 0.000000000000000000e+00 0.000000000000000000e+00 1.732009135170388056e-02 4.841107459416437657e-05 9.069889876566723794e-07 4.841146003278607585e-02 0.000000000000000000e+00 0.000000000000000000e+00 0.000000000000000000e+00 0.000000000000000000e+00 0.000000000000000000e+00 0.000000000000000000e+00
2.625000000000000000e+03 8.719073814095425234e+01 6.290330313551510677e-02 0.000000000000000000e+00 2.541882009703606560e-01 0.000000000000000000e+00 4.304947454489626568e-01 6.884147897387304406e-03 4.373243986201535982e-04 1.817907176941819247e-01 0.000000000000000000e+00 5.138547366197583239e-07 0.000000000000000000e+00 0.000000000000000000e+00 0.000000000000000000e+00 1.702952167081264040e-02 4.855627383956003711e-05 9.465262474505560789e-07 4.622202212933606419e-02 0.000000000000000000e+00 0.000000000000000000e+00 0.000000000000000000e+00 0.000000000000000000e+00 0.000000000000000000e+00 0.000000000000000000e+00
2.650000000000000000e+03 8.772362768431250402e+01 6.243041604249564835e-02 0.000000000000000000e+00 2.522772941023996851e-01 0.000000000000000000e+00 4.328497583065241683e-01 6.982610032762994780e-03 4.457798355796215419e-04 1.841703463114519046e-01 0.000000000000000000e+00 5.357137979928144975e-07 0.000000000000000000e+00 0.000000000000000000e+00 0.000000000000000000e+00 1.671205586883353286e-02 4.847665034791664800e-05 9.848613026204881661e-07 4.408174227450410709e-02 0.000000000000000000e+00 0.000000000000000000e+00 0.000000000000000000e+00 0.000000000000000000e+00 0.000000000000000000e+00 0.000000000000000000e+00
2.675000000000000000e+03 8.807398981164570273e+01 6.207835796903436038e-02 0.000000000000000000e+00 2.508546513364118269e-01 0.000000000000000000e+00 4.347801173939992991e-01 7.081268823790326690e-03 4.542802165572087914e-04 1.863097245819398395e-01 0.000000000000000000e+00 5.582248346621898085e-07 0.000000000000000000e+00 0.000000000000000000e+00 0.000000000000000000e+00 1.637788263217018411e-02 4.824291971422627588e-05 1.022274788569560371e-06 4.201389362675938405e-02 0.000000000000000000e+00 0.000000000000000000e+00 0.000000000000000000e+00 0.000000000000000000e+00 0.000000000000000000e+00 0.000000000000000000e+00
2.700000000000000000e+03 8.830480852956080184e+01 6.180647841429012801e-02 0.000000000000000000e+00 2.497560056249190363e-01 0.000000000000000000e+00 4.364155968585542444e-01 7.179353979464874087e-03 4.627748909668141048e-04 1.882631289486559611e-01 0.000000000000000000e+00 5.816756926825103444e-07 0.000000000000000000e+00 0.000000000000000000e+00 0.000000000000000000e+00 1.603456825146121548e-02 4.790997490681656241e-05 1.058996149676664181e-06 4.003254238493855061e-02 0.000000000000000000e+00 0.000000000000000000e+00 0.000000000000000000e+00 0.000000000000000000e+00 0.000000000000000000e+00 0.000000000000000000e+00
2.725000000000000000e+03 8.846002690426172421e+01 6.158704029961206000e-02 0.000000000000000000e+00 2.488692682319784688e-01 0.000000000000000000e+00 4.378456630781151215e-01 7.276326775578686838e-03 4.712274652442485150e-04 1.900694183638733659e-01 0.000000000000000000e+00 6.062751817044664917e-07 0.000000000000000000e+00 0.000000000000000000e+00 0.000000000000000000e+00 1.568735572856292185e-02 4.751675443939797511e-05 1.095188823825280209e-06 3.814448183859042024e-02 0.000000000000000000e+00 0.000000000000000000e+00 0.000000000000000000e+00 0.000000000000000000e+00 0.000000000000000000e+00 0.000000000000000000e+00
2.750000000000000000e+03 8.856841953102016873e+01 6.140204812750913593e-02 0.000000000000000000e+00 2.481217270316368739e-01 0.000000000000000000e+00 4.391291613945771943e-01 7.371845174108006792e-03 4.796139233319527697e-04 1.917554162651071703e-01 0.000000000000000000e+00 6.321754274499855865e-07 0.000000000000000000e+00 0.000000000000000000e+00 0.000000000000000000e+00 1.533975836797460066e-02 4.708975033231799565e-05 1.130959248551115882e-06 3.635157683074662083e-02 0.000000000000000000e+00 0.000000000000000000e+00 0.000000000000000000e+00 0.000000000000000000e+00 0.000000000000000000e+00 0.000000000000000000e+00
2.775000000000000000e+03 8.865987885426366688e+01 6.123216787214807305e-02 0.000000000000000000e+00 2.474502691522075526e-01 0.000000000000000000e+00 4.403049993242380000e-01 7.465678841897040695e-03 4.879175599512356994e-04 1.933580572702815470e-01 0.000000000000000000e+00 6.595853359879034838e-07 0.000000000000000000e+00 0.000000000000000000e+00 0.000000000000000000e+00 1.499585261693927793e-02 4.665973462942781430e-05 1.166511763388328367e-06 3.465657153060849177e-02 0.000000000000000000e+00 0.000000000000000000e+00 0.000000000000000000e+00 0.000000000000000000e+00 0.000000000000000000e+00 0.000000000000000000e+00
2.800000000000000000e+03 8.871075834691421846e+01 6.109400209599288173e-02 0.000000000000000000e+00 2.468769318398377488e-01 0.000000000000000000e+00 4.413951815249931854e-01 7.557807378273506856e-03 4.961343658234809544e-04 1.948349832650108360e-01 0.000000000000000000e+00 6.883345283390691261e-07 0.000000000000000000e+00 0.000000000000000000e+00 0.000000000000000000e+00 1.465199009063028815e-02 4.620056072993802506e-05 1.201465203279097291e-06 3.304487907897653981e-02 0.000000000000000000e+00 0.000000000000000000e+00 0.000000000000000000e+00 0.000000000000000000e+00 0.000000000000000000e+00 0.000000000000000000e+00
2.825000000000000000e+03 8.876248223148441241e+01 6.095960787178852230e-02 0.000000000000000000e+00 2.463338548259791372e-01 0.000000000000000000e+00 4.424187289030319659e-01 7.648087038402130895e-03 5.042536762215460693e-04 1.962492381782219020e-01 0.000000000000000000e+00 7.187863375830492992e-07 0.000000000000000000e+00 0.000000000000000000e+00 0.000000000000000000e+00 1.431434478224911933e-02 4.575890309626492325e-05 1.236247643455474440e-06 3.152417078702832165e-02 0.000000000000000000e+00 0.000000000000000000e+00 0.000000000000000000e+00 0.000000000000000000e+00 0.000000000000000000e+00 0.000000000000000000e+00
2.850000000000000000e+03 8.880994459512358219e+01 6.083253696277353406e-02 0.000000000000000000e+00 2.458203690398335917e-01 0.000000000000000000e+00 4.433861249592956910e-01 7.736541576499373837e-03 5.122750387012630843e-04 1.975954148149000056e-01 0.000000000000000000e+00 7.509719804120867067e-07 0.000000000000000000e+00 0.000000000000000000e+00 0.000000000000000000e+00 1.398228701619933824e-02 4.533135705728192450e-05 1.270761794456014455e-06 3.008709750096501961e-02 0.000000000000000000e+00 0.000000000000000000e+00 0.000000000000000000e+00 0.000000000000000000e+00 0.000000000000000000e+00 0.000000000000000000e+00
2.875000000000000000e+03 8.885366401697942251e+01 6.071228062480887172e-02 0.000000000000000000e+00 2.453344169405484998e-01 0.000000000000000000e+00 4.443054465400960162e-01 7.823160863923601938e-03 5.201958825046850950e-04 1.988730400415174016e-01 0.000000000000000000e+00 7.849806181861306169e-07 0.000000000000000000e+00 0.000000000000000000e+00 0.000000000000000000e+00 1.365595720905282695e-02 4.492070156465623307e-05 1.304976473142436525e-06 2.872849123889209891e-02 0.000000000000000000e+00 0.000000000000000000e+00 0.000000000000000000e+00 0.000000000000000000e+00 0.000000000000000000e+00 0.000000000000000000e+00
2.900000000000000000e+03 8.889711024371268877e+01 6.059634461904586655e-02 0.000000000000000000e+00 2.448659295573817896e-01 0.000000000000000000e+00 4.451830430570035135e-01 7.907967315604393435e-03 5.280160694399808593e-04 2.000914054456727764e-01 0.000000000000000000e+00 8.209530086688551813e-07 0.000000000000000000e+00 0.000000000000000000e+00 0.000000000000000000e+00 1.333600890002492427e-02 4.453375190102656412e-05 1.338919080482766189e-06 2.744459141183661077e-02 0.000000000000000000e+00 0.000000000000000000e+00 0.000000000000000000e+00 0.000000000000000000e+00 0.000000000000000000e+00 0.000000000000000000e+00
2.925000000000000000e+03 8.894077868030855427e+01 6.048415137369199390e-02 0.000000000000000000e+00 2.444125631967520584e-01 0.000000000000000000e+00 4.460239550146314902e-01 7.990975769356822161e-03 5.357349335997392418e-04 2.012526662207453909e-01 0.000000000000000000e+00 8.590232060331661655e-07 0.000000000000000000e+00 0.000000000000000000e+00 0.000000000000000000e+00 1.302259807274134921e-02 4.417408288720807083e-05 1.372579101178440084e-06 2.623094973328671253e-02 0.000000000000000000e+00 0.000000000000000000e+00 0.000000000000000000e+00 0.000000000000000000e+00 0.000000000000000000e+00 0.000000000000000000e+00
2.950000000000000000e+03 8.898595211214018263e+01 6.037458666047105377e-02 0.000000000000000000e+00 2.439698205202145420e-01 0.000000000000000000e+00 4.468325587880666028e-01 8.072209758246242164e-03 5.433525449519853228e-04 2.023616611036450907e-01 0.000000000000000000e+00 8.993556785896063665e-07 0.000000000000000000e+00 0.000000000000000000e+00 0.000000000000000000e+00 1.271599264625519060e-02 4.384646380474470524e-05 1.405965607814781568e-06 2.508366619305819195e-02 0.000000000000000000e+00 0.000000000000000000e+00 0.000000000000000000e+00 0.000000000000000000e+00 0.000000000000000000e+00 0.000000000000000000e+00
2.975000000000000000e+03 8.903342149900294089e+01 6.026684830281447275e-02 0.000000000000000000e+00 2.435344552193726142e-01 0.000000000000000000e+00 4.476127544756083876e-01 8.151691762659760837e-03 5.508689516484505111e-04 2.034221456257150895e-01 0.000000000000000000e+00 9.421331361964775243e-07 0.000000000000000000e+00 0.000000000000000000e+00 0.000000000000000000e+00 1.241635711237388737e-02 4.355530934378193939e-05 1.439085407454517898e-06 2.399894202191987097e-02 0.000000000000000000e+00 0.000000000000000000e+00 0.000000000000000000e+00 0.000000000000000000e+00 0.000000000000000000e+00 0.000000000000000000e+00
3.000000000000000000e+03 8.908373664298429162e+01 6.016028360177503448e-02 0.000000000000000000e+00 2.431038321633963994e-01 0.000000000000000000e+00 4.483681420535366446e-01 8.229442872920204877e-03 5.582842098162496981e-04 2.044373028269581560e-01 0.000000000000000000e+00 9.875598922922442228e-07 0.000000000000000000e+00 0.000000000000000000e+00 0.000000000000000000e+00 1.212379746254775570e-02 4.330499306472429516e-05 1.471946152647320538e-06 2.297315030993976603e-02 0.000000000000000000e+00 0.000000000000000000e+00 0.000000000000000000e+00 0.000000000000000000e+00 0.000000000000000000e+00 0.000000000000000000e+00
3.025000000000000000e+03 8.913789805564746871e+01 6.005394304380812925e-02 0.000000000000000000e+00 2.426741214636324306e-01 0.000000000000000000e+00 4.491021890068548350e-01 8.305485486959612862e-03 5.655985811535877653e-04 2.054115532919366383e-01 0.000000000000000000e+00 1.035870316282089717e-06 0.000000000000000000e+00 0.000000000000000000e+00 0.000000000000000000e+00 1.183845983610064788e-02 4.310062261210361476e-05 1.504568491123145366e-06 2.200300822813458512e-02 0.000000000000000000e+00 0.000000000000000000e+00 0.000000000000000000e+00 0.000000000000000000e+00 0.000000000000000000e+00 0.000000000000000000e+00
3.050000000000000000e+03 8.919611023446356057e+01 5.994739767441912420e-02 0.000000000000000000e+00 2.422435759082919582e-01 0.000000000000000000e+00 4.498181764720918796e-01 8.379836061297274430e-03 5.728119475361093636e-04 2.063470474178940028e-01 0.000000000000000000e+00 1.087316555140402879e-06 0.000000000000000000e+00 0.000000000000000000e+00 0.000000000000000000e+00 1.156035522941460669e-02 4.294668540557485106e-05 1.536963436452468473e-06 2.108522832365770233e-02 0.000000000000000000e+00 0.000000000000000000e+00 0.000000000000000000e+00 0.000000000000000000e+00 0.000000000000000000e+00 0.000000000000000000e+00
3.075000000000000000e+03 8.925908713209361167e+01 5.983988287847737814e-02 0.000000000000000000e+00 2.418091168016059112e-01 0.000000000000000000e+00 4.505193688159490617e-01 8.452511792527973161e-03 5.799243672472933391e-04 2.072472307221318033e-01 0.000000000000000000e+00 1.142183732796799777e-06 0.000000000000000000e+00 0.000000000000000000e+00 0.000000000000000000e+00 1.128954824424383517e-02 4.284851694954694461e-05 1.569156096659153552e-06 2.021685652103768008e-02 0.000000000000000000e+00 0.000000000000000000e+00 0.000000000000000000e+00 0.000000000000000000e+00 0.000000000000000000e+00 0.000000000000000000e+00
3.100000000000000000e+03 8.932742604850231771e+01 5.973071504481670957e-02 0.000000000000000000e+00 2.413679784801481820e-01 0.000000000000000000e+00 4.512089771476835431e-01 8.523527257946710359e-03 5.869357780219309692e-04 2.081150893876216323e-01 0.000000000000000000e+00 1.200784424812229042e-06 0.000000000000000000e+00 0.000000000000000000e+00 0.000000000000000000e+00 1.102607152089022519e-02 4.281163862384769302e-05 1.601174696601639163e-06 1.939509178512600560e-02 0.000000000000000000e+00 0.000000000000000000e+00 0.000000000000000000e+00 0.000000000000000000e+00 0.000000000000000000e+00 0.000000000000000000e+00
3.125000000000000000e+03 8.940174389853530101e+01 5.961919984535508921e-02 0.000000000000000000e+00 2.409173521620407155e-01 0.000000000000000000e+00 4.518901922237979485e-01 8.592895096915756370e-03 5.938460883207310245e-04 2.089535182052133788e-01 0.000000000000000000e+00 1.263461270159335540e-06 0.000000000000000000e+00 0.000000000000000000e+00 0.000000000000000000e+00 1.076994691754420107e-02 4.284193377199106364e-05 1.633053385960566569e-06 1.861731101238416411e-02 0.000000000000000000e+00 0.000000000000000000e+00 0.000000000000000000e+00 0.000000000000000000e+00 0.000000000000000000e+00 0.000000000000000000e+00
3.150000000000000000e+03 8.948268387437394722e+01 5.950463004622224411e-02 0.000000000000000000e+00 2.404543820138428101e-01 0.000000000000000000e+00 4.525661948923023203e-01 8.660626397694772341e-03 6.006551373691422805e-04 2.097653221430797466e-01 0.000000000000000000e+00 1.330587946338492702e-06 0.000000000000000000e+00 0.000000000000000000e+00 0.000000000000000000e+00 1.052118912584098544e-02 4.294568737045224702e-05 1.664832923446887834e-06 1.788105913540773140e-02 0.000000000000000000e+00 0.000000000000000000e+00 0.000000000000000000e+00 0.000000000000000000e+00 0.000000000000000000e+00 0.000000000000000000e+00
3.175000000000000000e+03 8.957092031063496052e+01 5.938628452702818944e-02 0.000000000000000000e+00 2.399761554776380090e-01 0.000000000000000000e+00 4.532401599886959342e-01 8.726730462609249769e-03 6.073627691338504301e-04 2.105532284037206492e-01 0.000000000000000000e+00 1.402570322252542498e-06 0.000000000000000000e+00 0.000000000000000000e+00 0.000000000000000000e+00 1.027980912495916714e-02 4.312961801247511186e-05 1.696561310591823012e-06 1.718404049656957130e-02 0.000000000000000000e+00 0.000000000000000000e+00 0.000000000000000000e+00 0.000000000000000000e+00 0.000000000000000000e+00 0.000000000000000000e+00
3.200000000000000000e+03 8.966716108646045313e+01 5.926342844822326400e-02 0.000000000000000000e+00 2.394797032412812610e-01 0.000000000000000000e+00 4.539152582611322706e-01 8.791215563051502785e-03 6.139688153561930449e-04 2.113198912486628778e-01 0.000000000000000000e+00 1.479847049376332181e-06 0.000000000000000000e+00 0.000000000000000000e+00 0.000000000000000000e+00 1.004581666331237286e-02 4.340091189535731181e-05 1.728294516832829737e-06 1.652410870551863573e-02 0.000000000000000000e+00 0.000000000000000000e+00 0.000000000000000000e+00 0.000000000000000000e+00 0.000000000000000000e+00 0.000000000000000000e+00
3.225000000000000000e+03 8.977214864797544180e+01 5.913531790052250353e-02 0.000000000000000000e+00 2.389620144229829268e-01 0.000000000000000000e+00 4.545946516243535296e-01 8.854089032834421696e-03 6.204731283016646148e-04 2.120678839436328511e-01 0.000000000000000000e+00 1.562890266595984822e-06 0.000000000000000000e+00 0.000000000000000000e+00 0.000000000000000000e+00 9.819222040359745773e-03 4.376725029217334943e-05 1.760097173761686020e-06 1.589925766927986414e-02 0.000000000000000000e+00 0.000000000000000000e+00 0.000000000000000000e+00 0.000000000000000000e+00 0.000000000000000000e+00 0.000000000000000000e+00
3.250000000000000000e+03 8.988666056574540164e+01 5.900119680243626902e-02 0.000000000000000000e+00 2.384200422060987201e-01 0.000000000000000000e+00 4.552814873340070290e-01 8.915358005454215168e-03 6.268756382948158104e-04 2.127997068623449228e-01 0.000000000000000000e+00 1.652205888696748135e-06 0.000000000000000000e+00 0.000000000000000000e+00 0.000000000000000000e+00 9.600039345246611996e-03 4.423683976415365639e-05 1.792043476081540376e-06 1.530761271698836447e-02 0.000000000000000000e+00 0.000000000000000000e+00 0.000000000000000000e+00 0.000000000000000000e+00 0.000000000000000000e+00 0.000000000000000000e+00
3.275000000000000000e+03 9.001151060309594243e+01 5.886030539985932092e-02 0.000000000000000000e+00 2.378507101328506401e-01 0.000000000000000000e+00 4.559788893976288171e-01 8.975029849767200002e-03 6.331764015006325968e-04 2.135177879963428837e-01 0.000000000000000000e+00 1.748333881212155319e-06 0.000000000000000000e+00 0.000000000000000000e+00 0.000000000000000000e+00 9.388287729914832069e-03 4.481844150124877853e-05 1.824218093599293734e-06 1.474742209865968247e-02 0.000000000000000000e+00 0.000000000000000000e+00 0.000000000000000000e+00 0.000000000000000000e+00 0.000000000000000000e+00 0.000000000000000000e+00
3.300000000000000000e+03 9.014754875975579296e+01 5.871188146897046017e-02 0.000000000000000000e+00 2.372509363367533985e-01 0.000000000000000000e+00 4.566899443494706334e-01 9.033112488226972131e-03 6.393756084214464400e-04 2.142244767915929549e-01 0.000000000000000000e+00 1.851847950286664197e-06 0.000000000000000000e+00 0.000000000000000000e+00 0.000000000000000000e+00 9.183993584239198357e-03 4.552139843592689080e-05 1.856717069635140166e-06 1.421704940886907471e-02 0.000000000000000000e+00 0.000000000000000000e+00 0.000000000000000000e+00 0.000000000000000000e+00 0.000000000000000000e+00 0.000000000000000000e+00
3.325000000000000000e+03 9.029566169684723320e+01 5.855516403139018888e-02 0.000000000000000000e+00 2.366176528278957636e-01 0.000000000000000000e+00 4.574176954250058769e-01 9.089615098906109539e-03 6.454736608192255436e-04 2.149220337222228217e-01 0.000000000000000000e+00 1.963355238616408491e-06 0.000000000000000000e+00 0.000000000000000000e+00 0.000000000000000000e+00 8.987191315539553096e-03 4.635565795990709048e-05 1.889648811917855501e-06 1.371496525621000544e-02 0.000000000000000000e+00 0.000000000000000000e+00 0.000000000000000000e+00 0.000000000000000000e+00 0.000000000000000000e+00 0.000000000000000000e+00
3.350000000000000000e+03 9.045677083971226295e+01 5.838940248069353356e-02 0.000000000000000000e+00 2.359478187839685603e-01 0.000000000000000000e+00 4.581651166025125232e-01 9.144549459792011836e-03 6.514712478791849894e-04 2.156126370497225553e-01 0.000000000000000000e+00 2.083495581794564762e-06 0.000000000000000000e+00 0.000000000000000000e+00 0.000000000000000000e+00 8.797925829655007732e-03 4.733180011416242950e-05 1.923135197707092459e-06 1.323974011488305430e-02 0.000000000000000000e+00 0.000000000000000000e+00 0.000000000000000000e+00 0.000000000000000000e+00 0.000000000000000000e+00 0.000000000000000000e+00
3.375000000000000000e+03 9.063183932577958046e+01 5.821385393964226967e-02 0.000000000000000000e+00 2.352384380498581118e-01 0.000000000000000000e+00 4.589351126508486312e-01 9.197929405564736829e-03 6.573693635226483855e-04 2.162983739891397583e-01 0.000000000000000000e+00 2.212940308835663350e-06 0.000000000000000000e+00 0.000000000000000000e+00 0.000000000000000000e+00 8.616253082845897610e-03 4.846106246484217973e-05 1.957312718708121722e-06 1.279003820308534725e-02 0.000000000000000000e+00 0.000000000000000000e+00 0.000000000000000000e+00 0.000000000000000000e+00 0.000000000000000000e+00 0.000000000000000000e+00
3.400000000000000000e+03 9.082186849101516657e+01 5.802779339141531101e-02 0.000000000000000000e+00 2.344865793518551289e-01 0.000000000000000000e+00 4.597304979105489298e-01 9.249772908858660062e-03 6.631694304400201270e-04 2.169812347040231404e-01 0.000000000000000000e+00 2.352391032531792055e-06 0.000000000000000000e+00 0.000000000000000000e+00 0.000000000000000000e+00 8.442242136415192486e-03 4.975536522895966565e-05 1.992333759620814724e-06 1.236461007642244807e-02 0.000000000000000000e+00 0.000000000000000000e+00 0.000000000000000000e+00 0.000000000000000000e+00 0.000000000000000000e+00 0.000000000000000000e+00
3.425000000000000000e+03 9.102790387323477717e+01 5.783051315269651521e-02 0.000000000000000000e+00 2.336893839094842662e-01 0.000000000000000000e+00 4.605539893708595067e-01 9.300101908346167234e-03 6.688733346093446311e-04 2.176631164109326944e-01 0.000000000000000000e+00 2.502577730778936876e-06 0.000000000000000000e+00 0.000000000000000000e+00 0.000000000000000000e+00 8.275975615242280384e-03 5.122733338087190216e-05 2.028367714203532610e-06 1.196228801900348776e-02 0.000000000000000000e+00 0.000000000000000000e+00 0.000000000000000000e+00 0.000000000000000000e+00 0.000000000000000000e+00 0.000000000000000000e+00
3.450000000000000000e+03 9.125104297456485369e+01 5.762132883447475262e-02 0.000000000000000000e+00 2.328440832743870759e-01 0.000000000000000000e+00 4.614081976208306290e-01 9.348943523145280751e-03 6.744834879231093863e-04 2.183458121910644700e-01 0.000000000000000000e+00 2.664256558999773969e-06 0.000000000000000000e+00 0.000000000000000000e+00 0.000000000000000000e+00 8.117551336660380756e-03 5.289032468708099015e-05 2.065602553188055731e-06 1.158197954771509643e-02 0.000000000000000000e+00 0.000000000000000000e+00 0.000000000000000000e+00 0.000000000000000000e+00 0.000000000000000000e+00 0.000000000000000000e+00
3.475000000000000000e+03 9.149244006662486584e+01 5.739957740681774639e-02 0.000000000000000000e+00 2.319479974737574668e-01 0.000000000000000000e+00 4.622956262552294082e-01 9.396330520253723395e-03 6.800029224265419139e-04 2.190310190420246272e-01 0.000000000000000000e+00 2.838207266760211313e-06 0.000000000000000000e+00 0.000000000000000000e+00 0.000000000000000000e+00 7.967082924133110644e-03 5.475845175371473817e-05 2.104246038371013600e-06 1.122266255029868987e-02 0.000000000000000000e+00 0.000000000000000000e+00 0.000000000000000000e+00 0.000000000000000000e+00 0.000000000000000000e+00 0.000000000000000000e+00
3.500000000000000000e+03 9.175332018516965604e+01 5.716461650525217486e-02 0.000000000000000000e+00 2.309985364628285298e-01 0.000000000000000000e+00 4.632186749685005545e-01 9.442302212819143892e-03 6.854353463283406524e-04 2.197203368213636043e-01 0.000000000000000000e+00 3.025230102650198998e-06 0.000000000000000000e+00 0.000000000000000000e+00 0.000000000000000000e+00 7.824700765590603471e-03 5.684660286722196837e-05 2.144527251321684300e-06 1.088338055709584321e-02 0.000000000000000000e+00 0.000000000000000000e+00 0.000000000000000000e+00 0.000000000000000000e+00 0.000000000000000000e+00 0.000000000000000000e+00
3.525000000000000000e+03 9.203499394887450080e+01 5.691582432484551535e-02 0.000000000000000000e+00 2.299931836541715402e-01 0.000000000000000000e+00 4.641796483154513320e-01 9.486904622769519110e-03 6.907851868427934824e-04 2.204152795649756691e-01 0.000000000000000000e+00 3.226142211654800761e-06 0.000000000000000000e+00 0.000000000000000000e+00 0.000000000000000000e+00 7.690552923989658896e-03 5.917047393737918042e-05 2.186698102255147774e-06 1.056323809270273868e-02 0.000000000000000000e+00 0.000000000000000000e+00 0.000000000000000000e+00 0.000000000000000000e+00 0.000000000000000000e+00 0.000000000000000000e+00
3.550000000000000000e+03 9.233887537852405103e+01 5.665259261351997255e-02 0.000000000000000000e+00 2.289294822056610335e-01 0.000000000000000000e+00 4.651807732337471801e-01 9.530191531847058070e-03 6.960576886462460731e-04 2.211172802892874267e-01 0.000000000000000000e+00 3.441773493439722867e-06 0.000000000000000000e+00 0.000000000000000000e+00 0.000000000000000000e+00 7.564805879645316623e-03 6.174658713388257020e-05 2.231034945985003105e-06 1.026139716207249628e-02 0.000000000000000000e+00 0.000000000000000000e+00 0.000000000000000000e+00 0.000000000000000000e+00 0.000000000000000000e+00 0.000000000000000000e+00
3.575000000000000000e+03 9.266650854635693690e+01 5.637431988358235918e-02 0.000000000000000000e+00 2.278050012627542698e-01 0.000000000000000000e+00 4.662242256641711546e-01 9.572223950186134131e-03 7.012588950153226652e-04 2.218277094703684504e-01 0.000000000000000000e+00 3.672961479709338795e-06 0.000000000000000000e+00 0.000000000000000000e+00 0.000000000000000000e+00 7.447644972009274077e-03 6.459231279570227060e-05 2.277839876718130038e-06 9.977072787761049125e-03 0.000000000000000000e+00 0.000000000000000000e+00 0.000000000000000000e+00 0.000000000000000000e+00 0.000000000000000000e+00 0.000000000000000000e+00
3.600000000000000000e+03 9.301959524065952678e+01 5.608040179169191536e-02 0.000000000000000000e+00 2.266172957255196962e-01 0.000000000000000000e+00 4.673121648717533660e-01 9.613071136197410063e-03 7.063957272009435207e-04 2.225478933884044441e-01 0.000000000000000000e+00 3.920546105331943580e-06 0.000000000000000000e+00 0.000000000000000000e+00 0.000000000000000000e+00 7.339274159510025645e-03 6.772589632765614620e-05 2.327442533969901818e-06 9.709529314755186921e-03 0.000000000000000000e+00 0.000000000000000000e+00 0.000000000000000000e+00 0.000000000000000000e+00 0.000000000000000000e+00 0.000000000000000000e+00
3.625000000000000000e+03 9.340003393662821907e+01 5.577021722732449643e-02 0.000000000000000000e+00 2.253638600354958832e-01 0.000000000000000000e+00 4.684467770193762037e-01 9.652809543139696455e-03 7.114759323159133148e-04 2.232791339586653601e-01 0.000000000000000000e+00 4.185362632814799700e-06 0.000000000000000000e+00 0.000000000000000000e+00 0.000000000000000000e+00 7.239916752932996219e-03 7.116647194934416407e-05 2.380201220061305568e-06 9.458077494947167083e-03 0.000000000000000000e+00 0.000000000000000000e+00 0.000000000000000000e+00 0.000000000000000000e+00 0.000000000000000000e+00 0.000000000000000000e+00
3.650000000000000000e+03 9.380996200047002276e+01 5.544311413217240664e-02 0.000000000000000000e+00 2.240420586724829188e-01 0.000000000000000000e+00 4.696303271466751861e-01 9.691523048391013917e-03 7.165081308385051013e-04 2.240227449931186943e-01 0.000000000000000000e+00 4.468234324993110818e-06 0.000000000000000000e+00 0.000000000000000000e+00 0.000000000000000000e+00 7.149814691410933711e-03 7.493408270006008179e-05 2.436504518581803602e-06 9.222070363366936113e-03 0.000000000000000000e+00 0.000000000000000000e+00 0.000000000000000000e+00 0.000000000000000000e+00 0.000000000000000000e+00 0.000000000000000000e+00
3.675000000000000000e+03 9.425180776572324248e+01 5.509839288997899626e-02 0.000000000000000000e+00 2.226490632959582106e-01 0.000000000000000000e+00 4.708652210235201863e-01 9.729301520606314230e-03 7.215017360657335812e-04 2.247800752280972869e-01 0.000000000000000000e+00 4.769962838090310808e-06 0.000000000000000000e+00 0.000000000000000000e+00 0.000000000000000000e+00 7.069227517898563420e-03 7.904968764953459906e-05 2.496772010823704676e-06 9.000900365376188553e-03 0.000000000000000000e+00 0.000000000000000000e+00 0.000000000000000000e+00 0.000000000000000000e+00 0.000000000000000000e+00 0.000000000000000000e+00
3.700000000000000000e+03 9.472835347369172609e+01 5.473528548288035533e-02 0.000000000000000000e+00 2.211817665250316034e-01 0.000000000000000000e+00 4.721540719302651512e-01 9.766240439848774407e-03 7.264668609379229969e-04 2.255525538072763181e-01 0.000000000000000000e+00 5.091318187396117366e-06 0.000000000000000000e+00 0.000000000000000000e+00 0.000000000000000000e+00 6.998431298555697795e-03 8.353516543096148360e-05 2.561455385098928157e-06 8.793995716200667112e-03 0.000000000000000000e+00 0.000000000000000000e+00 0.000000000000000000e+00 0.000000000000000000e+00 0.000000000000000000e+00 0.000000000000000000e+00
3.725000000000000000e+03 9.524280372255591942e+01 5.435293140503975884e-02 0.000000000000000000e+00 2.196367003270616458e-01 0.000000000000000000e+00 4.734997792462537491e-01 9.802438277411378714e-03 7.314142454243820982e-04 2.263417254909666776e-01 0.000000000000000000e+00 5.433025578086436052e-06 0.000000000000000000e+00 0.000000000000000000e+00 0.000000000000000000e+00 6.937716682481880927e-03 8.841331385394251847e-05 2.631038738927923755e-06 8.600816947189494216e-03 0.000000000000000000e+00 0.000000000000000000e+00 0.000000000000000000e+00 0.000000000000000000e+00 0.000000000000000000e+00 0.000000000000000000e+00
3.750000000000000000e+03 9.579886706230462323e+01 5.395036070457179950e-02 0.000000000000000000e+00 2.180099382408698938e-01 0.000000000000000000e+00 4.749056042832172642e-01 9.837995233094360206e-03 7.363549901726732828e-04 2.271492983256874210e-01 0.000000000000000000e+00 5.795751060281746433e-06 0.000000000000000000e+00 0.000000000000000000e+00 0.000000000000000000e+00 6.887385548812576322e-03 9.370781660511359648e-05 2.706038299582123526e-06 8.420853067608832440e-03 0.000000000000000000e+00 0.000000000000000000e+00 0.000000000000000000e+00 0.000000000000000000e+00 0.000000000000000000e+00 0.000000000000000000e+00
3.775000000000000000e+03 9.640084762932465878e+01 5.352646483962605201e-02 0.000000000000000000e+00 2.162970052624942074e-01 0.000000000000000000e+00 4.763752560693680360e-01 9.873009501146735520e-03 7.413004612308984930e-04 2.279771883600368310e-01 0.000000000000000000e+00 6.180083898262604096e-06 0.000000000000000000e+00 0.000000000000000000e+00 0.000000000000000000e+00 6.847747569284945955e-03 9.944321550908769719e-05 2.787001535760045117e-06 8.253617635869230085e-03 0.000000000000000000e+00 0.000000000000000000e+00 0.000000000000000000e+00 0.000000000000000000e+00 0.000000000000000000e+00 0.000000000000000000e+00
3.800000000000000000e+03 9.705374700193567605e+01 5.307998188425424452e-02 0.000000000000000000e+00 2.144927902972244005e-01 0.000000000000000000e+00 4.779129685165728891e-01 9.907574084168875583e-03 7.462618412696594202e-04 2.288275587277912304e-01 0.000000000000000000e+00 6.586516440526756115e-06 0.000000000000000000e+00 0.000000000000000000e+00 0.000000000000000000e+00 6.819114570505730583e-03 1.056448405083572974e-04 2.874505327021012047e-06 8.098644215936888491e-03 0.000000000000000000e+00 0.000000000000000000e+00 0.000000000000000000e+00 0.000000000000000000e+00 0.000000000000000000e+00 0.000000000000000000e+00
