# T Ptot H He C N O Na K Si Ar Ti V S Cl Mg Al Ca Fe Cr Li Cs Rb F P
1.500000000000000000e+03 7.823532607986962262e+01 2.062055286324959019e-02 0.000000000000000000e+00 2.322958520204825850e-01 0.000000000000000000e+00 7.470835951031028488e-01 1.236689680260095989e-11 4.946415797092678695e-13 3.686051587263602173e-15 0.000000000000000000e+00 5.274416603118869263e-17 0.000000000000000000e+00 0.000000000000000000e+00 0.000000000000000000e+00 7.481294265520492151e-17 1.739587021961383633e-20 6.248967419330774803e-22 2.996713654228155863e-13 0.000000000000000000e+00 0.000000000000000000e+00 0.000000000000000000e+00 0.000000000000000000e+00 0.000000000000000000e+00 0.000000000000000000e+00
1.525000000000000000e+03 7.823541153610085530e+01 2.062055292610581736e-02 0.000000000000000000e+00 2.322958532136044085e-01 0.000000000000000000e+00 7.470835938377003993e-01 2.115381800418950146e-11 8.644360309410684695e-13 7.881098076375783440e-15 0.000000000000000000e+00 1.098669800686464910e-16 0.000000000000000000e+00 0.000000000000000000e+00 0.000000000000000000e+00 1.781959862318319411e-16 4.448046987441925880e-20 1.698971598773504409e-21 5.630183669688164223e-13 0.000000000000000000e+00 0.000000000000000000e+00 0.000000000000000000e+00 0.000000000000000000e+00 0.000000000000000000e+00 0.000000000000000000e+00
1.550000000000000000e+03 7.823551648018359117e+01 2.062055291402957458e-02 0.000000000000000000e+00 2.322958522966824257e-01 0.000000000000000000e+00 7.470835947512044495e-01 3.554852241714308822e-11 1.482939842704912075e-12 1.643190800240833828e-14 0.000000000000000000e+00 2.231313682558130954e-16 0.000000000000000000e+00 0.000000000000000000e+00 0.000000000000000000e+00 4.121775075565587427e-16 1.102360438201900461e-19 4.452482967122654865e-21 1.035111469411986685e-12 0.000000000000000000e+00 0.000000000000000000e+00 0.000000000000000000e+00 0.000000000000000000e+00 0.000000000000000000e+00 0.000000000000000000e+00
1.575000000000000000e+03 7.823564425105325881e+01 2.062055287061334910e-02 0.000000000000000000e+00 2.322958512972590484e-01 0.000000000000000000e+00 7.470835957689900830e-01 5.873892111054009987e-11 2.499472473405808759e-12 3.344976523924238122e-14 0.000000000000000000e+00 4.423748130593582421e-16 0.000000000000000000e+00 0.000000000000000000e+00 0.000000000000000000e+00 9.271452686629858340e-16 2.651963574949205863e-19 1.127035542085701042e-20 1.864220210177159335e-12 0.000000000000000000e+00 0.000000000000000000e+00 0.000000000000000000e+00 0.000000000000000000e+00 0.000000000000000000e+00 0.000000000000000000e+00
1.600000000000000000e+03 7.823580044118085652e+01 2.062055283065403546e-02 0.000000000000000000e+00 2.322958516900004988e-01 0.000000000000000000e+00 7.470835953763319548e-01 9.550936011890966276e-11 4.142561371228351309e-12 6.655750724704964914e-14 0.000000000000000000e+00 8.571527588754519888e-16 0.000000000000000000e+00 0.000000000000000000e+00 0.000000000000000000e+00 2.030776870709740531e-15 6.201816184874346673e-19 2.760637303824677843e-20 3.292169759691846989e-12 0.000000000000000000e+00 0.000000000000000000e+00 0.000000000000000000e+00 0.000000000000000000e+00 0.000000000000000000e+00 0.000000000000000000e+00
1.625000000000000000e+03 7.823598971405957059e+01 2.062055274948111638e-02 0.000000000000000000e+00 2.322958502441315742e-01 0.000000000000000000e+00 7.470835968408547911e-01 1.529341003052279113e-10 6.756544621439790460e-12 1.295880093307212935e-13 0.000000000000000000e+00 1.624930028935981604e-15 0.000000000000000000e+00 0.000000000000000000e+00 0.000000000000000000e+00 4.336767429862773043e-15 1.411749571142422983e-18 6.555058741484543550e-20 5.706172724219908570e-12 0.000000000000000000e+00 0.000000000000000000e+00 0.000000000000000000e+00 0.000000000000000000e+00 0.000000000000000000e+00 0.000000000000000000e+00
1.650000000000000000e+03 7.823621801453104752e+01 2.062055277359583355e-02 0.000000000000000000e+00 2.322958511445858409e-01 0.000000000000000000e+00 7.470835958196647697e-01 2.413262002259143592e-10 1.085261071414882233e-11 2.471345082678999900e-13 0.000000000000000000e+00 3.016903002501511089e-15 0.000000000000000000e+00 0.000000000000000000e+00 0.000000000000000000e+00 9.039940653435081997e-15 3.132052605911187625e-18 1.511281485357168432e-19 9.715461289136742257e-12 0.000000000000000000e+00 0.000000000000000000e+00 0.000000000000000000e+00 0.000000000000000000e+00 0.000000000000000000e+00 0.000000000000000000e+00
1.675000000000000000e+03 7.823649279315513638e+01 2.062055280647850236e-02 0.000000000000000000e+00 2.322958538377402071e-01 0.000000000000000000e+00 7.470835929463346403e-01 3.755187550747361282e-10 1.717898082075992513e-11 4.620767239746107909e-13 0.000000000000000000e+00 5.491022452652146603e-15 0.000000000000000000e+00 0.000000000000000000e+00 0.000000000000000000e+00 1.841350151826468080e-14 6.780254800669747146e-18 3.388232366211493337e-19 1.626271952455095011e-11 0.000000000000000000e+00 0.000000000000000000e+00 0.000000000000000000e+00 0.000000000000000000e+00 0.000000000000000000e+00 0.000000000000000000e+00
1.700000000000000000e+03 7.823682300873095130e+01 2.062055246954882376e-02 0.000000000000000000e+00 2.322958521634763407e-01 0.000000000000000000e+00 7.470835947359076856e-01 5.765730422565256561e-10 2.681613663973692958e-11 8.478021113240303720e-13 0.000000000000000000e+00 9.806195267065115516e-15 0.000000000000000000e+00 0.000000000000000000e+00 0.000000000000000000e+00 3.668820087179826513e-14 1.433810424292851742e-17 7.397298465745897729e-19 2.678357002409922168e-11 0.000000000000000000e+00 0.000000000000000000e+00 0.000000000000000000e+00 0.000000000000000000e+00 0.000000000000000000e+00 0.000000000000000000e+00
1.725000000000000000e+03 7.823721739195640623e+01 2.062055274698897794e-02 0.000000000000000000e+00 2.322958532515226326e-01 0.000000000000000000e+00 7.470835930411074965e-01 8.740284590237022927e-10 4.130440574328158824e-11 1.527707251459862899e-12 0.000000000000000000e+00 1.719770994417733163e-14 0.000000000000000000e+00 0.000000000000000000e+00 0.000000000000000000e+00 7.157437909588852188e-14 2.964979522702629695e-17 1.574771299255187116e-18 4.343143079331151865e-11 0.000000000000000000e+00 0.000000000000000000e+00 0.000000000000000000e+00 0.000000000000000000e+00 0.000000000000000000e+00 0.000000000000000000e+00
1.750000000000000000e+03 7.823768886729178007e+01 2.062055262895044760e-02 0.000000000000000000e+00 2.322958519384840936e-01 0.000000000000000000e+00 7.470835939886583121e-01 1.308832090575942826e-09 6.281283430432318061e-11 2.705803690935895158e-12 0.000000000000000000e+00 2.964213917594077762e-14 0.000000000000000000e+00 0.000000000000000000e+00 0.000000000000000000e+00 1.368446139858112730e-13 6.001582656052723051e-17 3.272962935286629368e-18 6.938999727347000488e-11 0.000000000000000000e+00 0.000000000000000000e+00 0.000000000000000000e+00 0.000000000000000000e+00 0.000000000000000000e+00 0.000000000000000000e+00
1.775000000000000000e+03 7.823825022871997703e+01 2.062055269070187449e-02 0.000000000000000000e+00 2.322958518063091560e-01 0.000000000000000000e+00 7.470835933571948750e-01 1.937111227644378670e-09 9.436014701364131846e-11 4.713996892196860490e-12 0.000000000000000000e+00 5.025087419212638014e-14 0.000000000000000000e+00 0.000000000000000000e+00 0.000000000000000000e+00 2.566327861551150237e-13 1.190227642969923846e-16 6.648815658272518148e-18 1.093016084686635496e-10 0.000000000000000000e+00 0.000000000000000000e+00 0.000000000000000000e+00 0.000000000000000000e+00 0.000000000000000000e+00 0.000000000000000000e+00
1.800000000000000000e+03 7.823891645057290134e+01 2.062055249188167461e-02 0.000000000000000000e+00 2.322958505331824408e-01 0.000000000000000000e+00 7.470835938213669092e-01 2.834981141606536721e-09 1.401006829720448363e-10 8.084032556648255051e-12 0.000000000000000000e+00 8.384570502959691332e-14 0.000000000000000000e+00 0.000000000000000000e+00 0.000000000000000000e+00 4.724603718773744091e-13 2.314719126838337720e-16 1.321587076902935028e-17 1.698468074603687517e-10 0.000000000000000000e+00 0.000000000000000000e+00 0.000000000000000000e+00 0.000000000000000000e+00 0.000000000000000000e+00 0.000000000000000000e+00
1.825000000000000000e+03 7.823970471208411936e+01 2.062055252594186677e-02 0.000000000000000000e+00 2.322958473668069734e-01 0.000000000000000000e+00 7.470835955225163527e-01 4.104609416551397437e-09 2.049585008907945457e-10 1.365542527733345006e-11 0.000000000000000000e+00 1.377881943869063817e-13 0.000000000000000000e+00 0.000000000000000000e+00 0.000000000000000000e+00 8.545204970337292771e-13 4.418082465917595853e-16 2.572971347206640286e-17 2.605187954592702228e-10 0.000000000000000000e+00 0.000000000000000000e+00 0.000000000000000000e+00 0.000000000000000000e+00 0.000000000000000000e+00 0.000000000000000000e+00
1.850000000000000000e+03 7.824063542574408814e+01 2.062055253918159553e-02 0.000000000000000000e+00 2.322958507094481651e-01 0.000000000000000000e+00 7.470835901527979050e-01 5.881793132868571269e-09 2.976545142970719997e-10 2.273518004312618575e-11 0.000000000000000000e+00 2.231578172193282099e-13 0.000000000000000000e+00 0.000000000000000000e+00 0.000000000000000000e+00 1.519498566762698699e-12 8.282864059145536154e-16 4.911047932985277992e-17 3.946459597279948609e-10 0.000000000000000000e+00 0.000000000000000000e+00 0.000000000000000000e+00 0.000000000000000000e+00 0.000000000000000000e+00 0.000000000000000000e+00
1.875000000000000000e+03 7.824173200512896642e+01 2.062055256549374938e-02 0.000000000000000000e+00 2.322958488939703414e-01 0.000000000000000000e+00 7.470835891362926917e-01 8.345339772991072749e-09 4.278292474369390776e-10 3.733112771571355284e-11 0.000000000000000000e+00 3.564028617836813931e-13 0.000000000000000000e+00 0.000000000000000000e+00 0.000000000000000000e+00 2.658268036026358977e-12 1.526386306684171898e-15 9.198157754419557939e-17 5.907267617939745548e-10 0.000000000000000000e+00 0.000000000000000000e+00 0.000000000000000000e+00 0.000000000000000000e+00 0.000000000000000000e+00 0.000000000000000000e+00
1.900000000000000000e+03 7.824302020109350053e+01 2.062055226777020217e-02 0.000000000000000000e+00 2.322958462430323445e-01 0.000000000000000000e+00 7.470835882119745142e-01 1.172857623670209236e-08 6.088621129372221903e-10 6.048864821100082130e-11 0.000000000000000000e+00 5.616237128245904448e-13 0.000000000000000000e+00 0.000000000000000000e+00 0.000000000000000000e+00 4.578276265701517762e-12 2.766908459249832437e-15 1.691917913954889186e-16 8.741533815477049577e-10 0.000000000000000000e+00 0.000000000000000000e+00 0.000000000000000000e+00 0.000000000000000000e+00 0.000000000000000000e+00 0.000000000000000000e+00
1.925000000000000000e+03 7.824453068285822610e+01 2.062055216294092150e-02 0.000000000000000000e+00 2.322958445912179370e-01 0.000000000000000000e+00 7.470835846693790749e-01 1.633335293143748861e-08 8.582772635236466720e-10 9.677095616025259680e-11 0.000000000000000000e+00 8.736914515025602693e-13 0.000000000000000000e+00 0.000000000000000000e+00 0.000000000000000000e+00 7.767463895339660323e-12 4.937021126128034510e-15 3.058808936896049958e-16 1.279414481805736240e-09 0.000000000000000000e+00 0.000000000000000000e+00 0.000000000000000000e+00 0.000000000000000000e+00 0.000000000000000000e+00 0.000000000000000000e+00
1.950000000000000000e+03 7.824629497291404334e+01 2.062055220316462087e-02 0.000000000000000000e+00 2.322958434669834815e-01 0.000000000000000000e+00 7.470835785639173832e-01 2.254694513225034010e-08 1.198829505198442958e-09 1.529366509085145509e-10 0.000000000000000000e+00 1.342456597270770856e-12 0.000000000000000000e+00 0.000000000000000000e+00 0.000000000000000000e+00 1.298930603384351661e-11 8.676684707841592504e-15 5.439300393336648108e-16 1.852882207966076236e-09 0.000000000000000000e+00 0.000000000000000000e+00 0.000000000000000000e+00 0.000000000000000000e+00 0.000000000000000000e+00 0.000000000000000000e+00
1.975000000000000000e+03 7.824835366363429046e+01 2.062055157188817656e-02 0.000000000000000000e+00 2.322958376350198750e-01 0.000000000000000000e+00 7.470835753523171752e-01 3.086228747768991913e-08 1.659820575269170713e-09 2.388855590218992614e-10 0.000000000000000000e+00 2.038363766744242681e-12 0.000000000000000000e+00 0.000000000000000000e+00 0.000000000000000000e+00 2.142222109768606705e-11 1.502886588980897649e-14 9.520415886889525142e-16 2.656304687379608064e-09 0.000000000000000000e+00 0.000000000000000000e+00 0.000000000000000000e+00 0.000000000000000000e+00 0.000000000000000000e+00 0.000000000000000000e+00
2.000000000000000000e+03 7.825074801793164170e+01 2.062055136484547066e-02 0.000000000000000000e+00 2.322958359673504558e-01 0.000000000000000000e+00 7.470835643090341094e-01 4.190202815745813351e-08 2.278682949405166918e-09 3.689661194753274568e-10 0.000000000000000000e+00 3.059859555532920637e-12 0.000000000000000000e+00 0.000000000000000000e+00 0.000000000000000000e+00 3.486142463905561508e-11 2.567048664827027589e-14 1.641263742210894002e-15 3.771144017304571162e-09 0.000000000000000000e+00 0.000000000000000000e+00 0.000000000000000000e+00 0.000000000000000000e+00 0.000000000000000000e+00 0.000000000000000000e+00
2.025000000000000000e+03 7.825352664353057719e+01 2.062055063185650947e-02 0.000000000000000000e+00 2.322958267516703479e-01 0.000000000000000000e+00 7.470835571384321083e-01 5.644689381062331356e-08 3.102869624599134567e-09 5.637655521091681176e-10 0.000000000000000000e+00 4.543063789933934924e-12 0.000000000000000000e+00 0.000000000000000000e+00 0.000000000000000000e+00 5.600754835738685600e-11 4.328117410071531346e-14 2.788571807195334760e-15 5.303915311268196936e-09 0.000000000000000000e+00 0.000000000000000000e+00 0.000000000000000000e+00 0.000000000000000000e+00 0.000000000000000000e+00 0.000000000000000000e+00
2.050000000000000000e+03 7.825674173831568226e+01 2.062055036832806040e-02 0.000000000000000000e+00 2.322958190255325073e-01 0.000000000000000000e+00 7.470835426041793070e-01 7.546899161668591675e-08 4.192097085607460112e-09 8.525396767729787538e-10 0.000000000000000000e+00 6.674265405799329109e-12 0.000000000000000000e+00 0.000000000000000000e+00 0.000000000000000000e+00 8.887446763195006410e-11 7.201211241053415719e-14 4.672215743614565399e-15 7.392706441341033962e-09 0.000000000000000000e+00 0.000000000000000000e+00 0.000000000000000000e+00 0.000000000000000000e+00 0.000000000000000000e+00 0.000000000000000000e+00
2.075000000000000000e+03 7.826045465440351734e+01 2.062054890464520840e-02 0.000000000000000000e+00 2.322958081164973043e-01 0.000000000000000000e+00 7.470835255466781177e-01 1.001704537079256049e-07 5.620980273972867754e-09 1.276482822601560027e-09 0.000000000000000000e+00 9.705913521835741942e-12 0.000000000000000000e+00 0.000000000000000000e+00 0.000000000000000000e+00 1.393587837201503941e-10 1.183408135123915399e-13 7.724034374531018451e-15 1.021507167829041537e-08 0.000000000000000000e+00 0.000000000000000000e+00 0.000000000000000000e+00 0.000000000000000000e+00 0.000000000000000000e+00 0.000000000000000000e+00
2.100000000000000000e+03 7.826473028307746915e+01 2.062054761120571053e-02 0.000000000000000000e+00 2.322957963530439540e-01 0.000000000000000000e+00 7.470835004045638383e-01 1.320282448846391532e-07 7.482117676477833738e-09 1.893094441795447274e-09 0.000000000000000000e+00 1.397688500001355455e-11 0.000000000000000000e+00 0.000000000000000000e+00 0.000000000000000000e+00 2.160265021669634982e-10 1.921733957294941153e-13 1.260594813901245343e-14 1.399752118617183169e-08 0.000000000000000000e+00 0.000000000000000000e+00 0.000000000000000000e+00 0.000000000000000000e+00 0.000000000000000000e+00 0.000000000000000000e+00
2.125000000000000000e+03 7.826964303809268131e+01 2.062054630547038858e-02 0.000000000000000000e+00 2.322957769830257813e-01 0.000000000000000000e+00 7.470834718159569121e-01 1.728456121094613598e-07 9.889674320973392689e-09 2.781966228170876623e-09 0.000000000000000000e+00 1.993794402596220741e-11 0.000000000000000000e+00 0.000000000000000000e+00 0.000000000000000000e+00 3.311880002177873540e-10 3.085171455206228629e-13 2.032050464829555351e-14 1.902683926108408268e-08 0.000000000000000000e+00 0.000000000000000000e+00 0.000000000000000000e+00 0.000000000000000000e+00 0.000000000000000000e+00 0.000000000000000000e+00
2.150000000000000000e+03 7.827527342910234154e+01 2.062054413564193972e-02 0.000000000000000000e+00 2.322957525680914570e-01 0.000000000000000000e+00 7.470834352549232671e-01 2.248108745740511757e-07 1.298351687148637673e-08 4.052398699716723092e-09 0.000000000000000000e+00 2.818343955816761677e-11 0.000000000000000000e+00 0.000000000000000000e+00 0.000000000000000000e+00 5.023519866643662633e-10 4.898702689558143559e-13 3.236886293869129694e-14 2.566349589979973345e-08 0.000000000000000000e+00 0.000000000000000000e+00 0.000000000000000000e+00 0.000000000000000000e+00 0.000000000000000000e+00 0.000000000000000000e+00
2.175000000000000000e+03 7.828171048553996059e+01 2.062054154331971825e-02 0.000000000000000000e+00 2.322957242537196376e-01 0.000000000000000000e+00 7.470833856995268141e-01 2.905642043618777066e-07 1.693396015057344561e-08 5.853358789479684293e-09 0.000000000000000000e+00 3.949044309040330708e-11 0.000000000000000000e+00 0.000000000000000000e+00 0.000000000000000000e+00 7.541726591963148865e-10 7.696235677365163885e-13 5.097416598919890118e-14 3.435742681968818064e-08 0.000000000000000000e+00 0.000000000000000000e+00 0.000000000000000000e+00 0.000000000000000000e+00 0.000000000000000000e+00 0.000000000000000000e+00
2.200000000000000000e+03 7.828905184697794084e+01 2.062053828913398140e-02 0.000000000000000000e+00 2.322956862787770305e-01 0.000000000000000000e+00 7.470833249817483424e-01 3.732730807144516536e-07 2.194718427537347206e-08 8.386418145593231586e-09 0.000000000000000000e+00 5.486668136955668124e-11 0.000000000000000000e+00 0.000000000000000000e+00 0.000000000000000000e+00 1.121032661646275602e-09 1.196858114417631783e-12 7.939412531457380945e-14 4.566648189552830116e-08 0.000000000000000000e+00 0.000000000000000000e+00 0.000000000000000000e+00 0.000000000000000000e+00 0.000000000000000000e+00 0.000000000000000000e+00
2.225000000000000000e+03 7.829740420957844549e+01 2.062053383492379321e-02 0.000000000000000000e+00 2.322956386231991299e-01 0.000000000000000000e+00 7.470832486251010041e-01 4.767170555860918556e-07 2.827137649089458251e-08 1.192246525152001822e-08 0.000000000000000000e+00 7.560877009300664877e-11 0.000000000000000000e+00 0.000000000000000000e+00 0.000000000000000000e+00 1.650439382073657288e-09 1.843052471093837590e-12 1.223541371808331574e-13 6.027786507850147051e-08 0.000000000000000000e+00 0.000000000000000000e+00 0.000000000000000000e+00 0.000000000000000000e+00 0.000000000000000000e+00 0.000000000000000000e+00
2.250000000000000000e+03 7.830688371533551617e+01 2.062052846842249085e-02 0.000000000000000000e+00 2.322955811244881152e-01 0.000000000000000000e+00 7.470831504510325738e-01 6.053825084385070813e-07 3.620366713946342637e-08 1.682317294168988469e-08 0.000000000000000000e+00 1.033724543435659217e-10 0.000000000000000000e+00 0.000000000000000000e+00 0.000000000000000000e+00 2.407441766154019955e-09 2.811381158174578011e-12 1.866417538209366021e-13 7.903289619366894524e-08 0.000000000000000000e+00 0.000000000000000000e+00 0.000000000000000000e+00 0.000000000000000000e+00 0.000000000000000000e+00 0.000000000000000000e+00
2.275000000000000000e+03 7.831761809725124124e+01 2.062052202750083024e-02 0.000000000000000000e+00 2.322955024779408684e-01 0.000000000000000000e+00 7.470830346796244470e-01 7.645679920194637501e-07 4.609791529619306473e-08 2.356843197180899493e-08 0.000000000000000000e+00 1.402566654370972246e-10 0.000000000000000000e+00 0.000000000000000000e+00 0.000000000000000000e+00 3.480350401007908414e-09 4.249501074760874759e-12 2.819151248285544864e-13 1.029554559868151489e-07 0.000000000000000000e+00 0.000000000000000000e+00 0.000000000000000000e+00 0.000000000000000000e+00 0.000000000000000000e+00 0.000000000000000000e+00
2.300000000000000000e+03 7.832974397735951300e+01 2.062051350150517770e-02 0.000000000000000000e+00 2.322954085015004611e-01 0.000000000000000000e+00 7.470828878632372883e-01 9.605008919796570326e-07 5.837340125015818573e-08 3.279123829596482815e-08 0.000000000000000000e+00 1.889034911503762080e-10 0.000000000000000000e+00 0.000000000000000000e+00 0.000000000000000000e+00 4.988049801436171550e-09 6.366999136539528338e-12 4.217928852467260476e-13 1.332844834175088091e-07 0.000000000000000000e+00 0.000000000000000000e+00 0.000000000000000000e+00 0.000000000000000000e+00 0.000000000000000000e+00 0.000000000000000000e+00
2.325000000000000000e+03 7.834340989460638127e+01 2.062050324440101515e-02 0.000000000000000000e+00 2.322952933346196791e-01 0.000000000000000000e+00 7.470827052459149131e-01 1.200465830191098167e-06 7.352449441993927725e-08 4.532184415094265791e-08 0.000000000000000000e+00 2.526161419162180923e-10 0.000000000000000000e+00 0.000000000000000000e+00 0.000000000000000000e+00 7.089297842597212921e-09 9.459022839795239438e-12 6.253109517480190643e-13 1.715108973597767976e-07 0.000000000000000000e+00 0.000000000000000000e+00 0.000000000000000000e+00 0.000000000000000000e+00 0.000000000000000000e+00 0.000000000000000000e+00
2.350000000000000000e+03 7.835877562256473539e+01 2.062049045220738439e-02 0.000000000000000000e+00 2.322951501328779089e-01 0.000000000000000000e+00 7.470824823304825779e-01 1.492945497495925200e-06 9.213134297058619170e-08 6.224340062889805321e-08 0.000000000000000000e+00 3.354973468619789483e-10 0.000000000000000000e+00 0.000000000000000000e+00 0.000000000000000000e+00 9.994451679716942510e-09 1.393805754721882722e-11 9.188540208410186472e-13 2.194193852866454334e-07 0.000000000000000000e+00 0.000000000000000000e+00 0.000000000000000000e+00 0.000000000000000000e+00 0.000000000000000000e+00 0.000000000000000000e+00
2.375000000000000000e+03 7.837601376594298586e+01 2.062047459385996095e-02 0.000000000000000000e+00 2.322949717873731001e-01 0.000000000000000000e+00 7.470822124311788937e-01 1.847774309195921469e-06 1.148716499541535862e-07 8.496177950294788400e-08 0.000000000000000000e+00 4.426106019665877022e-10 0.000000000000000000e+00 0.000000000000000000e+00 0.000000000000000000e+00 1.398014295926792864e-08 2.037636556292826004e-11 1.338696283502619416e-12 2.791353807769648663e-07 0.000000000000000000e+00 0.000000000000000000e+00 0.000000000000000000e+00 0.000000000000000000e+00 0.000000000000000000e+00 0.000000000000000000e+00
2.400000000000000000e+03 7.839530758368222507e+01 2.062045539735462077e-02 0.000000000000000000e+00 2.322947531200016680e-01 0.000000000000000000e+00 7.470818841537356647e-01 2.276305544406387682e-06 1.425335787100306641e-07 1.152928225814356039e-07 0.000000000000000000e+00 5.801669731684419440e-10 0.000000000000000000e+00 0.000000000000000000e+00 0.000000000000000000e+00 1.940751496353576604e-08 2.956228861198508658e-11 1.934318229038256943e-12 3.531777836568697573e-07 0.000000000000000000e+00 0.000000000000000000e+00 0.000000000000000000e+00 0.000000000000000000e+00 0.000000000000000000e+00 0.000000000000000000e+00
2.425000000000000000e+03 7.841685547295622882e+01 2.062043176430662303e-02 0.000000000000000000e+00 2.322944906611503491e-01 0.000000000000000000e+00 7.470814823183478115e-01 2.791591856575807261e-06 1.760298430460346871e-07 1.555709818415284717e-07 0.000000000000000000e+00 7.557400743964625978e-10 0.000000000000000000e+00 0.000000000000000000e+00 0.000000000000000000e+00 2.674472598141795757e-08 4.257447045841697824e-11 2.772705119403607601e-12 4.445177004144278439e-07 0.000000000000000000e+00 0.000000000000000000e+00 0.000000000000000000e+00 0.000000000000000000e+00 0.000000000000000000e+00 0.000000000000000000e+00
2.450000000000000000e+03 7.844086627349707896e+01 2.062040316196752168e-02 0.000000000000000000e+00 2.322941658363909256e-01 0.000000000000000000e+00 7.470810029427678023e-01 3.408580177293988036e-06 2.164130172219978882e-07 2.087840480850939762e-07 0.000000000000000000e+00 9.785121852493170742e-10 0.000000000000000000e+00 0.000000000000000000e+00 0.000000000000000000e+00 3.659453083271145995e-08 6.087909786417630710e-11 3.943878142475329511e-12 5.566437651546858311e-07 0.000000000000000000e+00 0.000000000000000000e+00 0.000000000000000000e+00 0.000000000000000000e+00 0.000000000000000000e+00 0.000000000000000000e+00
2.475000000000000000e+03 7.846756353012824547e+01 2.062036827321145696e-02 0.000000000000000000e+00 2.322937735874374132e-01 0.000000000000000000e+00 7.470804254732016370e-01 4.144320520967837814e-06 2.648921195528143015e-07 2.787396647830044218e-07 0.000000000000000000e+00 1.259554336949973485e-09 0.000000000000000000e+00 0.000000000000000000e+00 0.000000000000000000e+00 4.972786418629515255e-08 8.645653969194913562e-11 5.567963348957789941e-12 6.936344013125738730e-07 0.000000000000000000e+00 0.000000000000000000e+00 0.000000000000000000e+00 0.000000000000000000e+00 0.000000000000000000e+00 0.000000000000000000e+00
2.500000000000000000e+03 7.849718398395928887e+01 2.062032625697339180e-02 0.000000000000000000e+00 2.322933012985429757e-01 0.000000000000000000e+00 7.470797320300657240e-01 5.018189701491959587e-06 3.228504620497464476e-07 3.702703523613068793e-07 0.000000000000000000e+00 1.612143282255683800e-09 0.000000000000000000e+00 0.000000000000000000e+00 0.000000000000000000e+00 6.712447542482839724e-08 1.219653377675824656e-10 7.804166537784121875e-12 8.602375138066958191e-07 0.000000000000000000e+00 0.000000000000000000e+00 0.000000000000000000e+00 0.000000000000000000e+00 0.000000000000000000e+00 0.000000000000000000e+00
2.525000000000000000e+03 7.852997731256803604e+01 2.062027562155380536e-02 0.000000000000000000e+00 2.322927294612547322e-01 0.000000000000000000e+00 7.470789072247423501e-01 6.052128638497030417e-06 3.918648602993556483e-07 4.894851691415992617e-07 0.000000000000000000e+00 2.052118613801837439e-09 0.000000000000000000e+00 0.000000000000000000e+00 0.000000000000000000e+00 9.002179212777584346e-08 1.709533685414120132e-10 1.086209570571556749e-11 1.061958055221909239e-06 0.000000000000000000e+00 0.000000000000000000e+00 0.000000000000000000e+00 0.000000000000000000e+00 0.000000000000000000e+00 0.000000000000000000e+00
2.550000000000000000e+03 7.856620697339845094e+01 2.062021434838904113e-02 0.000000000000000000e+00 2.322920399540688852e-01 0.000000000000000000e+00 7.470779290205163958e-01 7.270894856265389080e-06 4.737261560205577806e-07 6.440774224262933121e-07 0.000000000000000000e+00 2.598282276441475694e-09 0.000000000000000000e+00 0.000000000000000000e+00 0.000000000000000000e+00 1.199733233823233742e-07 2.381282760860764106e-10 1.501595487812662845e-11 1.305153840859740629e-06 0.000000000000000000e+00 0.000000000000000000e+00 0.000000000000000000e+00 0.000000000000000000e+00 0.000000000000000000e+00 0.000000000000000000e+00
2.575000000000000000e+03 7.860615024012572860e+01 2.062014101705532051e-02 0.000000000000000000e+00 2.322912116507630798e-01 0.000000000000000000e+00 7.470767711607235739e-01 8.702329188461160409e-06 5.704610611274898653e-07 8.436998045669767447e-07 0.000000000000000000e+00 3.272844386343230921e-09 0.000000000000000000e+00 0.000000000000000000e+00 0.000000000000000000e+00 1.589180614526387405e-07 3.297020424712266864e-10 2.062223486892864360e-11 1.597140173482850561e-06 0.000000000000000000e+00 0.000000000000000000e+00 0.000000000000000000e+00 0.000000000000000000e+00 0.000000000000000000e+00 0.000000000000000000e+00
2.600000000000000000e+03 7.865009595062116432e+01 2.062005369241851765e-02 0.000000000000000000e+00 2.322902249308419764e-01 0.000000000000000000e+00 7.470753988154689162e-01 1.037763579352974636e-05 6.843554284753804665e-07 1.100420056412889593e-06 0.000000000000000000e+00 4.101917367249538339e-09 0.000000000000000000e+00 0.000000000000000000e+00 0.000000000000000000e+00 2.092625255189661382e-07 4.538276691732772164e-10 2.814163121888422703e-11 1.946303580045849226e-06 0.000000000000000000e+00 0.000000000000000000e+00 0.000000000000000000e+00 0.000000000000000000e+00 0.000000000000000000e+00 0.000000000000000000e+00
2.625000000000000000e+03 7.869834876917988709e+01 2.061994879766400682e-02 0.000000000000000000e+00 2.322890469961211013e-01 0.000000000000000000e+00 7.470737833007410345e-01 1.233167620101837086e-05 8.179787730718190954e-07 1.429272736400395027e-06 0.000000000000000000e+00 5.116060975329715962e-09 0.000000000000000000e+00 0.000000000000000000e+00 0.000000000000000000e+00 2.739771253937684340e-07 6.211500266182918886e-10 3.816604981286375391e-11 2.362225260888776169e-06 0.000000000000000000e+00 0.000000000000000000e+00 0.000000000000000000e+00 0.000000000000000000e+00 0.000000000000000000e+00 0.000000000000000000e+00
2.650000000000000000e+03 7.875122321894292554e+01 2.061982389490032985e-02 0.000000000000000000e+00 2.322876396930072807e-01 0.000000000000000000e+00 7.470718902278296047e-01 1.460327761053983559e-05 9.742102061790698516e-07 1.848925127511555998e-06 0.000000000000000000e+00 6.350882222727612620e-09 0.000000000000000000e+00 0.000000000000000000e+00 0.000000000000000000e+00 3.567088514473952690e-07 8.454972003801876809e-10 5.145169656642090457e-11 2.855814635993092429e-06 0.000000000000000000e+00 0.000000000000000000e+00 0.000000000000000000e+00 0.000000000000000000e+00 0.000000000000000000e+00 0.000000000000000000e+00
2.675000000000000000e+03 7.880904798574007941e+01 2.061967504719509209e-02 0.000000000000000000e+00 2.322859641588655988e-01 0.000000000000000000e+00 7.470696760720600960e-01 1.723555158305445237e-05 1.156265575468269465e-06 2.382477961453369354e-06 0.000000000000000000e+00 7.847690305286846210e-09 0.000000000000000000e+00 0.000000000000000000e+00 0.000000000000000000e+00 4.619123171691402231e-07 1.144744130170543045e-09 6.895940957320983843e-11 3.439453048180815061e-06 0.000000000000000000e+00 0.000000000000000000e+00 0.000000000000000000e+00 0.000000000000000000e+00 0.000000000000000000e+00 0.000000000000000000e+00
2.700000000000000000e+03 7.887216180817652855e+01 2.061949879431194954e-02 0.000000000000000000e+00 2.322839775619944813e-01 0.000000000000000000e+00 7.470670878274286997e-01 2.027622671757611642e-05 1.367725994815582726e-06 3.058425733030338474e-06 0.000000000000000000e+00 9.654209981986137800e-09 0.000000000000000000e+00 0.000000000000000000e+00 0.000000000000000000e+00 5.950013713265015727e-07 1.541886565622827130e-09 9.190356970968300510e-11 4.127148447911007578e-06 0.000000000000000000e+00 0.000000000000000000e+00 0.000000000000000000e+00 0.000000000000000000e+00 0.000000000000000000e+00 0.000000000000000000e+00
2.725000000000000000e+03 7.894091628063139865e+01 2.061928950501420998e-02 0.000000000000000000e+00 2.322816224377142469e-01 0.000000000000000000e+00 7.470640744571639402e-01 2.377799016090027226e-05 1.612567476056385920e-06 3.911803560727517199e-06 0.000000000000000000e+00 1.182535536361664685e-08 0.000000000000000000e+00 0.000000000000000000e+00 0.000000000000000000e+00 7.625236134208099966e-07 2.066370381462760767e-09 1.218111032849130957e-10 4.934701759668669492e-06 0.000000000000000000e+00 0.000000000000000000e+00 0.000000000000000000e+00 0.000000000000000000e+00 0.000000000000000000e+00 0.000000000000000000e+00
2.750000000000000000e+03 7.901567095352186243e+01 2.061904232793975930e-02 0.000000000000000000e+00 2.322788385111545506e-01 0.000000000000000000e+00 7.470605699870337402e-01 2.779884313955755819e-05 1.895191861460769929e-06 4.985553728788284471e-06 0.000000000000000000e+00 1.442406608975764307e-08 0.000000000000000000e+00 0.000000000000000000e+00 0.000000000000000000e+00 9.723604817041375403e-07 2.755730126657244357e-09 1.605923485889868430e-10 5.879884271704799633e-06 0.000000000000000000e+00 0.000000000000000000e+00 0.000000000000000000e+00 0.000000000000000000e+00 0.000000000000000000e+00 0.000000000000000000e+00
2.775000000000000000e+03 7.909679914954756441e+01 2.061874982376487447e-02 0.000000000000000000e+00 2.322755434822339482e-01 0.000000000000000000e+00 7.470565136589077948e-01 3.240245795734158303e-05 2.220458544334957198e-06 6.332146130299105283e-06 0.000000000000000000e+00 1.752220244895871743e-08 0.000000000000000000e+00 0.000000000000000000e+00 0.000000000000000000e+00 1.233955171802857716e-06 3.657599220559712696e-09 2.106256951411558159e-10 6.982626862451053618e-06 0.000000000000000000e+00 0.000000000000000000e+00 0.000000000000000000e+00 0.000000000000000000e+00 0.000000000000000000e+00 0.000000000000000000e+00
2.800000000000000000e+03 7.918467849620294885e+01 2.061840540661559126e-02 0.000000000000000000e+00 2.322716614928251322e-01 0.000000000000000000e+00 7.470518152289463698e-01 3.765855412943305798e-05 2.593717752169896451e-06 8.015497315921727128e-06 0.000000000000000000e+00 2.120150982804641838e-08 0.000000000000000000e+00 0.000000000000000000e+00 0.000000000000000000e+00 1.558571714391164351e-06 4.832166364222275391e-09 2.748583153561916858e-10 8.265222166282893142e-06 0.000000000000000000e+00 0.000000000000000000e+00 0.000000000000000000e+00 0.000000000000000000e+00 0.000000000000000000e+00 0.000000000000000000e+00
2.825000000000000000e+03 7.927969885816352758e+01 2.061799884306281597e-02 0.000000000000000000e+00 2.322670828032750434e-01 0.000000000000000000e+00 7.470463966194903493e-01 4.364326703628484413e-05 3.020844114461925697e-06 1.011323057087805695e-05 0.000000000000000000e+00 2.555464063628785177e-08 0.000000000000000000e+00 0.000000000000000000e+00 0.000000000000000000e+00 1.959587388337011792e-06 6.355165002934512708e-09 3.569254030740140447e-10 9.752538330873829821e-06 0.000000000000000000e+00 0.000000000000000000e+00 0.000000000000000000e+00 0.000000000000000000e+00 0.000000000000000000e+00 0.000000000000000000e+00
2.850000000000000000e+03 7.938225361192415619e+01 2.061752084483161468e-02 0.000000000000000000e+00 2.322616954253650390e-01 0.000000000000000000e+00 7.470401520517881977e-01 5.043953624859255782e-05 3.508271613926077833e-06 1.271933290150103285e-05 0.000000000000000000e+00 3.068624502737627985e-08 0.000000000000000000e+00 0.000000000000000000e+00 0.000000000000000000e+00 2.452821897917548614e-06 8.321495114677801687e-09 4.612907473572756586e-10 1.147224632256050980e-05 0.000000000000000000e+00 0.000000000000000000e+00 0.000000000000000000e+00 0.000000000000000000e+00 0.000000000000000000e+00 0.000000000000000000e+00
2.875000000000000000e+03 7.949274549349563301e+01 2.061695860769359109e-02 0.000000000000000000e+00 2.322553653835902898e-01 0.000000000000000000e+00 7.470329681086097517e-01 5.813748224004772886e-05 4.063028855747833593e-06 1.594726623716544671e-05 0.000000000000000000e+00 3.671412076230657644e-08 0.000000000000000000e+00 0.000000000000000000e+00 0.000000000000000000e+00 3.056906028225215220e-06 1.084959531791707079e-08 5.934117904763154462e-10 1.345505961720905841e-05 0.000000000000000000e+00 0.000000000000000000e+00 0.000000000000000000e+00 0.000000000000000000e+00 0.000000000000000000e+00 0.000000000000000000e+00
2.900000000000000000e+03 7.961158233448486499e+01 2.061629873074390454e-02 0.000000000000000000e+00 2.322479291058827666e-01 0.000000000000000000e+00 7.470247236935426693e-01 6.683480080548377807e-05 4.692775115367992437e-06 1.993359768907325608e-05 0.000000000000000000e+00 4.377042640591950079e-08 0.000000000000000000e+00 0.000000000000000000e+00 0.000000000000000000e+00 3.793692810940123305e-06 1.408669831423547109e-08 7.599324600233155119e-10 1.573498635280813778e-05 0.000000000000000000e+00 0.000000000000000000e+00 0.000000000000000000e+00 0.000000000000000000e+00 0.000000000000000000e+00 0.000000000000000000e+00
2.925000000000000000e+03 7.973917585209284198e+01 2.061552492734107164e-02 0.000000000000000000e+00 2.322392084579268101e-01 0.000000000000000000e+00 7.470152719206729630e-01 7.663713630993961837e-05 5.405836605842417139e-06 2.484222436127985005e-05 0.000000000000000000e+00 5.200295471826477954e-08 0.000000000000000000e+00 0.000000000000000000e+00 0.000000000000000000e+00 4.688714367400007730e-06 1.821512540571092270e-08 9.689078308228203037e-10 1.834959542674216240e-05 0.000000000000000000e+00 0.000000000000000000e+00 0.000000000000000000e+00 0.000000000000000000e+00 0.000000000000000000e+00 0.000000000000000000e+00
2.950000000000000000e+03 7.987594607930016366e+01 2.061461739955448846e-02 0.000000000000000000e+00 2.322289864207388865e-01 0.000000000000000000e+00 7.470044589488415987e-01 8.765847528395228402e-05 6.211243143202884975e-06 3.086926490094436587e-05 0.000000000000000000e+00 6.157645639842698191e-08 0.000000000000000000e+00 0.000000000000000000e+00 0.000000000000000000e+00 5.771686390079574632e-06 2.345979315237965539e-08 1.230064296666436402e-09 2.134029483303837043e-05 0.000000000000000000e+00 0.000000000000000000e+00 0.000000000000000000e+00 0.000000000000000000e+00 0.000000000000000000e+00 0.000000000000000000e+00
2.975000000000000000e+03 8.002231405860774771e+01 2.061355476265155917e-02 0.000000000000000000e+00 2.322170198801925822e-01 0.000000000000000000e+00 7.469921023406833616e-01 1.000215158258226312e-04 7.118765028717173600e-06 3.824872209980643300e-05 0.000000000000000000e+00 7.267403567413900474e-08 0.000000000000000000e+00 0.000000000000000000e+00 0.000000000000000000e+00 7.077065257954092025e-06 3.009713665112964366e-08 1.555100411162490581e-09 2.475262198745191940e-05 0.000000000000000000e+00 0.000000000000000000e+00 0.000000000000000000e+00 0.000000000000000000e+00 0.000000000000000000e+00 0.000000000000000000e+00
3.000000000000000000e+03 8.017870794763163644e+01 2.061231220428615465e-02 0.000000000000000000e+00 2.322030179181382714e-01 0.000000000000000000e+00 7.469780067635520826e-01 1.138580451329797305e-04 8.138949383964868151e-06 4.725899109590310797e-05 0.000000000000000000e+00 8.549857149035954502e-08 0.000000000000000000e+00 0.000000000000000000e+00 0.000000000000000000e+00 8.644657425428473776e-06 3.846567311061535619e-08 1.958032613323308079e-09 2.863654870804007593e-05 0.000000000000000000e+00 0.000000000000000000e+00 0.000000000000000000e+00 0.000000000000000000e+00 0.000000000000000000e+00 0.000000000000000000e+00
3.025000000000000000e+03 8.034555982756879189e+01 2.061085997822727223e-02 0.000000000000000000e+00 2.321866574352154100e-01 0.000000000000000000e+00 7.469619410214575206e-01 1.293092818609012417e-04 9.283156021306281116e-06 5.823033911219344799e-05 0.000000000000000000e+00 1.002742031392515782e-07 0.000000000000000000e+00 0.000000000000000000e+00 0.000000000000000000e+00 1.052028620000571897e-05 4.897846011914867498e-08 2.455591341278428284e-09 3.304679365078918034e-05 0.000000000000000000e+00 0.000000000000000000e+00 0.000000000000000000e+00 0.000000000000000000e+00 0.000000000000000000e+00 0.000000000000000000e+00
3.050000000000000000e+03 8.052330875577516167e+01 2.060916407961020311e-02 0.000000000000000000e+00 2.321675515750134255e-01 0.000000000000000000e+00 7.469436589502123081e-01 1.465262352131914392e-04 1.056359318392623594e-05 7.155344810679297514e-05 0.000000000000000000e+00 1.172478358017640547e-07 0.000000000000000000e+00 0.000000000000000000e+00 0.000000000000000000e+00 1.275651634558645180e-05 6.213774233001578959e-08 3.067673522128921340e-09 3.804314906291561077e-05 0.000000000000000000e+00 0.000000000000000000e+00 0.000000000000000000e+00 0.000000000000000000e+00 0.000000000000000000e+00 0.000000000000000000e+00
3.075000000000000000e+03 8.071240054134833031e+01 2.060718540487350980e-02 0.000000000000000000e+00 2.321452625577506146e-01 0.000000000000000000e+00 7.469228761743380574e-01 1.656700208384082875e-04 1.199335194358623666e-05 8.768917147528166700e-05 0.000000000000000000e+00 1.366907070756027054e-07 0.000000000000000000e+00 0.000000000000000000e+00 0.000000000000000000e+00 1.541343931004745605e-05 7.855209402948348088e-08 3.817856809899867661e-09 4.369081881235798093e-05 0.000000000000000000e+00 0.000000000000000000e+00 0.000000000000000000e+00 0.000000000000000000e+00 0.000000000000000000e+00 0.000000000000000000e+00
3.100000000000000000e+03 8.091328975049624717e+01 2.060487899519986357e-02 0.000000000000000000e+00 2.321192840810574753e-01 0.000000000000000000e+00 7.468992758548085309e-01 1.869121618429542015e-04 1.358643883032719749e-05 1.071795959114571272e-04 0.000000000000000000e+00 1.588999351749391465e-07 0.000000000000000000e+00 0.000000000000000000e+00 0.000000000000000000e+00 1.855952035717910170e-05 9.895643124696625106e-08 4.733981996428500095e-09 5.006076164384891343e-05 0.000000000000000000e+00 0.000000000000000000e+00 0.000000000000000000e+00 0.000000000000000000e+00 0.000000000000000000e+00 0.000000000000000000e+00
3.125000000000000000e+03 8.112644415782892793e+01 2.060219323827421761e-02 0.000000000000000000e+00 2.320890263409441101e-01 0.000000000000000000e+00 7.468725103365816409e-01 2.104348642752050449e-04 1.535780690680629406e-05 1.306605854889887521e-04 0.000000000000000000e+00 1.842001173052741906e-07 0.000000000000000000e+00 0.000000000000000000e+00 0.000000000000000000e+00 2.227250606620013480e-05 1.242352638752714126e-07 5.848810569121608269e-09 5.723003727110088446e-05 0.000000000000000000e+00 0.000000000000000000e+00 0.000000000000000000e+00 0.000000000000000000e+00 0.000000000000000000e+00 0.000000000000000000e+00
3.150000000000000000e+03 8.135234470332395063e+01 2.059906851122233692e-02 0.000000000000000000e+00 2.320538215802184778e-01 0.000000000000000000e+00 7.468421811889267570e-01 2.364312469049498547e-04 1.732338449315103232e-05 1.588759219279688346e-04 0.000000000000000000e+00 2.129449074468630695e-07 0.000000000000000000e+00 0.000000000000000000e+00 0.000000000000000000e+00 2.664039642272736315e-05 1.554496338624752821e-07 7.200763599607427701e-09 6.528217457888643835e-05 0.000000000000000000e+00 0.000000000000000000e+00 0.000000000000000000e+00 0.000000000000000000e+00 0.000000000000000000e+00 0.000000000000000000e+00
3.175000000000000000e+03 8.159149279183560566e+01 2.059543560376832227e-02 0.000000000000000000e+00 2.320129000447361256e-01 0.000000000000000000e+00 7.468078472956023450e-01 2.651055413794325120e-04 1.950010034753630692e-05 1.926931997391892113e-04 0.000000000000000000e+00 2.455185679287875952e-07 0.000000000000000000e+00 0.000000000000000000e+00 0.000000000000000000e+00 3.176247655401899625e-05 1.938682134530176032e-07 8.834749360150296610e-09 7.430751634223266115e-05 0.000000000000000000e+00 0.000000000000000000e+00 0.000000000000000000e+00 0.000000000000000000e+00 0.000000000000000000e+00 0.000000000000000000e+00
3.200000000000000000e+03 8.184441107268122551e+01 2.059121707918905309e-02 0.000000000000000000e+00 2.319653773054476120e-01 0.000000000000000000e+00 7.467690166704799015e-01 2.966732351577954820e-04 2.190590651378235181e-05 2.331216610449252937e-04 0.000000000000000000e+00 2.823375401952506721e-07 0.000000000000000000e+00 0.000000000000000000e+00 0.000000000000000000e+00 3.775041043040978797e-05 2.410030501123286393e-07 1.080308598252385921e-08 8.440358806019035768e-05 0.000000000000000000e+00 0.000000000000000000e+00 0.000000000000000000e+00 0.000000000000000000e+00 0.000000000000000000e+00 0.000000000000000000e+00
3.225000000000000000e+03 8.211165307675057079e+01 2.058632317986340207e-02 0.000000000000000000e+00 2.319102477216126723e-01 0.000000000000000000e+00 7.467251356252853078e-01 3.313611329901103124e-04 2.455979460855320127e-05 2.813320426000662927e-04 0.000000000000000000e+00 3.238518916219757725e-07 0.000000000000000000e+00 0.000000000000000000e+00 0.000000000000000000e+00 4.472938635269344757e-05 2.986505473531614569e-07 1.316652717806087014e-08 9.567544772115887486e-05 0.000000000000000000e+00 0.000000000000000000e+00 0.000000000000000000e+00 0.000000000000000000e+00 0.000000000000000000e+00 0.000000000000000000e+00
3.250000000000000000e+03 8.239380883435291025e+01 2.058065185274049469e-02 0.000000000000000000e+00 2.318463585138416938e-01 0.000000000000000000e+00 7.466755909338996799e-01 3.694073862993881843e-04 2.748180741451146055e-05 3.386786906490521889e-04 0.000000000000000000e+00 3.705467585715455247e-07 0.000000000000000000e+00 0.000000000000000000e+00 0.000000000000000000e+00 5.283931760214265818e-05 3.689381854306663324e-07 1.599539503839174068e-08 1.082360172142355015e-04 0.000000000000000000e+00 0.000000000000000000e+00 0.000000000000000000e+00 0.000000000000000000e+00 0.000000000000000000e+00 0.000000000000000000e+00
3.275000000000000000e+03 8.269151242813128988e+01 2.057408574588508177e-02 0.000000000000000000e+00 2.317723868041708102e-01 0.000000000000000000e+00 7.466197098097456797e-01 4.110613980348355062e-04 3.069304390634988868e-05 4.067240001433836951e-04 0.000000000000000000e+00 4.229436128434645305e-07 0.000000000000000000e+00 0.000000000000000000e+00 0.000000000000000000e+00 6.223608478479233767e-05 4.543776951550026083e-07 1.937082954023067897e-08 1.222064211915206277e-04 0.000000000000000000e+00 0.000000000000000000e+00 0.000000000000000000e+00 0.000000000000000000e+00 0.000000000000000000e+00 0.000000000000000000e+00
3.300000000000000000e+03 8.300544924795529766e+01 2.056649305941386091e-02 0.000000000000000000e+00 2.316868532373227152e-01 0.000000000000000000e+00 7.465567169967033401e-01 4.565836380442016632e-04 3.421565644873813123e-05 4.872653960056901718e-04 0.000000000000000000e+00 4.816014735932640146e-07 0.000000000000000000e+00 0.000000000000000000e+00 0.000000000000000000e+00 7.309281670945150288e-05 5.579252778530866789e-07 2.338615699409059740e-08 1.377162864434313598e-04 0.000000000000000000e+00 0.000000000000000000e+00 0.000000000000000000e+00 0.000000000000000000e+00 0.000000000000000000e+00 0.000000000000000000e+00
3.325000000000000000e+03 8.333636901713359180e+01 2.055772318331393692e-02 0.000000000000000000e+00 2.315880638099674926e-01 0.000000000000000000e+00 7.464857664548946170e-01 5.062453283343239241e-04 3.807283554630453283e-05 5.823648695317096930e-04 0.000000000000000000e+00 5.471178739871574541e-07 0.000000000000000000e+00 0.000000000000000000e+00 0.000000000000000000e+00 8.560119378749761411e-05 6.830494062252677053e-07 2.814838101586093746e-08 1.549040089629362209e-04 0.000000000000000000e+00 0.000000000000000000e+00 0.000000000000000000e+00 0.000000000000000000e+00 0.000000000000000000e+00 0.000000000000000000e+00
3.350000000000000000e+03 8.368509815465816359e+01 2.054760594802775009e-02 0.000000000000000000e+00 2.314740884988951974e-01 0.000000000000000000e+00 7.464059301727528073e-01 5.603279589055152167e-04 4.228878714867201420e-05 6.943811902673954718e-04 0.000000000000000000e+00 6.201296522956824629e-07 0.000000000000000000e+00 0.000000000000000000e+00 0.000000000000000000e+00 9.997275785285857736e-05 8.338071294766324154e-07 3.377980039314149280e-08 1.739169695677046938e-04 0.000000000000000000e+00 0.000000000000000000e+00 0.000000000000000000e+00 0.000000000000000000e+00 0.000000000000000000e+00 0.000000000000000000e+00
3.375000000000000000e+03 8.405254965683018042e+01 2.053594880353303009e-02 0.000000000000000000e+00 2.313427651326278589e-01 0.000000000000000000e+00 7.463161611219648606e-01 6.191227005065720731e-04 4.688869159456798672e-05 8.260049580873357871e-04 0.000000000000000000e+00 7.013134281052761025e-07 0.000000000000000000e+00 0.000000000000000000e+00 0.000000000000000000e+00 1.164402103833840163e-04 1.014929185241144673e-06 4.041975657371219265e-08 1.949117189321218743e-04 0.000000000000000000e+00 0.000000000000000000e+00 0.000000000000000000e+00 0.000000000000000000e+00 0.000000000000000000e+00 0.000000000000000000e+00
3.400000000000000000e+03 8.443973757934719515e+01 2.052253493570642406e-02 0.000000000000000000e+00 2.311916561672127668e-01 0.000000000000000000e+00 7.462153001437443756e-01 6.829295607283445953e-04 5.189865009263896502e-05 9.802962568062829115e-04 0.000000000000000000e+00 7.913858215989220440e-07 0.000000000000000000e+00 0.000000000000000000e+00 0.000000000000000000e+00 1.352586926273865141e-04 1.231914775486594734e-06 4.822649702706197553e-08 2.180540659877553767e-04 0.000000000000000000e+00 0.000000000000000000e+00 0.000000000000000000e+00 0.000000000000000000e+00 0.000000000000000000e+00 0.000000000000000000e+00
3.425000000000000000e+03 8.484779866700519335e+01 2.050712005404541419e-02 0.000000000000000000e+00 2.310180051479818752e-01 0.000000000000000000e+00 7.461020823669138879e-01 7.520562347950821101e-04 5.734560824607367317e-05 1.160724921747464293e-03 0.000000000000000000e+00 8.911031471900421245e-07 0.000000000000000000e+00 0.000000000000000000e+00 0.000000000000000000e+00 1.567069745885374225e-04 1.491136236552472318e-06 5.737916271954750647e-08 2.435190731351169512e-04 0.000000000000000000e+00 0.000000000000000000e+00 0.000000000000000000e+00 0.000000000000000000e+00 0.000000000000000000e+00 0.000000000000000000e+00
3.450000000000000000e+03 8.527800185467432925e+01 2.048943125499624526e-02 0.000000000000000000e+00 2.308187328737341393e-01 0.000000000000000000e+00 7.459750994480423003e-01 8.268168744041428080e-04 6.325725958880064467e-05 1.371213439813949615e-03 0.000000000000000000e+00 1.001260770954967862e-06 0.000000000000000000e+00 0.000000000000000000e+00 0.000000000000000000e+00 1.810885810832890555e-04 1.799954380414538163e-06 6.807987995633055428e-08 2.714909733057954341e-04 0.000000000000000000e+00 0.000000000000000000e+00 0.000000000000000000e+00 0.000000000000000000e+00 0.000000000000000000e+00 0.000000000000000000e+00
3.475000000000000000e+03 8.573177474404013765e+01 2.046916210856739027e-02 0.000000000000000000e+00 2.305903960334953207e-01 0.000000000000000000e+00 7.458328023346885161e-01 9.075303146349885611e-04 6.966191944323142627e-05 1.616181557638598446e-03 0.000000000000000000e+00 1.122691666826363555e-06 0.000000000000000000e+00 0.000000000000000000e+00 0.000000000000000000e+00 2.087327484491800669e-04 2.166844226044835436e-06 8.055593835710575232e-08 3.021628912516231467e-04 0.000000000000000000e+00 0.000000000000000000e+00 0.000000000000000000e+00 0.000000000000000000e+00 0.000000000000000000e+00 0.000000000000000000e+00
3.500000000000000000e+03 8.621072132189264892e+01 2.044597165547427584e-02 0.000000000000000000e+00 2.303291484360633357e-01 0.000000000000000000e+00 7.456734956121946478e-01 9.945180991336761023e-04 7.658837849355890190e-05 1.900593249367210809e-03 0.000000000000000000e+00 1.256264568466573859e-06 0.000000000000000000e+00 0.000000000000000000e+00 0.000000000000000000e+00 2.399952323333860455e-04 2.601531522254236295e-06 9.506204766459470918e-08 3.357364788016949596e-04 0.000000000000000000e+00 0.000000000000000000e+00 0.000000000000000000e+00 0.000000000000000000e+00 0.000000000000000000e+00 0.000000000000000000e+00
3.525000000000000000e+03 8.671664411096605818e+01 2.041948032173550656e-02 0.000000000000000000e+00 2.300307205568138946e-01 0.000000000000000000e+00 7.454953173946204936e-01 1.088102026458059781e-03 8.406570333272997669e-05 2.230004005569536426e-03 0.000000000000000000e+00 1.402881083570874197e-06 0.000000000000000000e+00 0.000000000000000000e+00 0.000000000000000000e+00 2.752588237337873027e-04 3.115139694504272418e-06 1.118826058656183918e-07 3.724212643519603564e-04 0.000000000000000000e+00 0.000000000000000000e+00 0.000000000000000000e+00 0.000000000000000000e+00 0.000000000000000000e+00 0.000000000000000000e+00
3.550000000000000000e+03 8.725157114657739044e+01 2.038926877496426843e-02 0.000000000000000000e+00 2.296903765211480708e-01 0.000000000000000000e+00 7.452962391173130197e-01 1.188601230290298183e-03 9.212301782197762992e-05 2.610608764206421607e-03 0.000000000000000000e+00 1.563471968878739616e-06 0.000000000000000000e+00 0.000000000000000000e+00 0.000000000000000000e+00 3.149335827594471862e-04 3.720346015445155553e-06 1.313339969527324040e-07 4.124338395151320807e-04 0.000000000000000000e+00 0.000000000000000000e+00 0.000000000000000000e+00 0.000000000000000000e+00 0.000000000000000000e+00 0.000000000000000000e+00
3.575000000000000000e+03 8.781778329219137902e+01 2.035487230475834658e-02 0.000000000000000000e+00 2.293028937416376478e-01 0.000000000000000000e+00 7.450740494742055242e-01 1.296328718548720544e-03 1.007892237798400903e-04 3.049288808374237599e-03 0.000000000000000000e+00 1.738992149411194682e-06 0.000000000000000000e+00 0.000000000000000000e+00 0.000000000000000000e+00 3.594566859467439811e-04 4.431546755142280500e-06 1.537667954152711114e-07 4.559967370489157313e-04 0.000000000000000000e+00 0.000000000000000000e+00 0.000000000000000000e+00 0.000000000000000000e+00 0.000000000000000000e+00 0.000000000000000000e+00
3.600000000000000000e+03 8.841783940901220262e+01 2.031578145610537026e-02 0.000000000000000000e+00 2.288625242745336019e-01 0.000000000000000000e+00 7.448263545686271137e-01 1.411587299171156770e-03 1.100926850414446202e-04 3.553655964472716717e-03 0.000000000000000000e+00 1.930414884875555902e-06 0.000000000000000000e+00 0.000000000000000000e+00 0.000000000000000000e+00 4.092917676240794217e-04 5.265028496601541220e-06 1.795678760167943179e-07 5.033369731669835824e-04 0.000000000000000000e+00 0.000000000000000000e+00 0.000000000000000000e+00 0.000000000000000000e+00 0.000000000000000000e+00 0.000000000000000000e+00
3.625000000000000000e+03 8.905460935920271481e+01 2.027143745837299907e-02 0.000000000000000000e+00 2.283629771968274658e-01 0.000000000000000000e+00 7.445505670847341051e-01 1.534665094352024835e-03 1.200608444720669397e-04 4.132093296722875314e-03 0.000000000000000000e+00 2.138724053558888711e-06 0.000000000000000000e+00 0.000000000000000000e+00 0.000000000000000000e+00 4.649277405389060916e-04 6.239143669734729955e-06 2.091622965774617659e-07 5.546842539595673010e-04 0.000000000000000000e+00 0.000000000000000000e+00 0.000000000000000000e+00 0.000000000000000000e+00 0.000000000000000000e+00 0.000000000000000000e+00
3.650000000000000000e+03 8.973130750396971678e+01 2.022123177869159655e-02 0.000000000000000000e+00 2.277973969818655187e-01 0.000000000000000000e+00 7.442439045501620942e-01 1.665829951606462430e-03 1.307197931924825680e-04 4.793788903715640731e-03 0.000000000000000000e+00 2.364905119899882768e-06 0.000000000000000000e+00 0.000000000000000000e+00 0.000000000000000000e+00 5.268768487731242825e-04 7.374486445121755199e-06 2.430149038381166034e-07 6.102687855243546207e-04 0.000000000000000000e+00 0.000000000000000000e+00 0.000000000000000000e+00 0.000000000000000000e+00 0.000000000000000000e+00 0.000000000000000000e+00
3.675000000000000000e+03 9.045152203643573330e+01 2.016450484287388503e-02 0.000000000000000000e+00 2.271583530294143116e-01 0.000000000000000000e+00 7.439033876612793916e-01 1.805323548845430429e-03 1.420937732556184542e-04 5.548760969216063980e-03 0.000000000000000000e+00 2.609934420880741170e-06 0.000000000000000000e+00 0.000000000000000000e+00 0.000000000000000000e+00 5.956720135730766887e-04 8.694065832191728499e-06 2.816315301973502123e-07 6.703185297591703843e-04 0.000000000000000000e+00 0.000000000000000000e+00 0.000000000000000000e+00 0.000000000000000000e+00 0.000000000000000000e+00 0.000000000000000000e+00
3.700000000000000000e+03 9.121925646049038505e+01 2.010054444883585534e-02 0.000000000000000000e+00 2.264378236152600754e-01 0.000000000000000000e+00 7.435258595162702600e-01 1.953354458305208916e-03 1.542045968765162192e-04 6.407870383620539387e-03 0.000000000000000000e+00 2.874766186205568902e-06 0.000000000000000000e+00 0.000000000000000000e+00 0.000000000000000000e+00 6.718631785848663785e-04 1.022346715051656991e-05 3.255596000232004870e-07 7.350560093100007861e-04 0.000000000000000000e+00 0.000000000000000000e+00 0.000000000000000000e+00 0.000000000000000000e+00 0.000000000000000000e+00 0.000000000000000000e+00
3.725000000000000000e+03 9.203896153289696258e+01 2.002858917394825800e-02 0.000000000000000000e+00 2.256272261332691043e-01 0.000000000000000000e+00 7.431079692076365539e-01 2.110090681876126539e-03 1.670710422866749213e-04 7.382819745677781341e-03 0.000000000000000000e+00 3.160318055495496914e-06 0.000000000000000000e+00 0.000000000000000000e+00 0.000000000000000000e+00 7.560126738171776438e-04 1.199100059693932491e-05 3.753881403878762433e-07 8.046946346954678446e-04 0.000000000000000000e+00 0.000000000000000000e+00 0.000000000000000000e+00 0.000000000000000000e+00 0.000000000000000000e+00 0.000000000000000000e+00
3.750000000000000000e+03 9.291557836756146571e+01 1.994782726188090369e-02 0.000000000000000000e+00 2.247174238423696457e-01 0.000000000000000000e+00 7.426462096024470938e-01 2.275651195251238851e-03 1.807081215523904591e-04 8.486129397913421205e-03 0.000000000000000000e+00 3.467453919625950643e-06 0.000000000000000000e+00 0.000000000000000000e+00 0.000000000000000000e+00 8.486893643852956104e-04 1.402782173507082163e-05 4.317468369943413955e-07 8.794341917081606409e-04 0.000000000000000000e+00 0.000000000000000000e+00 0.000000000000000000e+00 0.000000000000000000e+00 0.000000000000000000e+00 0.000000000000000000e+00
3.775000000000000000e+03 9.385457282168604820e+01 1.985740264310763281e-02 0.000000000000000000e+00 2.236987638017169655e-01 0.000000000000000000e+00 7.421369380609658117e-01 2.450097076440535364e-03 1.951263485699358292e-04 9.731094100473545311e-03 0.000000000000000000e+00 3.796965168879186411e-06 0.000000000000000000e+00 0.000000000000000000e+00 0.000000000000000000e+00 9.504615886067553426e-04 1.636802148816392951e-05 4.953041627291657762e-07 9.594560892991531656e-04 0.000000000000000000e+00 0.000000000000000000e+00 0.000000000000000000e+00 0.000000000000000000e+00 0.000000000000000000e+00 0.000000000000000000e+00
3.800000000000000000e+03 9.486197946376941559e+01 1.975641902551523651e-02 0.000000000000000000e+00 2.225611617558891364e-01 0.000000000000000000e+00 7.415763869780320761e-01 2.633421947536823682e-03 2.103308977808598273e-04 1.113170810490708533e-02 0.000000000000000000e+00 4.149549204705875768e-06 0.000000000000000000e+00 0.000000000000000000e+00 0.000000000000000000e+00 1.061888697931408611e-03 1.904866796203917345e-05 5.667642106062926306e-07 1.044917611029999409e-03 0.000000000000000000e+00 0.000000000000000000e+00 0.000000000000000000e+00 0.000000000000000000e+00 0.000000000000000000e+00 0.000000000000000000e+00
