# T Ptot H He C N O Na K Si Ar Ti V S Cl Mg Al Ca Fe Cr Li Cs Rb F P
1.500000000000000000e+03 6.418759269388509381e+01 1.236093960483375734e-03 0.000000000000000000e+00 2.437459515906649221e-01 0.000000000000000000e+00 7.550179544329504999e-01 1.493313738356853740e-11 5.991638044977298725e-13 4.482465928743531131e-15 0.000000000000000000e+00 6.413807447011474122e-17 0.000000000000000000e+00 0.000000000000000000e+00 0.000000000000000000e+00 9.106515884879741078e-17 2.005051591204746767e-20 7.599415389988828241e-22 3.644107092077967430e-13 0.000000000000000000e+00 0.000000000000000000e+00 0.000000000000000000e+00 0.000000000000000000e+00 0.000000000000000000e+00 0.000000000000000000e+00
1.525000000000000000e+03 6.418762103869588032e+01 1.236093940254848547e-03 0.000000000000000000e+00 2.437459541646185279e-01 0.000000000000000000e+00 7.550179518678198365e-01 2.556452089833966991e-11 1.047748360593006302e-12 9.583994261332516015e-15 0.000000000000000000e+00 1.336006805846970888e-16 0.000000000000000000e+00 0.000000000000000000e+00 0.000000000000000000e+00 2.169295985089045387e-16 5.127072548451847627e-20 2.066153549607464657e-21 6.846514695101596519e-13 0.000000000000000000e+00 0.000000000000000000e+00 0.000000000000000000e+00 0.000000000000000000e+00 0.000000000000000000e+00 0.000000000000000000e+00
1.550000000000000000e+03 6.418765755980192012e+01 1.236093933828676236e-03 0.000000000000000000e+00 2.437459542752311581e-01 0.000000000000000000e+00 7.550179517448672994e-01 4.299508942848304267e-11 1.798492479967017992e-12 1.998265124091594913e-14 0.000000000000000000e+00 2.713326862187040368e-16 0.000000000000000000e+00 0.000000000000000000e+00 0.000000000000000000e+00 5.018262503869278887e-16 1.270714254996394393e-19 5.414818496791383793e-21 1.258738256185441895e-12 0.000000000000000000e+00 0.000000000000000000e+00 0.000000000000000000e+00 0.000000000000000000e+00 0.000000000000000000e+00 0.000000000000000000e+00
1.575000000000000000e+03 6.418770394350931952e+01 1.236093947042642398e-03 0.000000000000000000e+00 2.437459547234257784e-01 0.000000000000000000e+00 7.550179512530904580e-01 7.109872079048110626e-11 3.033098707497214618e-12 4.067848393737245102e-14 0.000000000000000000e+00 5.379375514196540708e-16 0.000000000000000000e+00 0.000000000000000000e+00 0.000000000000000000e+00 1.128932310148262230e-15 3.057172417250760208e-19 1.370645324345629907e-20 2.266976991883308803e-12 0.000000000000000000e+00 0.000000000000000000e+00 0.000000000000000000e+00 0.000000000000000000e+00 0.000000000000000000e+00 0.000000000000000000e+00
1.600000000000000000e+03 6.418776264104370455e+01 1.236093942194801520e-03 0.000000000000000000e+00 2.437459568457914505e-01 0.000000000000000000e+00 7.550179490872018784e-01 1.156939624667017537e-10 5.029822250344182416e-12 8.094254469270420372e-14 0.000000000000000000e+00 1.042316716541260210e-15 0.000000000000000000e+00 0.000000000000000000e+00 0.000000000000000000e+00 2.473068795328755013e-15 7.149962112712561074e-19 3.357402498514088764e-20 4.003446378568326096e-12 0.000000000000000000e+00 0.000000000000000000e+00 0.000000000000000000e+00 0.000000000000000000e+00 0.000000000000000000e+00 0.000000000000000000e+00
1.625000000000000000e+03 6.418783739466678639e+01 1.236093931232497105e-03 0.000000000000000000e+00 2.437459524488568841e-01 0.000000000000000000e+00 7.550179534192074104e-01 1.853910278239909756e-10 8.208173789477492704e-12 1.575993886233652221e-13 0.000000000000000000e+00 1.975950860699893108e-15 0.000000000000000000e+00 0.000000000000000000e+00 0.000000000000000000e+00 5.281981398755947851e-15 1.627720539794844697e-18 7.972197543883480129e-20 6.939032858982047914e-12 0.000000000000000000e+00 0.000000000000000000e+00 0.000000000000000000e+00 0.000000000000000000e+00 0.000000000000000000e+00 0.000000000000000000e+00
1.650000000000000000e+03 6.418793074408421262e+01 1.236093931051493672e-03 0.000000000000000000e+00 2.437459546772659247e-01 0.000000000000000000e+00 7.550179510736095834e-01 2.927517029516500569e-10 1.319129122218468748e-11 3.005627520780119498e-13 0.000000000000000000e+00 3.668620834415426351e-15 0.000000000000000000e+00 0.000000000000000000e+00 0.000000000000000000e+00 1.101173903654762392e-14 3.611552383253209211e-18 1.838040660686355940e-19 1.181462928191219110e-11 0.000000000000000000e+00 0.000000000000000000e+00 0.000000000000000000e+00 0.000000000000000000e+00 0.000000000000000000e+00 0.000000000000000000e+00
1.675000000000000000e+03 6.418804883236489900e+01 1.236093948810439895e-03 0.000000000000000000e+00 2.437459528552110843e-01 0.000000000000000000e+00 7.550179526988624046e-01 4.558567621402338889e-10 2.089175384115826433e-11 5.619923556559670472e-13 0.000000000000000000e+00 6.677204857219216030e-15 0.000000000000000000e+00 0.000000000000000000e+00 0.000000000000000000e+00 2.243309279412817748e-14 7.819148933733763633e-18 4.120901222568476779e-19 1.977665917856256976e-11 0.000000000000000000e+00 0.000000000000000000e+00 0.000000000000000000e+00 0.000000000000000000e+00 0.000000000000000000e+00 0.000000000000000000e+00
1.700000000000000000e+03 6.418819710714609528e+01 1.236093934722821454e-03 0.000000000000000000e+00 2.437459514012399742e-01 0.000000000000000000e+00 7.550179538973530446e-01 7.003972185398773302e-10 3.262808850560849752e-11 1.031165158298463076e-12 0.000000000000000000e+00 1.192455038688578620e-14 0.000000000000000000e+00 0.000000000000000000e+00 0.000000000000000000e+00 4.470380259535451006e-14 1.653713452208926756e-17 8.997098066082816288e-19 3.257105476824138123e-11 0.000000000000000000e+00 0.000000000000000000e+00 0.000000000000000000e+00 0.000000000000000000e+00 0.000000000000000000e+00 0.000000000000000000e+00
1.725000000000000000e+03 6.418838172451623336e+01 1.236093942617858942e-03 0.000000000000000000e+00 2.437459503208725953e-01 0.000000000000000000e+00 7.550179545690144378e-01 1.062431008267383945e-09 5.028094773567419392e-11 1.858209510132852371e-12 0.000000000000000000e+00 2.091279559083497707e-14 0.000000000000000000e+00 0.000000000000000000e+00 0.000000000000000000e+00 8.722555394064923886e-14 3.420206659452073683e-17 1.915394518665996907e-18 5.281674802167119011e-11 0.000000000000000000e+00 0.000000000000000000e+00 0.000000000000000000e+00 0.000000000000000000e+00 0.000000000000000000e+00 0.000000000000000000e+00
1.750000000000000000e+03 6.418860941860111780e+01 1.236093964524601421e-03 0.000000000000000000e+00 2.437459515387919162e-01 0.000000000000000000e+00 7.550179527403287905e-01 1.591974924166124345e-09 7.649994436283182925e-11 3.291360586492958251e-12 0.000000000000000000e+00 3.604549721644160760e-14 0.000000000000000000e+00 0.000000000000000000e+00 0.000000000000000000e+00 1.667956683882381631e-13 6.924146095916539941e-17 3.981021293184102422e-18 8.438576874875810533e-11 0.000000000000000000e+00 0.000000000000000000e+00 0.000000000000000000e+00 0.000000000000000000e+00 0.000000000000000000e+00 0.000000000000000000e+00
1.775000000000000000e+03 6.418889190823183810e+01 1.236093944887095390e-03 0.000000000000000000e+00 2.437459531654172784e-01 0.000000000000000000e+00 7.550179502780550722e-01 2.357633355903516572e-09 1.149744071501744295e-10 5.734525864104586436e-12 0.000000000000000000e+00 6.110617490557189045e-14 0.000000000000000000e+00 0.000000000000000000e+00 0.000000000000000000e+00 3.128548379340339866e-13 1.373436358657522776e-16 8.087451509482113568e-18 1.329243113510859079e-10 0.000000000000000000e+00 0.000000000000000000e+00 0.000000000000000000e+00 0.000000000000000000e+00 0.000000000000000000e+00 0.000000000000000000e+00
1.800000000000000000e+03 6.418923932753983763e+01 1.236093943262601014e-03 0.000000000000000000e+00 2.437459532205210055e-01 0.000000000000000000e+00 7.550179489958601664e-01 3.452501099031763750e-09 1.707839612333613084e-10 9.834908470649440814e-12 0.000000000000000000e+00 1.019582348722155246e-13 0.000000000000000000e+00 0.000000000000000000e+00 0.000000000000000000e+00 5.760663749567905320e-13 2.671553183038854430e-16 1.607602050816094153e-17 2.065577934286859076e-10 0.000000000000000000e+00 0.000000000000000000e+00 0.000000000000000000e+00 0.000000000000000000e+00 0.000000000000000000e+00 0.000000000000000000e+00
1.825000000000000000e+03 6.418966555787001482e+01 1.236093915560932148e-03 0.000000000000000000e+00 2.437459518913127898e-01 0.000000000000000000e+00 7.550179486069459323e-01 5.001614149564791471e-09 2.499082953171715726e-10 1.661449696611851028e-11 0.000000000000000000e+00 1.675534982694853782e-13 0.000000000000000000e+00 0.000000000000000000e+00 0.000000000000000000e+00 1.042098354553424930e-12 5.100302520297733073e-16 3.129929714868361387e-17 3.168330453773368925e-10 0.000000000000000000e+00 0.000000000000000000e+00 0.000000000000000000e+00 0.000000000000000000e+00 0.000000000000000000e+00 0.000000000000000000e+00
1.850000000000000000e+03 6.419018519170620607e+01 1.236093920045938698e-03 0.000000000000000000e+00 2.437459506410256382e-01 0.000000000000000000e+00 7.550179473948240849e-01 7.171265695544556720e-09 3.630855924410088345e-10 2.766472981331853974e-11 0.000000000000000000e+00 2.713648447916258596e-13 0.000000000000000000e+00 0.000000000000000000e+00 0.000000000000000000e+00 1.853396199700576760e-12 9.564218961375225579e-16 5.974371929600033209e-17 4.799624348343799908e-10 0.000000000000000000e+00 0.000000000000000000e+00 0.000000000000000000e+00 0.000000000000000000e+00 0.000000000000000000e+00 0.000000000000000000e+00
1.875000000000000000e+03 6.419081603778067802e+01 1.236093933440164530e-03 0.000000000000000000e+00 2.437459484300111279e-01 0.000000000000000000e+00 7.550179461663575342e-01 1.018054516219717690e-08 5.220882003842068330e-10 4.543100598873313203e-11 0.000000000000000000e+00 4.333937705168455591e-13 0.000000000000000000e+00 0.000000000000000000e+00 0.000000000000000000e+00 3.243030909566844899e-12 1.762995560720618780e-15 1.119023167351001342e-16 7.184482637017195152e-10 0.000000000000000000e+00 0.000000000000000000e+00 0.000000000000000000e+00 0.000000000000000000e+00 0.000000000000000000e+00 0.000000000000000000e+00
1.900000000000000000e+03 6.419157959992254803e+01 1.236093917140468996e-03 0.000000000000000000e+00 2.437459464160263989e-01 0.000000000000000000e+00 7.550179434649504362e-01 1.431550581078876642e-08 7.433005485806003348e-10 7.362346709984715400e-11 0.000000000000000000e+00 6.829468694790899801e-13 0.000000000000000000e+00 0.000000000000000000e+00 0.000000000000000000e+00 5.586517974713429529e-12 3.196766374328641838e-15 2.058445751171584146e-16 1.063180308966638808e-09 0.000000000000000000e+00 0.000000000000000000e+00 0.000000000000000000e+00 0.000000000000000000e+00 0.000000000000000000e+00 0.000000000000000000e+00
1.925000000000000000e+03 6.419249946310375776e+01 1.236093901794003145e-03 0.000000000000000000e+00 2.437459467850317529e-01 0.000000000000000000e+00 7.550179366341015497e-01 1.994641251967096993e-08 1.048191440321376501e-09 1.178032793004753567e-10 0.000000000000000000e+00 1.062428169485646394e-12 0.000000000000000000e+00 0.000000000000000000e+00 0.000000000000000000e+00 9.479988926325338892e-12 5.705880575741705397e-15 3.721656188465423663e-16 1.556117038086793123e-09 0.000000000000000000e+00 0.000000000000000000e+00 0.000000000000000000e+00 0.000000000000000000e+00 0.000000000000000000e+00 0.000000000000000000e+00
1.950000000000000000e+03 6.419360298128333397e+01 1.236093881803496932e-03 0.000000000000000000e+00 2.437459412162544803e-01 0.000000000000000000e+00 7.550179334313364965e-01 2.754856850886720128e-08 1.464648739657573980e-09 1.862102611130446589e-10 0.000000000000000000e+00 1.632457010862579403e-12 0.000000000000000000e+00 0.000000000000000000e+00 0.000000000000000000e+00 1.585646306331831167e-11 1.003150274010099323e-14 6.618394889522076466e-16 2.253678285714810327e-09 0.000000000000000000e+00 0.000000000000000000e+00 0.000000000000000000e+00 0.000000000000000000e+00 0.000000000000000000e+00 0.000000000000000000e+00
1.975000000000000000e+03 6.419492194497624382e+01 1.236093869126119772e-03 0.000000000000000000e+00 2.437459363183663852e-01 0.000000000000000000e+00 7.550179265060706912e-01 3.772726846457053633e-08 2.028597908384404388e-09 2.909191462068738647e-10 0.000000000000000000e+00 2.478695521920602239e-12 0.000000000000000000e+00 0.000000000000000000e+00 0.000000000000000000e+00 2.615646385623619138e-11 1.738226546317518404e-14 1.158492769480917801e-15 3.230997560938787540e-09 0.000000000000000000e+00 0.000000000000000000e+00 0.000000000000000000e+00 0.000000000000000000e+00 0.000000000000000000e+00 0.000000000000000000e+00
2.000000000000000000e+03 6.419649148686274032e+01 1.236093816509984799e-03 0.000000000000000000e+00 2.437459314495452056e-01 0.000000000000000000e+00 7.550179156175516049e-01 5.124747123914867191e-08 2.785950165496705922e-09 4.494392058929429456e-10 0.000000000000000000e+00 3.720857214328021864e-12 0.000000000000000000e+00 0.000000000000000000e+00 0.000000000000000000e+00 4.257514119038209613e-11 2.970273311498934091e-14 1.997310984006685998e-15 4.587204788523325521e-09 0.000000000000000000e+00 0.000000000000000000e+00 0.000000000000000000e+00 0.000000000000000000e+00 0.000000000000000000e+00 0.000000000000000000e+00
2.025000000000000000e+03 6.419835238966153668e+01 1.236093781804003871e-03 0.000000000000000000e+00 2.437459213306413519e-01 0.000000000000000000e+00 7.550179048109928459e-01 6.906880380692225262e-08 3.794927864571810108e-09 6.869067342548497435e-10 0.000000000000000000e+00 5.524466462166556713e-12 0.000000000000000000e+00 0.000000000000000000e+00 0.000000000000000000e+00 6.841576334016700033e-11 5.010461978063919239e-14 3.393761107438830884e-15 6.451929767472630785e-09 0.000000000000000000e+00 0.000000000000000000e+00 0.000000000000000000e+00 0.000000000000000000e+00 0.000000000000000000e+00 0.000000000000000000e+00
2.050000000000000000e+03 6.420054989591757533e+01 1.236093738936661166e-03 0.000000000000000000e+00 2.437459088146216313e-01 0.000000000000000000e+00 7.550178897817952928e-01 9.238671506920427643e-08 5.128826972614514332e-09 1.039064260823571501e-09 0.000000000000000000e+00 8.116055449245823985e-12 0.000000000000000000e+00 0.000000000000000000e+00 0.000000000000000000e+00 1.085893966216140781e-10 8.340622129817726748e-14 5.686652918310084504e-15 8.993245439400806591e-09 0.000000000000000000e+00 0.000000000000000000e+00 0.000000000000000000e+00 0.000000000000000000e+00 0.000000000000000000e+00 0.000000000000000000e+00
2.075000000000000000e+03 6.420313457176038696e+01 1.236093669465187020e-03 0.000000000000000000e+00 2.437458997842700259e-01 0.000000000000000000e+00 7.550178628209900378e-01 1.226801891046688487e-07 6.879259998823056077e-09 1.556274541365970291e-09 0.000000000000000000e+00 1.180260715976571360e-11 0.000000000000000000e+00 0.000000000000000000e+00 0.000000000000000000e+00 1.703129241557948792e-10 1.371378927937017951e-13 9.401882577515059723e-15 1.242728887914795349e-08 0.000000000000000000e+00 0.000000000000000000e+00 0.000000000000000000e+00 0.000000000000000000e+00 0.000000000000000000e+00 0.000000000000000000e+00
2.100000000000000000e+03 6.420616467222833990e+01 1.236093566542989563e-03 0.000000000000000000e+00 2.437458809946811689e-01 0.000000000000000000e+00 7.550178348916474214e-01 1.617671454699624319e-07 9.159957912424733008e-09 2.308888165932785386e-09 0.000000000000000000e+00 1.699620455905093354e-11 0.000000000000000000e+00 0.000000000000000000e+00 0.000000000000000000e+00 2.640736814211663996e-10 2.228243243697553962e-13 1.534565232785515421e-14 1.702982864683766546e-08 0.000000000000000000e+00 0.000000000000000000e+00 0.000000000000000000e+00 0.000000000000000000e+00 0.000000000000000000e+00 0.000000000000000000e+00
2.125000000000000000e+03 6.420970339576044239e+01 1.236093473529786086e-03 0.000000000000000000e+00 2.437458563469636630e-01 0.000000000000000000e+00 7.550177992262440130e-01 2.118680635486124587e-07 1.211118506989272624e-08 3.394367939299403312e-09 0.000000000000000000e+00 2.424498663734491833e-11 0.000000000000000000e+00 0.000000000000000000e+00 0.000000000000000000e+00 4.049481312629814173e-10 3.579412805157247555e-13 2.473922282053210402e-14 2.315007026995957592e-08 0.000000000000000000e+00 0.000000000000000000e+00 0.000000000000000000e+00 0.000000000000000000e+00 0.000000000000000000e+00 0.000000000000000000e+00
2.150000000000000000e+03 6.421382221412096669e+01 1.236093311878549419e-03 0.000000000000000000e+00 2.437458293302400547e-01 0.000000000000000000e+00 7.550177489513618667e-01 2.756787226777319860e-07 1.590483689176737421e-08 4.946679630294756225e-09 0.000000000000000000e+00 3.427169545532696849e-11 0.000000000000000000e+00 0.000000000000000000e+00 0.000000000000000000e+00 6.143861774391686896e-10 5.687138692111271592e-13 3.941152997705177286e-14 3.122701428649123589e-08 0.000000000000000000e+00 0.000000000000000000e+00 0.000000000000000000e+00 0.000000000000000000e+00 0.000000000000000000e+00 0.000000000000000000e+00
2.175000000000000000e+03 6.421859856027366220e+01 1.236093107309638780e-03 0.000000000000000000e+00 2.437457886413692265e-01 0.000000000000000000e+00 7.550176911193007268e-01 3.564528321992120858e-07 2.075029384374104431e-08 7.148591828221868677e-09 0.000000000000000000e+00 4.802126997702597837e-11 0.000000000000000000e+00 0.000000000000000000e+00 0.000000000000000000e+00 9.226018457202906252e-10 8.941054580039860183e-13 6.207159099603337224e-14 4.180872354523050413e-08 0.000000000000000000e+00 0.000000000000000000e+00 0.000000000000000000e+00 0.000000000000000000e+00 0.000000000000000000e+00 0.000000000000000000e+00
2.200000000000000000e+03 6.422411857530414636e+01 1.236092876861240352e-03 0.000000000000000000e+00 2.437457410550576686e-01 0.000000000000000000e+00 7.550176138089882416e-01 4.580955081020107884e-07 2.690110035743705039e-08 1.024768577918290067e-08 0.000000000000000000e+00 6.671912855597524845e-11 0.000000000000000000e+00 0.000000000000000000e+00 0.000000000000000000e+00 1.371745793390666070e-09 1.391452192781513823e-12 9.668980145369914429e-14 5.557484559375878672e-08 0.000000000000000000e+00 0.000000000000000000e+00 0.000000000000000000e+00 0.000000000000000000e+00 0.000000000000000000e+00 0.000000000000000000e+00
2.225000000000000000e+03 6.423047851553707233e+01 1.236092551138823648e-03 0.000000000000000000e+00 2.437456800266803725e-01 0.000000000000000000e+00 7.550175174372854014e-01 5.852681508344911537e-07 3.466254577103776133e-08 1.457707595015447167e-08 0.000000000000000000e+00 9.194198871292836340e-11 0.000000000000000000e+00 0.000000000000000000e+00 0.000000000000000000e+00 2.020078830816630624e-09 2.144353061906395721e-12 1.490264024502029198e-13 7.336280872975715759e-08 0.000000000000000000e+00 0.000000000000000000e+00 0.000000000000000000e+00 0.000000000000000000e+00 0.000000000000000000e+00 0.000000000000000000e+00
2.250000000000000000e+03 6.423778024921907104e+01 1.236092163703690627e-03 0.000000000000000000e+00 2.437456045439359564e-01 0.000000000000000000e+00 7.550173955293536521e-01 7.435059957891929806e-07 4.440022398871598504e-08 2.058208360504040731e-08 0.000000000000000000e+00 1.257032739428587309e-10 0.000000000000000000e+00 0.000000000000000000e+00 0.000000000000000000e+00 2.947401379867153058e-09 3.273626108545185912e-12 2.273570026421470138e-13 9.619809758697634257e-08 0.000000000000000000e+00 0.000000000000000000e+00 0.000000000000000000e+00 0.000000000000000000e+00 0.000000000000000000e+00 0.000000000000000000e+00
2.275000000000000000e+03 6.424613890432378582e+01 1.236091688035199053e-03 0.000000000000000000e+00 2.437455059094952303e-01 0.000000000000000000e+00 7.550172478829325629e-01 9.393485165054431620e-07 5.654963852980098719e-08 2.885439767007518711e-08 0.000000000000000000e+00 1.705553441465786575e-10 0.000000000000000000e+00 0.000000000000000000e+00 0.000000000000000000e+00 4.262088942916531250e-09 4.952400912295601472e-12 3.434595819145812523e-13 1.253290441515738436e-07 0.000000000000000000e+00 0.000000000000000000e+00 0.000000000000000000e+00 0.000000000000000000e+00 0.000000000000000000e+00 0.000000000000000000e+00
2.300000000000000000e+03 6.425567746046961304e+01 1.236091053801462560e-03 0.000000000000000000e+00 2.437453803636676075e-01 0.000000000000000000e+00 7.550170676814733639e-01 1.180484157216855454e-06 7.162694302511553451e-08 4.017561355491382371e-08 0.000000000000000000e+00 2.297110507997465725e-10 0.000000000000000000e+00 0.000000000000000000e+00 0.000000000000000000e+00 6.110089240338662080e-09 7.426749547180171763e-12 5.139454136392447208e-13 1.622666028819710896e-07 0.000000000000000000e+00 0.000000000000000000e+00 0.000000000000000000e+00 0.000000000000000000e+00 0.000000000000000000e+00 0.000000000000000000e+00
2.325000000000000000e+03 6.426653007672197759e+01 1.236090291648762234e-03 0.000000000000000000e+00 2.437452304925371016e-01 0.000000000000000000e+00 7.550168396580823060e-01 1.475909425994693995e-06 9.024087067811981947e-08 5.557246842819905693e-08 0.000000000000000000e+00 3.071871760033005793e-10 0.000000000000000000e+00 0.000000000000000000e+00 0.000000000000000000e+00 8.686369496964919967e-09 1.104367998570546240e-11 7.620386809913869073e-13 2.088296046393328890e-07 0.000000000000000000e+00 0.000000000000000000e+00 0.000000000000000000e+00 0.000000000000000000e+00 0.000000000000000000e+00 0.000000000000000000e+00
2.350000000000000000e+03 6.427883990253683066e+01 1.236089365781031877e-03 0.000000000000000000e+00 2.437450475241498549e-01 0.000000000000000000e+00 7.550165576430564185e-01 1.836103752886347917e-06 1.131059453754825780e-07 7.638662476941511649e-08 0.000000000000000000e+00 4.079727618951746249e-10 0.000000000000000000e+00 0.000000000000000000e+00 0.000000000000000000e+00 1.224935794440930973e-08 1.628885184109746610e-11 1.119936785661634240e-12 2.671959503835032557e-07 0.000000000000000000e+00 0.000000000000000000e+00 0.000000000000000000e+00 0.000000000000000000e+00 0.000000000000000000e+00 0.000000000000000000e+00
2.375000000000000000e+03 6.429276430712867807e+01 1.236088190599327107e-03 0.000000000000000000e+00 2.437448189669781384e-01 0.000000000000000000e+00 7.550162165400992054e-01 2.273219852594041691e-06 1.410570215396411310e-07 1.043624369186894978e-07 0.000000000000000000e+00 5.382251750722197164e-10 0.000000000000000000e+00 0.000000000000000000e+00 0.000000000000000000e+00 1.713902349981196334e-08 2.383704228611958670e-11 1.631915931246167475e-12 3.399602949335387703e-07 0.000000000000000000e+00 0.000000000000000000e+00 0.000000000000000000e+00 0.000000000000000000e+00 0.000000000000000000e+00 0.000000000000000000e+00
2.400000000000000000e+03 6.430847010785228690e+01 1.236086760798674232e-03 0.000000000000000000e+00 2.437445393353173118e-01 0.000000000000000000e+00 7.550158010501020200e-01 2.801291022867872513e-06 1.750652201815530322e-07 1.417569318361907448e-07 0.000000000000000000e+00 7.054972570402292634e-10 0.000000000000000000e+00 0.000000000000000000e+00 0.000000000000000000e+00 2.379935616324899532e-08 3.461922838358407688e-11 2.358387114901186532e-12 4.301987760590652827e-07 0.000000000000000000e+00 0.000000000000000000e+00 0.000000000000000000e+00 0.000000000000000000e+00 0.000000000000000000e+00 0.000000000000000000e+00
2.425000000000000000e+03 6.432613614061506269e+01 1.236085029248681650e-03 0.000000000000000000e+00 2.437441989471787196e-01 0.000000000000000000e+00 7.550152965159817597e-01 3.436455530220225059e-06 2.162553529122360409e-07 1.914770703044286477e-07 0.000000000000000000e+00 9.189987728434590309e-10 0.000000000000000000e+00 0.000000000000000000e+00 0.000000000000000000e+00 3.280611683992260859e-08 4.991119283097325045e-11 3.381154095368881848e-12 5.415412295256546465e-07 0.000000000000000000e+00 0.000000000000000000e+00 0.000000000000000000e+00 0.000000000000000000e+00 0.000000000000000000e+00 0.000000000000000000e+00
2.450000000000000000e+03 6.434595487807010272e+01 1.236082923263569656e-03 0.000000000000000000e+00 2.437437795810103724e-01 0.000000000000000000e+00 7.550146927042273859e-01 4.197197699977943200e-06 2.659248118234515201e-07 2.572503979050157024e-07 0.000000000000000000e+00 1.189895700881082049e-09 0.000000000000000000e+00 0.000000000000000000e+00 0.000000000000000000e+00 4.490086525691102164e-08 7.144984784591979966e-11 4.810181854505055701e-12 6.782515678399039955e-07 0.000000000000000000e+00 0.000000000000000000e+00 0.000000000000000000e+00 0.000000000000000000e+00 0.000000000000000000e+00 0.000000000000000000e+00
2.475000000000000000e+03 6.436812951152271012e+01 1.236080335174734833e-03 0.000000000000000000e+00 2.437432713189024991e-01 0.000000000000000000e+00 7.550139663483870223e-01 5.104607651663160011e-06 3.255640749281216016e-07 3.438365328509564635e-07 0.000000000000000000e+00 1.531650812812752678e-09 0.000000000000000000e+00 0.000000000000000000e+00 0.000000000000000000e+00 6.103240495657164165e-08 1.015850114668193049e-10 6.792250105677302354e-12 8.453168432478032850e-07 0.000000000000000000e+00 0.000000000000000000e+00 0.000000000000000000e+00 0.000000000000000000e+00 0.000000000000000000e+00 0.000000000000000000e+00
2.500000000000000000e+03 6.439287533616835901e+01 1.236077240930869578e-03 0.000000000000000000e+00 2.437426601729887343e-01 0.000000000000000000e+00 7.550130926953509958e-01 6.182657920898846734e-06 3.968787465659823281e-07 4.572881441496429595e-07 0.000000000000000000e+00 1.960409186812696668e-09 0.000000000000000000e+00 0.000000000000000000e+00 0.000000000000000000e+00 8.240695976035193796e-08 1.434763642951725255e-10 9.521943848529872978e-12 1.048545550633621997e-06 0.000000000000000000e+00 0.000000000000000000e+00 0.000000000000000000e+00 0.000000000000000000e+00 0.000000000000000000e+00 0.000000000000000000e+00
2.525000000000000000e+03 6.442042216585639380e+01 1.236073493375808383e-03 0.000000000000000000e+00 2.437419192367859533e-01 0.000000000000000000e+00 7.550120537515407904e-01 7.458498782899768225e-06 4.818132708939101341e-07 6.052720482290952912e-07 0.000000000000000000e+00 2.495432345148529314e-09 0.000000000000000000e+00 0.000000000000000000e+00 0.000000000000000000e+00 1.105485292832394315e-07 2.013475299082077065e-10 1.325552328947111882e-11 1.294675630741988765e-06 0.000000000000000000e+00 0.000000000000000000e+00 0.000000000000000000e+00 0.000000000000000000e+00 0.000000000000000000e+00 0.000000000000000000e+00
2.550000000000000000e+03 6.445100920488556540e+01 1.236068985453530082e-03 0.000000000000000000e+00 2.437410310353021470e-01 0.000000000000000000e+00 7.550108148467952196e-01 8.962770314239710821e-06 5.825762746536786746e-07 7.974628564857601926e-07 0.000000000000000000e+00 3.159584350295916112e-09 0.000000000000000000e+00 0.000000000000000000e+00 0.000000000000000000e+00 1.473710552447760750e-07 2.808121616154368363e-10 1.832832145615551141e-11 1.591493223568072398e-06 0.000000000000000000e+00 0.000000000000000000e+00 0.000000000000000000e+00 0.000000000000000000e+00 0.000000000000000000e+00 0.000000000000000000e+00
2.575000000000000000e+03 6.448489151976690437e+01 1.236063538540496188e-03 0.000000000000000000e+00 2.437399577828503749e-01 0.000000000000000000e+00 7.550093534335381440e-01 1.072993332902796527e-05 7.016675535680565315e-07 1.046023764615386418e-06 0.000000000000000000e+00 3.979873688016604036e-09 0.000000000000000000e+00 0.000000000000000000e+00 0.000000000000000000e+00 1.952642164477927126e-07 3.892901621755038771e-10 2.517642957025051163e-11 1.947961867030970996e-06 0.000000000000000000e+00 0.000000000000000000e+00 0.000000000000000000e+00 0.000000000000000000e+00 0.000000000000000000e+00 0.000000000000000000e+00
2.600000000000000000e+03 6.452233300053195819e+01 1.236057080022718311e-03 0.000000000000000000e+00 2.437386788558650874e-01 0.000000000000000000e+00 7.550076202312308027e-01 1.279861656748572534e-05 8.419067584157631494e-07 1.366191929251277395e-06 0.000000000000000000e+00 4.988054267266397362e-09 0.000000000000000000e+00 0.000000000000000000e+00 0.000000000000000000e+00 2.571948692163757533e-07 5.365362546371324663e-10 3.436358295139976424e-11 2.374363802745553598e-06 0.000000000000000000e+00 0.000000000000000000e+00 0.000000000000000000e+00 0.000000000000000000e+00 0.000000000000000000e+00 0.000000000000000000e+00
2.625000000000000000e+03 6.456361126154459384e+01 1.236049305651484940e-03 0.000000000000000000e+00 2.437371518631282208e-01 0.000000000000000000e+00 7.550055771160082418e-01 1.521198038416851318e-05 1.006463687081559222e-06 1.776988640671771423e-06 0.000000000000000000e+00 6.221288553106074039e-09 0.000000000000000000e+00 0.000000000000000000e+00 0.000000000000000000e+00 3.368262663349528131e-07 7.353079070648849571e-10 4.661429132789501183e-11 2.882453022958726930e-06 0.000000000000000000e+00 0.000000000000000000e+00 0.000000000000000000e+00 0.000000000000000000e+00 0.000000000000000000e+00 0.000000000000000000e+00
2.650000000000000000e+03 6.460901454821977552e+01 1.236040064743616383e-03 0.000000000000000000e+00 2.437353244498932647e-01 0.000000000000000000e+00 7.550031833524891711e-01 1.801809804849689243e-05 1.198890158113889881e-06 2.302078000506586029e-06 0.000000000000000000e+00 7.722876449111724052e-09 0.000000000000000000e+00 0.000000000000000000e+00 0.000000000000000000e+00 4.386574799598057481e-07 1.002205196443947978e-09 6.285445659004165217e-11 3.485621250833180076e-06 0.000000000000000000e+00 0.000000000000000000e+00 0.000000000000000000e+00 0.000000000000000000e+00 0.000000000000000000e+00 0.000000000000000000e+00
2.675000000000000000e+03 6.465884277734173224e+01 1.236029015337371598e-03 0.000000000000000000e+00 2.437331533695853703e-01 0.000000000000000000e+00 7.550003750616769427e-01 2.127034967618204059e-05 1.423153646163448321e-06 2.970801454610213103e-06 0.000000000000000000e+00 9.543051897549680745e-09 0.000000000000000000e+00 0.000000000000000000e+00 0.000000000000000000e+00 5.681856097101235321e-07 1.358721851642514974e-09 8.426089426708135646e-11 4.199076979176463840e-06 0.000000000000000000e+00 0.000000000000000000e+00 0.000000000000000000e+00 0.000000000000000000e+00 0.000000000000000000e+00 0.000000000000000000e+00
2.700000000000000000e+03 6.471340434005026054e+01 1.236015943698642264e-03 0.000000000000000000e+00 2.437305758877430228e-01 0.000000000000000000e+00 7.549970914251181719e-01 2.502783452603799154e-05 1.683672111391148826e-06 3.819420079431569964e-06 0.000000000000000000e+00 1.173985157640341927e-08 0.000000000000000000e+00 0.000000000000000000e+00 0.000000000000000000e+00 7.320934966543638310e-07 1.832554395613447771e-09 1.123214123069792821e-10 5.040038499015077213e-06 0.000000000000000000e+00 0.000000000000000000e+00 0.000000000000000000e+00 0.000000000000000000e+00 0.000000000000000000e+00 0.000000000000000000e+00
2.725000000000000000e+03 6.477302021152758016e+01 1.236000404472465406e-03 0.000000000000000000e+00 2.437275072970865875e-01 0.000000000000000000e+00 7.549932751612329351e-01 2.935579083926368360e-05 1.985350767444383451e-06 4.892600686476343924e-06 0.000000000000000000e+00 1.438005387141368296e-08 0.000000000000000000e+00 0.000000000000000000e+00 0.000000000000000000e+00 9.384657750779110816e-07 2.459225433318968020e-09 1.489073064025418245e-10 6.027940952938874853e-06 0.000000000000000000e+00 0.000000000000000000e+00 0.000000000000000000e+00 0.000000000000000000e+00 0.000000000000000000e+00 0.000000000000000000e+00
2.750000000000000000e+03 6.483801782311545026e+01 1.235982031752001038e-03 0.000000000000000000e+00 2.437238857275509929e-01 0.000000000000000000e+00 7.549888246835315675e-01 3.432603308677519146e-05 2.333619867726776876e-06 6.245188827452397928e-06 0.000000000000000000e+00 1.754019619442717493e-08 0.000000000000000000e+00 0.000000000000000000e+00 0.000000000000000000e+00 1.197036743823345798e-06 3.284087235764145486e-09 1.963604574635172283e-10 7.184657995607241514e-06 0.000000000000000000e+00 0.000000000000000000e+00 0.000000000000000000e+00 0.000000000000000000e+00 0.000000000000000000e+00 0.000000000000000000e+00
2.775000000000000000e+03 6.490873408648046450e+01 1.235960296332023513e-03 0.000000000000000000e+00 2.437195948084746877e-01 0.000000000000000000e+00 7.549836685676211134e-01 4.001739714256097037e-05 2.734474007651783889e-06 7.944313753237695788e-06 0.000000000000000000e+00 2.130766443870218623e-08 0.000000000000000000e+00 0.000000000000000000e+00 0.000000000000000000e+00 1.519472742952715376e-06 4.364784383099209975e-09 2.575974299926183409e-10 8.534739879477234591e-06 0.000000000000000000e+00 0.000000000000000000e+00 0.000000000000000000e+00 0.000000000000000000e+00 0.000000000000000000e+00 0.000000000000000000e+00
2.800000000000000000e+03 6.498551422973447700e+01 1.235934589459810771e-03 0.000000000000000000e+00 2.437145312901116967e-01 0.000000000000000000e+00 7.549776942821284642e-01 4.651619299391596677e-05 3.194512314487943982e-06 1.007188305189489762e-05 0.000000000000000000e+00 2.578186403327825211e-08 0.000000000000000000e+00 0.000000000000000000e+00 0.000000000000000000e+00 1.919692910369543032e-06 5.774266511018325219e-09 3.362333235802633456e-10 1.010566466564438255e-05 0.000000000000000000e+00 0.000000000000000000e+00 0.000000000000000000e+00 0.000000000000000000e+00 0.000000000000000000e+00 0.000000000000000000e+00
2.825000000000000000e+03 6.506870849582121252e+01 1.235904292837535379e-03 0.000000000000000000e+00 2.437085550359830433e-01 0.000000000000000000e+00 7.549707940389533967e-01 5.391666948458435769e-05 3.720980426299162264e-06 1.272752517910517235e-05 0.000000000000000000e+00 3.107546342230887333e-08 0.000000000000000000e+00 0.000000000000000000e+00 0.000000000000000000e+00 2.414231888197256350e-06 7.604459890173512039e-09 4.367284735457693134e-10 1.192810859594673903e-05 0.000000000000000000e+00 0.000000000000000000e+00 0.000000000000000000e+00 0.000000000000000000e+00 0.000000000000000000e+00 0.000000000000000000e+00
2.850000000000000000e+03 6.515867428022588115e+01 1.235868590631380385e-03 0.000000000000000000e+00 2.437015187484304624e-01 0.000000000000000000e+00 7.549628305976269216e-01 6.232147535209022501e-05 4.321812555134255333e-06 1.603204812308650426e-05 0.000000000000000000e+00 3.731571625961412618e-08 0.000000000000000000e+00 0.000000000000000000e+00 0.000000000000000000e+00 3.022647155267631634e-06 9.970722191931717895e-09 5.645614652176278837e-10 1.403622912569522098e-05 0.000000000000000000e+00 0.000000000000000000e+00 0.000000000000000000e+00 0.000000000000000000e+00 0.000000000000000000e+00 0.000000000000000000e+00
2.875000000000000000e+03 6.525577465505878649e+01 1.235826585041111024e-03 0.000000000000000000e+00 2.436932339963075178e-01 0.000000000000000000e+00 7.549536657783311178e-01 7.184213713394536102e-05 5.005674727432251611e-06 2.013149491468308575e-05 0.000000000000000000e+00 4.464586434298789117e-08 0.000000000000000000e+00 0.000000000000000000e+00 0.000000000000000000e+00 3.767976201834704944e-06 1.301722504511775318e-08 7.264322766739742402e-10 1.646796782081990531e-05 0.000000000000000000e+00 0.000000000000000000e+00 0.000000000000000000e+00 0.000000000000000000e+00 0.000000000000000000e+00 0.000000000000000000e+00
2.900000000000000000e+03 6.536037798560309398e+01 1.235777199130222480e-03 0.000000000000000000e+00 2.436834935759522036e-01 0.000000000000000000e+00 7.549431321326580679e-01 8.259951571785229321e-05 5.782008656445619725e-06 2.520187513514954977e-05 0.000000000000000000e+00 5.322660364197413880e-08 0.000000000000000000e+00 0.000000000000000000e+00 0.000000000000000000e+00 4.677245750059266074e-06 1.692343249635110378e-08 9.304996151922043940e-10 1.926536646411954740e-05 0.000000000000000000e+00 0.000000000000000000e+00 0.000000000000000000e+00 0.000000000000000000e+00 0.000000000000000000e+00 0.000000000000000000e+00
2.925000000000000000e+03 6.547285505736709865e+01 1.235719220540341338e-03 0.000000000000000000e+00 2.436720584877581086e-01 0.000000000000000000e+00 7.549310389726875403e-01 9.472429152495094498e-05 6.661076189517593432e-06 3.145467557787544875e-05 0.000000000000000000e+00 6.323763236048612029e-08 0.000000000000000000e+00 0.000000000000000000e+00 0.000000000000000000e+00 5.782037250877798133e-06 2.191186831049565206e-08 1.186657573813733219e-09 2.247490231245968952e-05 0.000000000000000000e+00 0.000000000000000000e+00 0.000000000000000000e+00 0.000000000000000000e+00 0.000000000000000000e+00 0.000000000000000000e+00
2.950000000000000000e+03 6.559358476542919902e+01 1.235651126134143215e-03 0.000000000000000000e+00 2.436586375097033463e-01 0.000000000000000000e+00 7.549171851161226021e-01 1.083574086487513728e-04 7.654003477525196553e-06 3.914324227910914321e-05 0.000000000000000000e+00 7.487926308922089811e-08 0.000000000000000000e+00 0.000000000000000000e+00 0.000000000000000000e+00 7.119112535764937241e-06 2.825738680269797238e-08 1.506856011181039499e-09 2.614783759296529798e-05 0.000000000000000000e+00 0.000000000000000000e+00 0.000000000000000000e+00 0.000000000000000000e+00 0.000000000000000000e+00 0.000000000000000000e+00
2.975000000000000000e+03 6.572294798797385340e+01 1.235571332877989691e-03 0.000000000000000000e+00 2.436429005438280893e-01 0.000000000000000000e+00 7.549013363326120274e-01 1.236505380564854580e-04 8.772825148856369212e-06 4.857016179969262607e-05 0.000000000000000000e+00 8.837409784365622617e-08 0.000000000000000000e+00 0.000000000000000000e+00 0.000000000000000000e+00 8.731102187315558448e-06 3.629820180177122529e-08 1.905470884465495482e-09 3.034058571937281484e-05 0.000000000000000000e+00 0.000000000000000000e+00 0.000000000000000000e+00 0.000000000000000000e+00 0.000000000000000000e+00 0.000000000000000000e+00
3.000000000000000000e+03 6.586133181331400976e+01 1.235477857386736711e-03 0.000000000000000000e+00 2.436244677206866049e-01 0.000000000000000000e+00 7.548832264384289781e-01 1.407665232983855408e-04 1.003052822425290777e-05 6.009576127339528090e-05 0.000000000000000000e+00 1.039687648513974569e-07 0.000000000000000000e+00 0.000000000000000000e+00 0.000000000000000000e+00 1.066726071711532781e-05 4.644895371485552987e-08 2.399730070789005448e-09 3.511509253589857913e-05 0.000000000000000000e+00 0.000000000000000000e+00 0.000000000000000000e+00 0.000000000000000000e+00 0.000000000000000000e+00 0.000000000000000000e+00
3.025000000000000000e+03 6.600912870977350622e+01 1.235368485818000121e-03 0.000000000000000000e+00 2.436029005604425091e-01 0.000000000000000000e+00 7.548625545362127598e-01 1.598797893071713587e-04 1.144109565233872883e-05 7.414784883580122915e-05 0.000000000000000000e+00 1.219356977032200673e-07 0.000000000000000000e+00 0.000000000000000000e+00 0.000000000000000000e+00 1.298428984929299574e-05 5.921613394512820845e-08 3.010200908806042465e-09 4.053923184968388039e-05 0.000000000000000000e+00 0.000000000000000000e+00 0.000000000000000000e+00 0.000000000000000000e+00 0.000000000000000000e+00 0.000000000000000000e+00
3.050000000000000000e+03 6.616673867705424072e+01 1.235240577694857742e-03 0.000000000000000000e+00 2.435776817402368899e-01 0.000000000000000000e+00 7.548389924999185929e-01 1.811767608829124637e-04 1.301954684665499991e-05 9.123287115238113158e-05 0.000000000000000000e+00 1.425749682161704654e-07 0.000000000000000000e+00 0.000000000000000000e+00 0.000000000000000000e+00 1.574723473626706566e-05 7.521621874190085897e-08 3.761347532926018242e-09 4.668721599672762671e-05 0.000000000000000000e+00 0.000000000000000000e+00 0.000000000000000000e+00 0.000000000000000000e+00 0.000000000000000000e+00 0.000000000000000000e+00
3.075000000000000000e+03 6.633457232611598897e+01 1.235091191286409899e-03 0.000000000000000000e+00 2.435482169179983281e-01 0.000000000000000000e+00 7.548121685310530404e-01 2.048562148483900063e-04 1.478197938953387531e-05 1.119486053835487034e-04 0.000000000000000000e+00 1.662161360085437579e-07 0.000000000000000000e+00 0.000000000000000000e+00 0.000000000000000000e+00 1.903045233072933585e-05 9.519691068786760137e-08 4.682163058503122253e-09 5.364001250068341898e-05 0.000000000000000000e+00 0.000000000000000000e+00 0.000000000000000000e+00 0.000000000000000000e+00 0.000000000000000000e+00 0.000000000000000000e+00
3.100000000000000000e+03 6.651304909077802563e+01 1.234916804029685461e-03 0.000000000000000000e+00 2.435138305607415232e-01 0.000000000000000000e+00 7.547816552616106733e-01 2.311296510052517972e-04 1.674560666685125251e-05 1.369985933295250974e-04 0.000000000000000000e+00 1.932201486796305568e-07 0.000000000000000000e+00 0.000000000000000000e+00 0.000000000000000000e+00 2.291865675988597359e-05 1.200619411947583164e-07 5.806886514721070023e-09 6.148577688025698223e-05 0.000000000000000000e+00 0.000000000000000000e+00 0.000000000000000000e+00 0.000000000000000000e+00 0.000000000000000000e+00 0.000000000000000000e+00
3.125000000000000000e+03 6.670260876022091168e+01 1.234713423661262235e-03 0.000000000000000000e+00 2.434737321298918178e-01 0.000000000000000000e+00 7.547469853131123507e-01 2.602215248338876001e-04 1.892879127734409565e-05 1.672084388225889592e-04 0.000000000000000000e+00 2.239811809141542370e-07 0.000000000000000000e+00 0.000000000000000000e+00 0.000000000000000000e+00 2.750803282838140958e-05 1.508998770795091945e-07 7.175810883671645099e-09 7.032028870348533054e-05 0.000000000000000000e+00 0.000000000000000000e+00 0.000000000000000000e+00 0.000000000000000000e+00 0.000000000000000000e+00 0.000000000000000000e+00
3.150000000000000000e+03 6.690370306361708685e+01 1.234476512028857657e-03 0.000000000000000000e+00 2.434270135485235020e-01 0.000000000000000000e+00 7.547076334464408731e-01 2.923695805155800565e-04 2.135107835496376897e-05 2.035442229795326530e-04 0.000000000000000000e+00 2.589285758010154163e-07 0.000000000000000000e+00 0.000000000000000000e+00 0.000000000000000000e+00 3.290743542563242136e-05 1.890175528692674513e-07 8.836190639209451312e-09 8.024739341186157911e-05 0.000000000000000000e+00 0.000000000000000000e+00 0.000000000000000000e+00 0.000000000000000000e+00 0.000000000000000000e+00 0.000000000000000000e+00
3.175000000000000000e+03 6.711681231332011066e+01 1.234200768963183243e-03 0.000000000000000000e+00 2.433726387096817878e-01 0.000000000000000000e+00 7.546630047995498414e-01 3.278249382912221143e-04 2.403322130540339714e-05 2.471331277113165319e-04 0.000000000000000000e+00 2.985286121749475163e-07 0.000000000000000000e+00 0.000000000000000000e+00 0.000000000000000000e+00 3.923964893779659414e-05 2.359785445453759392e-07 1.084325737441129932e-08 9.137943514542250971e-05 0.000000000000000000e+00 0.000000000000000000e+00 0.000000000000000000e+00 0.000000000000000000e+00 0.000000000000000000e+00 0.000000000000000000e+00
3.200000000000000000e+03 6.734244393177129950e+01 1.233880175886282451e-03 0.000000000000000000e+00 2.433094206738885823e-01 0.000000000000000000e+00 7.546124325314188530e-01 3.668522426863552550e-04 2.699720238370393130e-05 2.992865555926345691e-04 0.000000000000000000e+00 3.432863103787980645e-07 0.000000000000000000e+00 0.000000000000000000e+00 0.000000000000000000e+00 4.664272054931452169e-05 2.936475115213508533e-07 1.326135028256676948e-08 1.038377024219050670e-04 0.000000000000000000e+00 0.000000000000000000e+00 0.000000000000000000e+00 0.000000000000000000e+00 0.000000000000000000e+00 0.000000000000000000e+00
3.225000000000000000e+03 6.758114266810227377e+01 1.233507808742659220e-03 0.000000000000000000e+00 2.432359929743323212e-01 0.000000000000000000e+00 7.545551791625771942e-01 4.097296294215505312e-04 3.026624622569491459e-05 3.615258342251785931e-04 0.000000000000000000e+00 3.937471199157738202e-07 0.000000000000000000e+00 0.000000000000000000e+00 0.000000000000000000e+00 5.527135740830955199e-05 3.642408832364338531e-07 1.616517067483852828e-08 1.177528338930642401e-04 0.000000000000000000e+00 0.000000000000000000e+00 0.000000000000000000e+00 0.000000000000000000e+00 0.000000000000000000e+00 0.000000000000000000e+00
3.250000000000000000e+03 6.783349635337499706e+01 1.233075764544389529e-03 0.000000000000000000e+00 2.431507981021255038e-01 0.000000000000000000e+00 7.544904177584103033e-01 4.567486711865098928e-04 3.386482457321469389e-05 4.356107478506083836e-04 0.000000000000000000e+00 4.504984930948969161e-07 0.000000000000000000e+00 0.000000000000000000e+00 0.000000000000000000e+00 6.529837444661159976e-05 4.503846900566996507e-07 1.964116632507032109e-08 1.332652325135443938e-04 0.000000000000000000e+00 0.000000000000000000e+00 0.000000000000000000e+00 0.000000000000000000e+00 0.000000000000000000e+00 0.000000000000000000e+00
3.275000000000000000e+03 6.810014548021470659e+01 1.232575052506570132e-03 0.000000000000000000e+00 2.430520654491685473e-01 0.000000000000000000e+00 7.544172210053738947e-01 5.082140416317340809e-04 3.781865109173638233e-05 5.235710377132912763e-04 0.000000000000000000e+00 5.141712387462693208e-07 0.000000000000000000e+00 0.000000000000000000e+00 0.000000000000000000e+00 7.691619072014751330e-05 5.551802233666970144e-07 2.378905024376122757e-08 1.505254312814315607e-04 0.000000000000000000e+00 0.000000000000000000e+00 0.000000000000000000e+00 0.000000000000000000e+00 0.000000000000000000e+00 0.000000000000000000e+00
3.300000000000000000e+03 6.838179346176113427e+01 1.231995479653051053e-03 0.000000000000000000e+00 2.429377765016418889e-01 0.000000000000000000e+00 7.543345599815243219e-01 5.644432037541671603e-04 4.215466382877386820e-05 6.277409700051922751e-04 0.000000000000000000e+00 5.854407544813505751e-07 0.000000000000000000e+00 0.000000000000000000e+00 0.000000000000000000e+00 9.033834721268412915e-05 6.822782937375952787e-07 2.872346534672901398e-08 1.696944098662251526e-04 0.000000000000000000e+00 0.000000000000000000e+00 0.000000000000000000e+00 0.000000000000000000e+00 0.000000000000000000e+00 0.000000000000000000e+00
3.325000000000000000e+03 6.867921607204119994e+01 1.231325431329691059e-03 0.000000000000000000e+00 2.428056447222674552e-01 0.000000000000000000e+00 7.542412855351787737e-01 6.257657277110691618e-04 4.690098838828477267e-05 7.507971041921011153e-04 0.000000000000000000e+00 6.650279037564494272e-07 0.000000000000000000e+00 0.000000000000000000e+00 0.000000000000000000e+00 1.058010432167225308e-04 8.359627813930570686e-07 3.457578303829266385e-08 1.909438812475014902e-04 0.000000000000000000e+00 0.000000000000000000e+00 0.000000000000000000e+00 0.000000000000000000e+00 0.000000000000000000e+00 0.000000000000000000e+00
3.350000000000000000e+03 6.899327977828330916e+01 1.230551699847950726e-03 0.000000000000000000e+00 2.426530748294100925e-01 0.000000000000000000e+00 7.541361273198635695e-01 6.925224578942731652e-04 5.208688854194251980e-05 8.957992446205919777e-04 0.000000000000000000e+00 7.536995345978497073e-07 0.000000000000000000e+00 0.000000000000000000e+00 0.000000000000000000e+00 1.235646477048079445e-04 1.021244099324469362e-06 4.149605352932029560e-08 2.144564724294464690e-04 0.000000000000000000e+00 0.000000000000000000e+00 0.000000000000000000e+00 0.000000000000000000e+00 0.000000000000000000e+00 0.000000000000000000e+00
3.375000000000000000e+03 6.932494866264033817e+01 1.229659526771337188e-03 0.000000000000000000e+00 2.424771468958465126e-01 0.000000000000000000e+00 7.540176649142310561e-01 7.650644846704889425e-04 5.774269040904297560e-05 1.066234583135058141e-03 0.000000000000000000e+00 8.522687150146619203e-07 0.000000000000000000e+00 0.000000000000000000e+00 0.000000000000000000e+00 1.439151795963896740e-04 1.243963602423102241e-06 4.965508989983633485e-08 2.404258379327675003e-04 0.000000000000000000e+00 0.000000000000000000e+00 0.000000000000000000e+00 0.000000000000000000e+00 0.000000000000000000e+00 0.000000000000000000e+00
3.400000000000000000e+03 6.967530374995837406e+01 1.228632164958920556e-03 0.000000000000000000e+00 2.422745620326270666e-01 0.000000000000000000e+00 7.538843354131964380e-01 8.437516594450565101e-04 6.389968854422751294e-05 1.266064944148302413e-03 0.000000000000000000e+00 9.615942024725746824e-07 0.000000000000000000e+00 0.000000000000000000e+00 0.000000000000000000e+00 1.671657127414918464e-04 1.510908773270285213e-06 5.924668426510417290e-08 2.690566346783339162e-04 0.000000000000000000e+00 0.000000000000000000e+00 0.000000000000000000e+00 0.000000000000000000e+00 0.000000000000000000e+00 0.000000000000000000e+00
3.425000000000000000e+03 7.004556149133080112e+01 1.227450901527031568e-03 0.000000000000000000e+00 2.420416244695829111e-01 0.000000000000000000e+00 7.537344021217923240e-01 9.289508272170709938e-04 7.059000821629457458e-05 1.499776697894038757e-03 0.000000000000000000e+00 1.082579570623054379e-06 0.000000000000000000e+00 0.000000000000000000e+00 0.000000000000000000e+00 1.936576198300877204e-04 1.829940385879557219e-06 7.048994133303641647e-08 3.005643440421472195e-04 0.000000000000000000e+00 0.000000000000000000e+00 0.000000000000000000e+00 0.000000000000000000e+00 0.000000000000000000e+00 0.000000000000000000e+00
3.450000000000000000e+03 7.043709071106550823e+01 1.226094629736973127e-03 0.000000000000000000e+00 2.417741854668838397e-01 0.000000000000000000e+00 7.535659603813564811e-01 1.021033552523121840e-03 7.784644518198113611e-05 1.772432953462064293e-03 0.000000000000000000e+00 1.216171332549256058e-06 0.000000000000000000e+00 0.000000000000000000e+00 0.000000000000000000e+00 2.237617022827638176e-04 2.210131184963002622e-06 8.363170040740806529e-08 3.351749343550142440e-04 0.000000000000000000e+00 0.000000000000000000e+00 0.000000000000000000e+00 0.000000000000000000e+00 0.000000000000000000e+00 0.000000000000000000e+00
3.475000000000000000e+03 7.085143174169381552e+01 1.224539980765549903e-03 0.000000000000000000e+00 2.414676229644868721e-01 0.000000000000000000e+00 7.533769059256807399e-01 1.120373609050236271e-03 8.570226739564987988e-05 2.089727731153539179e-03 0.000000000000000000e+00 1.363356357361671336e-06 0.000000000000000000e+00 0.000000000000000000e+00 0.000000000000000000e+00 2.578790125772352352e-04 2.661916272660571805e-06 9.894903928354593744e-08 3.731242872208127403e-04 0.000000000000000000e+00 0.000000000000000000e+00 0.000000000000000000e+00 0.000000000000000000e+00 0.000000000000000000e+00 0.000000000000000000e+00
3.500000000000000000e+03 7.129032476950196440e+01 1.222760799576544984e-03 0.000000000000000000e+00 2.411167827347105441e-01 0.000000000000000000e+00 7.531649436053172719e-01 1.227343455060710999e-03 9.419095382569787260e-05 2.458040546113018834e-03 0.000000000000000000e+00 1.525158076453434937e-06 0.000000000000000000e+00 0.000000000000000000e+00 0.000000000000000000e+00 2.964413826524165785e-04 3.197254623577557999e-06 1.167517823647279820e-07 4.146573582612249104e-04 0.000000000000000000e+00 0.000000000000000000e+00 0.000000000000000000e+00 0.000000000000000000e+00 0.000000000000000000e+00 0.000000000000000000e+00
3.525000000000000000e+03 7.175572616446443419e+01 1.220728166657080848e-03 0.000000000000000000e+00 2.407159689037779993e-01 0.000000000000000000e+00 7.529275469060525694e-01 1.342310525560974502e-03 1.033458922611257775e-04 2.884491190574572927e-03 0.000000000000000000e+00 1.702631637851871308e-06 0.000000000000000000e+00 0.000000000000000000e+00 0.000000000000000000e+00 3.399116072809706059e-04 3.829801067718943680e-06 1.373849980625398853e-07 4.600269901307375885e-04 0.000000000000000000e+00 0.000000000000000000e+00 0.000000000000000000e+00 0.000000000000000000e+00 0.000000000000000000e+00 0.000000000000000000e+00
3.550000000000000000e+03 7.224984130064251531e+01 1.218410131484221797e-03 0.000000000000000000e+00 2.402588739998784140e-01 0.000000000000000000e+00 7.526619826018836612e-01 1.465632648671732347e-03 1.132000318061445241e-04 3.376991949882677483e-03 0.000000000000000000e+00 1.896857417832963102e-06 0.000000000000000000e+00 0.000000000000000000e+00 0.000000000000000000e+00 3.887829950453349252e-04 4.575085798369869620e-06 1.612313937072455308e-07 5.094924667380585281e-04 0.000000000000000000e+00 0.000000000000000000e+00 0.000000000000000000e+00 0.000000000000000000e+00 0.000000000000000000e+00 0.000000000000000000e+00
3.575000000000000000e+03 7.277514983452870467e+01 1.215771570835798591e-03 0.000000000000000000e+00 2.397385745755289677e-01 0.000000000000000000e+00 7.523652751342985168e-01 1.597652466220078572e-03 1.237854294111187319e-04 3.944296585529649853e-03 0.000000000000000000e+00 2.108933172937374402e-06 0.000000000000000000e+00 0.000000000000000000e+00 0.000000000000000000e+00 4.435784337157790309e-04 5.450701319840576424e-06 1.887135338503724855e-07 5.633174564334511754e-04 0.000000000000000000e+00 0.000000000000000000e+00 0.000000000000000000e+00 0.000000000000000000e+00 0.000000000000000000e+00 0.000000000000000000e+00
3.600000000000000000e+03 7.333443437475006021e+01 1.212774028016269439e-03 0.000000000000000000e+00 2.391474889830718376e-01 0.000000000000000000e+00 7.520342171038575385e-01 1.738691459442153267e-03 1.351327726625969016e-04 4.596042664554718382e-03 0.000000000000000000e+00 2.339964088591687457e-06 0.000000000000000000e+00 0.000000000000000000e+00 0.000000000000000000e+00 5.048485920830956750e-04 6.476490653156325469e-06 2.202957848044785812e-07 6.217676457849659333e-04 0.000000000000000000e+00 0.000000000000000000e+00 0.000000000000000000e+00 0.000000000000000000e+00 0.000000000000000000e+00 0.000000000000000000e+00
3.625000000000000000e+03 7.393081512687541590e+01 1.209375678410884274e-03 0.000000000000000000e+00 2.384773624850114182e-01 0.000000000000000000e+00 7.516653639459645042e-01 1.889042705973540976e-03 1.472707861613615327e-04 5.342785091248010085e-03 0.000000000000000000e+00 2.591051201686795033e-06 0.000000000000000000e+00 0.000000000000000000e+00 0.000000000000000000e+00 5.731693323739260170e-04 7.674735075087317921e-06 2.564858473227008773e-07 6.851077027322081568e-04 0.000000000000000000e+00 0.000000000000000000e+00 0.000000000000000000e+00 0.000000000000000000e+00 0.000000000000000000e+00 0.000000000000000000e+00
3.650000000000000000e+03 7.456777898609777822e+01 1.205531212301678328e-03 0.000000000000000000e+00 2.377192701217746840e-01 0.000000000000000000e+00 7.512550266412127975e-01 2.048962759489769778e-03 1.602255744568177858e-04 6.196016589565002224e-03 0.000000000000000000e+00 2.863276710890175489e-06 0.000000000000000000e+00 0.000000000000000000e+00 0.000000000000000000e+00 6.491380187860524165e-04 9.070332933105646327e-06 2.978357555523974919e-07 7.535976370137539761e-04 0.000000000000000000e+00 0.000000000000000000e+00 0.000000000000000000e+00 0.000000000000000000e+00 0.000000000000000000e+00 0.000000000000000000e+00
3.675000000000000000e+03 7.524921899754113497e+01 1.201191890765356983e-03 0.000000000000000000e+00 2.368636022827482757e-01 0.000000000000000000e+00 7.507993001717069292e-01 2.218662711101253987e-03 1.740198846019888298e-04 7.168172243808459965e-03 0.000000000000000000e+00 3.157687958057573682e-06 0.000000000000000000e+00 0.000000000000000000e+00 0.000000000000000000e+00 7.333686877204436110e-04 1.069096612937498917e-05 3.449421881714511811e-07 8.274885312718813354e-04 0.000000000000000000e+00 0.000000000000000000e+00 0.000000000000000000e+00 0.000000000000000000e+00 0.000000000000000000e+00 0.000000000000000000e+00
3.700000000000000000e+03 7.597946888564963785e+01 1.196305691723241992e-03 0.000000000000000000e+00 2.359000910334493883e-01 0.000000000000000000e+00 7.502940771856372315e-01 2.398298135635094832e-03 1.886722564838332755e-04 8.272611449378639362e-03 0.000000000000000000e+00 3.475278208815669156e-06 0.000000000000000000e+00 0.000000000000000000e+00 0.000000000000000000e+00 8.264858140662222682e-04 1.256723998629679921e-05 3.984457987011411852e-07 9.070174696322869231e-04 0.000000000000000000e+00 0.000000000000000000e+00 0.000000000000000000e+00 0.000000000000000000e+00 0.000000000000000000e+00 0.000000000000000000e+00
3.725000000000000000e+03 7.676333854694371439e+01 1.190817507326498784e-03 0.000000000000000000e+00 2.348178718372004592e-01 0.000000000000000000e+00 7.497350540291396470e-01 2.587958186900695019e-03 2.041961320386920676e-04 9.523575109079722087e-03 0.000000000000000000e+00 3.816964554715279517e-06 0.000000000000000000e+00 0.000000000000000000e+00 0.000000000000000000e+00 9.291166981833404734e-04 1.473279345099233844e-05 4.590296415069099077e-07 9.924017124837900255e-04 0.000000000000000000e+00 0.000000000000000000e+00 0.000000000000000000e+00 0.000000000000000000e+00 0.000000000000000000e+00 0.000000000000000000e+00
3.750000000000000000e+03 7.760615422051357370e+01 1.184669410042333377e-03 0.000000000000000000e+00 2.336055261996521082e-01 0.000000000000000000e+00 7.491177909822487324e-01 2.787654082576839550e-03 2.205988589325079549e-04 1.093611067871752031e-02 0.000000000000000000e+00 4.183564148957057472e-06 0.000000000000000000e+00 0.000000000000000000e+00 0.000000000000000000e+00 1.041882114088290515e-03 1.722435975665755244e-05 5.274160881062470923e-07 1.083832333748068963e-03 0.000000000000000000e+00 0.000000000000000000e+00 0.000000000000000000e+00 0.000000000000000000e+00 0.000000000000000000e+00 0.000000000000000000e+00
3.775000000000000000e+03 7.851379660154060502e+01 1.177801274963925999e-03 0.000000000000000000e+00 2.322511920813583874e-01 0.000000000000000000e+00 7.484377468020122492e-01 2.997306746611391997e-03 2.378806448149027456e-04 1.252595850202734527e-02 0.000000000000000000e+00 4.575766415050260523e-06 0.000000000000000000e+00 0.000000000000000000e+00 0.000000000000000000e+00 1.165385475746622337e-03 2.008177227623396275e-05 6.043623462275855570e-07 1.181466571427885418e-03 0.000000000000000000e+00 0.000000000000000000e+00 0.000000000000000000e+00 0.000000000000000000e+00 0.000000000000000000e+00 0.000000000000000000e+00
3.800000000000000000e+03 7.949273791277630608e+01 1.170151279959506449e-03 0.000000000000000000e+00 2.307426887355508993e-01 0.000000000000000000e+00 7.476903399642177428e-01 3.216734477503284916e-03 2.560334885179840606e-04 1.430939915223943849e-02 0.000000000000000000e+00 4.994104679892937790e-06 0.000000000000000000e+00 0.000000000000000000e+00 0.000000000000000000e+00 1.300200056150148170e-03 2.334789598276823235e-05 6.906543178983412237e-07 1.285420190880288147e-03 0.000000000000000000e+00 0.000000000000000000e+00 0.000000000000000000e+00 0.000000000000000000e+00 0.000000000000000000e+00 0.000000000000000000e+00
