# T Ptot H He C N O Na K Si Ar Ti V S Cl Mg Al Ca Fe Cr Li Cs Rb F P
1.500000000000000000e+03 4.740759873816085701e+01 1.223373642672833609e-03 0.000000000000000000e+00 3.170696560380121265e-01 0.000000000000000000e+00 6.817069702985746327e-01 1.948563443106593008e-11 8.034941764722929654e-13 5.483038034987306842e-15 0.000000000000000000e+00 7.841405720633178399e-17 0.000000000000000000e+00 0.000000000000000000e+00 0.000000000000000000e+00 1.131187838933887561e-16 1.515172786744819371e-20 9.301355887148245117e-22 4.455944826546808513e-13 0.000000000000000000e+00 0.000000000000000000e+00 0.000000000000000000e+00 0.000000000000000000e+00 0.000000000000000000e+00 0.000000000000000000e+00
1.525000000000000000e+03 4.740763504922848881e+01 1.223373648752773112e-03 0.000000000000000000e+00 3.170696573716452749e-01 0.000000000000000000e+00 6.817069689437387225e-01 3.360127557257921984e-11 1.412517031635731956e-12 1.172515744202367934e-14 0.000000000000000000e+00 1.633377945354879435e-16 0.000000000000000000e+00 0.000000000000000000e+00 0.000000000000000000e+00 2.699085370557174813e-16 3.877335603109196433e-20 2.529307489855635266e-21 8.372128207379181069e-13 0.000000000000000000e+00 0.000000000000000000e+00 0.000000000000000000e+00 0.000000000000000000e+00 0.000000000000000000e+00 0.000000000000000000e+00
1.550000000000000000e+03 4.740768442834330187e+01 1.223373609317530281e-03 0.000000000000000000e+00 3.170696600083617867e-01 0.000000000000000000e+00 6.817069663214104791e-01 5.690858824393731354e-11 2.437034994451333263e-12 2.445176234365978836e-14 0.000000000000000000e+00 3.317264649075638074e-16 0.000000000000000000e+00 0.000000000000000000e+00 0.000000000000000000e+00 6.254742663012641319e-16 9.618204649324081157e-20 6.629880076758563825e-21 1.539299198045233128e-12 0.000000000000000000e+00 0.000000000000000000e+00 0.000000000000000000e+00 0.000000000000000000e+00 0.000000000000000000e+00 0.000000000000000000e+00
1.575000000000000000e+03 4.740774947687294372e+01 1.223373638650725008e-03 0.000000000000000000e+00 3.170696589323928061e-01 0.000000000000000000e+00 6.817069673272576624e-01 9.474419850858987410e-11 4.130255427680956178e-12 4.978829370889528670e-14 0.000000000000000000e+00 6.576727928429861565e-16 0.000000000000000000e+00 0.000000000000000000e+00 0.000000000000000000e+00 1.409695372985457167e-15 2.316379654780624961e-19 1.678573643663354309e-20 2.772427575381616974e-12 0.000000000000000000e+00 0.000000000000000000e+00 0.000000000000000000e+00 0.000000000000000000e+00 0.000000000000000000e+00 0.000000000000000000e+00
1.600000000000000000e+03 4.740783600036557743e+01 1.223373633243497608e-03 0.000000000000000000e+00 3.170696606864963352e-01 0.000000000000000000e+00 6.817069655132009798e-01 1.551776095153795952e-10 6.881843023492050366e-12 9.909898208787475873e-14 0.000000000000000000e+00 1.274317698868684308e-15 0.000000000000000000e+00 0.000000000000000000e+00 0.000000000000000000e+00 3.094125441509371827e-15 5.423826676126220371e-19 4.112672648601992436e-20 4.896406341643803325e-12 0.000000000000000000e+00 0.000000000000000000e+00 0.000000000000000000e+00 0.000000000000000000e+00 0.000000000000000000e+00 0.000000000000000000e+00
1.625000000000000000e+03 4.740794970791237262e+01 1.223373623081876280e-03 0.000000000000000000e+00 3.170696614850496142e-01 0.000000000000000000e+00 6.817069646216696865e-01 2.502272568790160318e-10 1.128205898606544457e-11 1.930215020463867268e-13 0.000000000000000000e+00 2.415762092322059851e-15 0.000000000000000000e+00 0.000000000000000000e+00 0.000000000000000000e+00 6.621947926850682505e-15 1.236431787516671898e-18 9.768260070521743728e-20 8.487470830324652938e-12 0.000000000000000000e+00 0.000000000000000000e+00 0.000000000000000000e+00 0.000000000000000000e+00 0.000000000000000000e+00 0.000000000000000000e+00
1.650000000000000000e+03 4.740809805901419338e+01 1.223373645771804342e-03 0.000000000000000000e+00 3.170696620919121744e-01 0.000000000000000000e+00 6.817069638317286850e-01 3.975365946745421014e-10 1.821168080622174749e-11 3.682808909245053997e-13 0.000000000000000000e+00 4.485189910217288416e-15 0.000000000000000000e+00 0.000000000000000000e+00 0.000000000000000000e+00 1.383485456949782805e-14 2.747618156606300475e-18 2.252822233140879756e-19 1.445245812854666503e-11 0.000000000000000000e+00 0.000000000000000000e+00 0.000000000000000000e+00 0.000000000000000000e+00 0.000000000000000000e+00 0.000000000000000000e+00
1.675000000000000000e+03 4.740829147638927310e+01 1.223373632998302468e-03 0.000000000000000000e+00 3.170696579377876301e-01 0.000000000000000000e+00 6.817069677526744753e-01 6.226529262779131039e-10 2.896628003546943928e-11 6.889807839798245668e-13 0.000000000000000000e+00 8.163430921978981469e-15 0.000000000000000000e+00 0.000000000000000000e+00 0.000000000000000000e+00 2.824748516841862369e-14 5.959175536193017930e-18 5.052567093212829459e-19 2.419491234871840934e-11 0.000000000000000000e+00 0.000000000000000000e+00 0.000000000000000000e+00 0.000000000000000000e+00 0.000000000000000000e+00 0.000000000000000000e+00
1.700000000000000000e+03 4.740854073316582173e+01 1.223373628982943459e-03 0.000000000000000000e+00 3.170696588679769445e-01 0.000000000000000000e+00 6.817069664543392582e-01 9.620861800018006441e-10 4.542570145206066546e-11 1.264980376713205697e-12 0.000000000000000000e+00 1.457874169555645578e-14 0.000000000000000000e+00 0.000000000000000000e+00 0.000000000000000000e+00 5.642202912260764761e-14 1.262849929402956522e-17 1.103537634140673893e-18 3.985296071102129294e-11 0.000000000000000000e+00 0.000000000000000000e+00 0.000000000000000000e+00 0.000000000000000000e+00 0.000000000000000000e+00 0.000000000000000000e+00
1.725000000000000000e+03 4.740885957031665754e+01 1.223373630688605329e-03 0.000000000000000000e+00 3.170696582530521668e-01 0.000000000000000000e+00 6.817069665115613741e-01 1.467363495648051699e-09 7.028219369984947731e-11 2.281300034788372710e-12 0.000000000000000000e+00 2.556761014880311628e-14 0.000000000000000000e+00 0.000000000000000000e+00 0.000000000000000000e+00 1.103576804312807430e-13 2.617688835990858150e-17 2.350313511428209523e-18 6.463492910000509820e-11 0.000000000000000000e+00 0.000000000000000000e+00 0.000000000000000000e+00 0.000000000000000000e+00 0.000000000000000000e+00 0.000000000000000000e+00
1.750000000000000000e+03 4.740926621791443552e+01 1.223373639193608454e-03 0.000000000000000000e+00 3.170696579616043564e-01 0.000000000000000000e+00 6.817069659739305454e-01 2.210341698177849493e-09 1.073437704691980459e-10 4.044422385686917448e-12 0.000000000000000000e+00 4.406857969414613651e-14 0.000000000000000000e+00 0.000000000000000000e+00 0.000000000000000000e+00 2.115623492485815915e-13 5.312812179362975487e-17 4.887247068301724061e-18 1.032861155338781606e-10 0.000000000000000000e+00 0.000000000000000000e+00 0.000000000000000000e+00 0.000000000000000000e+00 0.000000000000000000e+00 0.000000000000000000e+00
1.775000000000000000e+03 4.740978009861370168e+01 1.223373612314888718e-03 0.000000000000000000e+00 3.170696576581578663e-01 0.000000000000000000e+00 6.817069651072497072e-01 3.290088569622650335e-09 1.619328902909400536e-10 7.054099373464629640e-12 0.000000000000000000e+00 7.470731865831583038e-14 0.000000000000000000e+00 0.000000000000000000e+00 0.000000000000000000e+00 3.978603033509302745e-13 1.056785534149260920e-16 9.933551030907012609e-18 1.627292912209119735e-10 0.000000000000000000e+00 0.000000000000000000e+00 0.000000000000000000e+00 0.000000000000000000e+00 0.000000000000000000e+00 0.000000000000000000e+00
1.800000000000000000e+03 4.741042549624061309e+01 1.223373622696656213e-03 0.000000000000000000e+00 3.170696571020817367e-01 0.000000000000000000e+00 6.817069639262107739e-01 4.841701633129421915e-09 2.414045167337952405e-10 1.211313078014428889e-11 0.000000000000000000e+00 1.246523247985493941e-13 0.000000000000000000e+00 0.000000000000000000e+00 0.000000000000000000e+00 7.345691544610348068e-13 2.062048963975900663e-16 1.975679997391229543e-17 2.529322636437582168e-10 0.000000000000000000e+00 0.000000000000000000e+00 0.000000000000000000e+00 0.000000000000000000e+00 0.000000000000000000e+00 0.000000000000000000e+00
1.825000000000000000e+03 4.741123307305013412e+01 1.223373617571651625e-03 0.000000000000000000e+00 3.170696566386884685e-01 0.000000000000000000e+00 6.817069619321997065e-01 7.047492784853724202e-09 3.539479151916300065e-10 2.049294345250928439e-11 0.000000000000000000e+00 2.048479284590427803e-13 0.000000000000000000e+00 0.000000000000000000e+00 0.000000000000000000e+00 1.332534556058972960e-12 3.950334526679340912e-16 3.848942295680314224e-17 3.880686004418907951e-10 0.000000000000000000e+00 0.000000000000000000e+00 0.000000000000000000e+00 0.000000000000000000e+00 0.000000000000000000e+00 0.000000000000000000e+00
1.850000000000000000e+03 4.741223565369987369e+01 1.223373606394470917e-03 0.000000000000000000e+00 3.170696538037280354e-01 0.000000000000000000e+00 6.817069612979401727e-01 1.015103356534098857e-08 5.159614494684310859e-10 3.418018320606741594e-11 0.000000000000000000e+00 3.317658611048085806e-13 0.000000000000000000e+00 0.000000000000000000e+00 0.000000000000000000e+00 2.376750206304510983e-12 7.436101905998866456e-16 7.351785249446730099e-17 5.880526501625385792e-10 0.000000000000000000e+00 0.000000000000000000e+00 0.000000000000000000e+00 0.000000000000000000e+00 0.000000000000000000e+00 0.000000000000000000e+00
1.875000000000000000e+03 4.741347335902943883e+01 1.223373592399623969e-03 0.000000000000000000e+00 3.170696533757155766e-01 0.000000000000000000e+00 6.817069568714618777e-01 1.447462526051949679e-08 7.443087309542077569e-10 5.623960701755847602e-11 0.000000000000000000e+00 5.298596050627829683e-13 0.000000000000000000e+00 0.000000000000000000e+00 0.000000000000000000e+00 4.171059519834107157e-12 1.376476809238549070e-15 1.378033201979312010e-16 8.805466739490028209e-10 0.000000000000000000e+00 0.000000000000000000e+00 0.000000000000000000e+00 0.000000000000000000e+00 0.000000000000000000e+00 0.000000000000000000e+00
1.900000000000000000e+03 4.741499332919674004e+01 1.223373594267981651e-03 0.000000000000000000e+00 3.170696479379411792e-01 0.000000000000000000e+00 6.817069555610303366e-01 2.044083062861838104e-08 1.062985300980248335e-09 9.134215330026387424e-11 0.000000000000000000e+00 8.349589234512969557e-13 0.000000000000000000e+00 0.000000000000000000e+00 0.000000000000000000e+00 7.206916683272168674e-12 2.507397060503869339e-15 2.536925648721458304e-16 1.303558049494623658e-09 0.000000000000000000e+00 0.000000000000000000e+00 0.000000000000000000e+00 0.000000000000000000e+00 0.000000000000000000e+00 0.000000000000000000e+00
1.925000000000000000e+03 4.741684946596671324e+01 1.223373563661685074e-03 0.000000000000000000e+00 3.170696492934478306e-01 0.000000000000000000e+00 6.817069449717256813e-01 2.859877837540175527e-08 1.503524448045687541e-09 1.465254194960962560e-10 0.000000000000000000e+00 1.298906325508143820e-12 0.000000000000000000e+00 0.000000000000000000e+00 0.000000000000000000e+00 1.226762340060863502e-11 4.497904782000002117e-15 4.590724435674533826e-16 1.908765259502461403e-09 0.000000000000000000e+00 0.000000000000000000e+00 0.000000000000000000e+00 0.000000000000000000e+00 0.000000000000000000e+00 0.000000000000000000e+00
1.950000000000000000e+03 4.741910447386160143e+01 1.223373570089747583e-03 0.000000000000000000e+00 3.170696381039381784e-01 0.000000000000000000e+00 6.817069435423486201e-01 3.965601942990327143e-08 2.106999817509111732e-09 2.322780685839377306e-10 0.000000000000000000e+00 1.995814115878472704e-12 0.000000000000000000e+00 0.000000000000000000e+00 0.000000000000000000e+00 2.058413889992187964e-11 7.950922410135418811e-15 8.171549893575377402e-16 2.765737479083889560e-09 0.000000000000000000e+00 0.000000000000000000e+00 0.000000000000000000e+00 0.000000000000000000e+00 0.000000000000000000e+00 0.000000000000000000e+00
1.975000000000000000e+03 4.742182900751255659e+01 1.223373502357235493e-03 0.000000000000000000e+00 3.170696279021205100e-01 0.000000000000000000e+00 6.817069367838352045e-01 5.451680661653423430e-08 2.926460065920890275e-09 3.640720812125768051e-10 0.000000000000000000e+00 3.030411669768493759e-12 0.000000000000000000e+00 0.000000000000000000e+00 0.000000000000000000e+00 3.406486318494568700e-11 1.385853759907124428e-14 1.431802723713789921e-15 3.967237708299497375e-09 0.000000000000000000e+00 0.000000000000000000e+00 0.000000000000000000e+00 0.000000000000000000e+00 0.000000000000000000e+00 0.000000000000000000e+00
2.000000000000000000e+03 4.742510443438359857e+01 1.223373455775982315e-03 0.000000000000000000e+00 3.170696186239688186e-01 0.000000000000000000e+00 6.817069233021465502e-01 7.432770216426543684e-08 4.029862101452578194e-09 5.645092617816804096e-10 0.000000000000000000e+00 4.549059019810032404e-12 0.000000000000000000e+00 0.000000000000000000e+00 0.000000000000000000e+00 5.563015041272982074e-11 2.383245319914814813e-14 2.471188984841797509e-15 5.635829633291970980e-09 0.000000000000000000e+00 0.000000000000000000e+00 0.000000000000000000e+00 0.000000000000000000e+00 0.000000000000000000e+00 0.000000000000000000e+00
2.025000000000000000e+03 4.742902226473752592e+01 1.223373402586178408e-03 0.000000000000000000e+00 3.170696033396943614e-01 0.000000000000000000e+00 6.817069083279424513e-01 1.005313704301585164e-07 5.503570090112477164e-09 8.663042068635223352e-10 0.000000000000000000e+00 6.754124971567940343e-12 0.000000000000000000e+00 0.000000000000000000e+00 0.000000000000000000e+00 8.969321307055594976e-11 4.050509047026868401e-14 4.203829859710389777e-15 7.932040065888415574e-09 0.000000000000000000e+00 0.000000000000000000e+00 0.000000000000000000e+00 0.000000000000000000e+00 0.000000000000000000e+00 0.000000000000000000e+00
2.050000000000000000e+03 4.743368715827999438e+01 1.223373338734474753e-03 0.000000000000000000e+00 3.170695841184354435e-01 0.000000000000000000e+00 6.817068876223092433e-01 1.349303700951638572e-07 7.456542636153599556e-09 1.316399599965628164e-09 0.000000000000000000e+00 9.922564859038620782e-12 0.000000000000000000e+00 0.000000000000000000e+00 0.000000000000000000e+00 1.428435142771605585e-10 6.792628648695194109e-14 7.052744953452795463e-15 1.106436727612824114e-08 0.000000000000000000e+00 0.000000000000000000e+00 0.000000000000000000e+00 0.000000000000000000e+00 0.000000000000000000e+00 0.000000000000000000e+00
2.075000000000000000e+03 4.743921347006912015e+01 1.223373230643314165e-03 0.000000000000000000e+00 3.170695597972186808e-01 0.000000000000000000e+00 6.817068596643596212e-01 1.797601744181635022e-07 1.002519369776696569e-08 1.981601214682966069e-09 0.000000000000000000e+00 1.442969616854798517e-11 0.000000000000000000e+00 0.000000000000000000e+00 0.000000000000000000e+00 2.248059848689351700e-10 1.125693452385828569e-13 1.167584803032393326e-14 1.530144920641245309e-08 0.000000000000000000e+00 0.000000000000000000e+00 0.000000000000000000e+00 0.000000000000000000e+00 0.000000000000000000e+00 0.000000000000000000e+00
2.100000000000000000e+03 4.744573176050646168e+01 1.223373109289446889e-03 0.000000000000000000e+00 3.170695275498791599e-01 0.000000000000000000e+00 6.817068238730937813e-01 2.377748338328510478e-07 1.337913645408505119e-08 2.956246204781457592e-09 0.000000000000000000e+00 2.077932956435992068e-11 0.000000000000000000e+00 0.000000000000000000e+00 0.000000000000000000e+00 3.497734866778262580e-10 1.844445128214206811e-13 1.908385317648696227e-14 2.098676483360629926e-08 0.000000000000000000e+00 0.000000000000000000e+00 0.000000000000000000e+00 0.000000000000000000e+00 0.000000000000000000e+00 0.000000000000000000e+00
2.125000000000000000e+03 4.745338497681578360e+01 1.223372944876362179e-03 0.000000000000000000e+00 3.170694794275219497e-01 0.000000000000000000e+00 6.817067840579748017e-01 3.123447637932535244e-07 1.772782053814302091e-08 4.372570731708651232e-09 0.000000000000000000e+00 2.964162031894126194e-11 0.000000000000000000e+00 0.000000000000000000e+00 0.000000000000000000e+00 5.382371463462463671e-10 2.989323243757498024e-13 3.081122468076087577e-14 2.855626305272141732e-08 0.000000000000000000e+00 0.000000000000000000e+00 0.000000000000000000e+00 0.000000000000000000e+00 0.000000000000000000e+00 0.000000000000000000e+00
2.150000000000000000e+03 4.746232967981306672e+01 1.223372735885624486e-03 0.000000000000000000e+00 3.170694292034675899e-01 0.000000000000000000e+00 6.817067213281319260e-01 4.075684118941856261e-07 2.332818422045472203e-08 6.414643757439509034e-09 0.000000000000000000e+00 4.190020068516221666e-11 0.000000000000000000e+00 0.000000000000000000e+00 0.000000000000000000e+00 8.194748085151585713e-10 4.794340131592964734e-13 4.916130808341044770e-14 3.855937145958280947e-08 0.000000000000000000e+00 0.000000000000000000e+00 0.000000000000000000e+00 0.000000000000000000e+00 0.000000000000000000e+00 0.000000000000000000e+00
2.175000000000000000e+03 4.747274059181582828e+01 1.223372452722314629e-03 0.000000000000000000e+00 3.170693560003513545e-01 0.000000000000000000e+00 6.817066503398543365e-01 5.283983825430256761e-07 3.049339593470688314e-08 9.336985405061698303e-09 0.000000000000000000e+00 5.871036564312701394e-11 0.000000000000000000e+00 0.000000000000000000e+00 0.000000000000000000e+00 1.234900111593481373e-09 7.612208532081855207e-13 7.755412260636930477e-14 5.168385897322546671e-08 0.000000000000000000e+00 0.000000000000000000e+00 0.000000000000000000e+00 0.000000000000000000e+00 0.000000000000000000e+00 0.000000000000000000e+00
2.200000000000000000e+03 4.748480426783387998e+01 1.223372086208675746e-03 0.000000000000000000e+00 3.170692604412759241e-01 0.000000000000000000e+00 6.817065628861286308e-01 6.807837407482446591e-07 3.960280515350778239e-08 1.348930851970320227e-08 0.000000000000000000e+00 8.157034361917081584e-11 0.000000000000000000e+00 0.000000000000000000e+00 0.000000000000000000e+00 1.842526235540198286e-09 1.196975530339547442e-12 1.210148200594641552e-13 6.878511792571666115e-08 0.000000000000000000e+00 0.000000000000000000e+00 0.000000000000000000e+00 0.000000000000000000e+00 0.000000000000000000e+00 0.000000000000000000e+00
2.225000000000000000e+03 4.749872440962377595e+01 1.223371651398072208e-03 0.000000000000000000e+00 3.170691432384660779e-01 0.000000000000000000e+00 6.817064490614502814e-01 8.718285873252538772e-07 5.111316001654977363e-08 1.934921300652171544e-08 0.000000000000000000e+00 1.124078839195283635e-10 0.000000000000000000e+00 0.000000000000000000e+00 0.000000000000000000e+00 2.722865727861921679e-09 1.864703397986773519e-12 1.868529801721445958e-13 9.092039993670304565e-08 0.000000000000000000e+00 0.000000000000000000e+00 0.000000000000000000e+00 0.000000000000000000e+00 0.000000000000000000e+00 0.000000000000000000e+00
2.250000000000000000e+03 4.751472016800331488e+01 1.223371090243825440e-03 0.000000000000000000e+00 3.170689966461019971e-01 0.000000000000000000e+00 6.817063056271920329e-01 1.109967996424235514e-06 6.557117990094037342e-08 2.756516150779704336e-08 0.000000000000000000e+00 1.536846856660644306e-10 0.000000000000000000e+00 0.000000000000000000e+00 0.000000000000000000e+00 3.986614153025666030e-09 2.878936085358723847e-12 2.855983923289466686e-13 1.193886609547129060e-07 0.000000000000000000e+00 0.000000000000000000e+00 0.000000000000000000e+00 0.000000000000000000e+00 0.000000000000000000e+00 0.000000000000000000e+00
2.275000000000000000e+03 4.753302543017815651e+01 1.223370359691873608e-03 0.000000000000000000e+00 3.170688117044216381e-01 0.000000000000000000e+00 6.817061283588193854e-01 1.405162117773960494e-06 8.362756675491533502e-08 3.901266119494583170e-08 0.000000000000000000e+00 2.085214460132146905e-10 0.000000000000000000e+00 0.000000000000000000e+00 0.000000000000000000e+00 5.784678031653661882e-09 4.406469969659542928e-12 4.322785384298441731e-13 1.557766831437540319e-07 0.000000000000000000e+00 0.000000000000000000e+00 0.000000000000000000e+00 0.000000000000000000e+00 0.000000000000000000e+00 0.000000000000000000e+00
2.300000000000000000e+03 4.755388799425156066e+01 1.223369476474231573e-03 0.000000000000000000e+00 3.170685856740666497e-01 0.000000000000000000e+00 6.817059041996998969e-01 1.769108582717485328e-06 1.060525120601080984e-07 5.486732669385482971e-08 0.000000000000000000e+00 2.808464224243165971e-10 0.000000000000000000e+00 0.000000000000000000e+00 0.000000000000000000e+00 8.320997561629731506e-09 6.688307678784714480e-12 6.481471705360902438e-13 2.020121572519031083e-07 0.000000000000000000e+00 0.000000000000000000e+00 0.000000000000000000e+00 0.000000000000000000e+00 0.000000000000000000e+00 0.000000000000000000e+00
2.325000000000000000e+03 4.757757029385695802e+01 1.223368357817261349e-03 0.000000000000000000e+00 3.170682978553491793e-01 0.000000000000000000e+00 6.817056351816077608e-01 2.215473150682947859e-06 1.337527247435167841e-07 7.669935626205865156e-08 0.000000000000000000e+00 3.755709932249088316e-10 0.000000000000000000e+00 0.000000000000000000e+00 0.000000000000000000e+00 1.186891734418036209e-08 1.007001573479022124e-11 9.630032800592374727e-13 2.604244727950587092e-07 0.000000000000000000e+00 0.000000000000000000e+00 0.000000000000000000e+00 0.000000000000000000e+00 0.000000000000000000e+00 0.000000000000000000e+00
2.350000000000000000e+03 4.760434414636415568e+01 1.223367028435607328e-03 0.000000000000000000e+00 3.170679403988063139e-01 0.000000000000000000e+00 6.817053069260031739e-01 2.760140387123037166e-06 1.677900932491680711e-07 1.065950802677485125e-07 0.000000000000000000e+00 4.987953852212395788e-10 0.000000000000000000e+00 0.000000000000000000e+00 0.000000000000000000e+00 1.679187263420333748e-08 1.504341312125027295e-11 1.418277094146516003e-12 3.338140644679106031e-07 0.000000000000000000e+00 0.000000000000000000e+00 0.000000000000000000e+00 0.000000000000000000e+00 0.000000000000000000e+00 0.000000000000000000e+00
2.375000000000000000e+03 4.763449501010933318e+01 1.223365331237636407e-03 0.000000000000000000e+00 3.170675135463408845e-01 0.000000000000000000e+00 6.817048931437158510e-01 3.421481642977412371e-06 2.094019448445669630e-07 1.473124228468356528e-07 0.000000000000000000e+00 6.580485817753339076e-10 0.000000000000000000e+00 0.000000000000000000e+00 0.000000000000000000e+00 2.356932256547071291e-08 2.230340530771116941e-11 2.071103316554600078e-12 4.255309493852311940e-07 0.000000000000000000e+00 0.000000000000000000e+00 0.000000000000000000e+00 0.000000000000000000e+00 0.000000000000000000e+00 0.000000000000000000e+00
2.400000000000000000e+03 4.766831638664458382e+01 1.223363269473076763e-03 0.000000000000000000e+00 3.170669761891873883e-01 0.000000000000000000e+00 6.817044041073370142e-01 4.220641546951037181e-06 2.600228833657005962e-07 2.024786505216177091e-07 0.000000000000000000e+00 8.625661622458744688e-10 0.000000000000000000e+00 0.000000000000000000e+00 0.000000000000000000e+00 3.282900381198233345e-08 3.282493163118328059e-11 2.999656536305543304e-12 5.395635270076344450e-07 0.000000000000000000e+00 0.000000000000000000e+00 0.000000000000000000e+00 0.000000000000000000e+00 0.000000000000000000e+00 0.000000000000000000e+00
2.425000000000000000e+03 4.770610593965408697e+01 1.223360751262538666e-03 0.000000000000000000e+00 3.170663189971877349e-01 0.000000000000000000e+00 6.817038130568673360e-01 5.181844739513174768e-06 3.213084390543109174e-07 2.768405600758320565e-07 0.000000000000000000e+00 1.123610218896288109e-09 0.000000000000000000e+00 0.000000000000000000e+00 0.000000000000000000e+00 4.538676408424957516e-08 4.796636928568555359e-11 4.310087334240940640e-12 6.806382926957244710e-07 0.000000000000000000e+00 0.000000000000000000e+00 0.000000000000000000e+00 0.000000000000000000e+00 0.000000000000000000e+00 0.000000000000000000e+00
2.450000000000000000e+03 4.774816901933233737e+01 1.223357633598424164e-03 0.000000000000000000e+00 3.170655182712310283e-01 0.000000000000000000e+00 6.817031014813887957e-01 6.332717136474081651e-06 3.951601744882700732e-07 3.765791723834383308e-07 0.000000000000000000e+00 1.454835411940965595e-09 0.000000000000000000e+00 0.000000000000000000e+00 0.000000000000000000e+00 6.229535500308071869e-08 6.960757608727650080e-11 6.145474373571649082e-12 8.543313548893369912e-07 0.000000000000000000e+00 0.000000000000000000e+00 0.000000000000000000e+00 0.000000000000000000e+00 0.000000000000000000e+00 0.000000000000000000e+00
2.475000000000000000e+03 4.779481034851583843e+01 1.223353925176166087e-03 0.000000000000000000e+00 3.170645456952532748e-01 0.000000000000000000e+00 6.817022482179376786e-01 7.704627468564853243e-06 4.837526333565335808e-07 5.097032945472579842e-07 0.000000000000000000e+00 1.872705999035744192e-09 0.000000000000000000e+00 0.000000000000000000e+00 0.000000000000000000e+00 8.490381285532423191e-08 1.003329119003852157e-10 8.697295896194587262e-12 1.067192687164653221e-06 0.000000000000000000e+00 0.000000000000000000e+00 0.000000000000000000e+00 0.000000000000000000e+00 0.000000000000000000e+00 0.000000000000000000e+00
2.500000000000000000e+03 4.784633591508275430e+01 1.223349358795147550e-03 0.000000000000000000e+00 3.170633738964870885e-01 0.000000000000000000e+00 6.817012232342691824e-01 9.333043557937406888e-06 5.895617592357586189e-07 6.865391457564851524e-07 0.000000000000000000e+00 2.396967334215197984e-09 0.000000000000000000e+00 0.000000000000000000e+00 0.000000000000000000e+00 1.149291953057639540e-07 1.436722578218291004e-10 1.222002887090807538e-11 1.326883930786407301e-06 0.000000000000000000e+00 0.000000000000000000e+00 0.000000000000000000e+00 0.000000000000000000e+00 0.000000000000000000e+00 0.000000000000000000e+00
2.525000000000000000e+03 4.790304773163771301e+01 1.223343896616521480e-03 0.000000000000000000e+00 3.170619434817121829e-01 0.000000000000000000e+00 6.817000188413047113e-01 1.125790375899688039e-05 7.153951100014368954e-07 9.203358072265910323e-07 0.000000000000000000e+00 3.051177776811132132e-09 0.000000000000000000e+00 0.000000000000000000e+00 0.000000000000000000e+00 1.545426742836781548e-07 2.044163649825121276e-10 1.704960670950610278e-11 1.642330372493513783e-06 0.000000000000000000e+00 0.000000000000000000e+00 0.000000000000000000e+00 0.000000000000000000e+00 0.000000000000000000e+00 0.000000000000000000e+00
2.550000000000000000e+03 4.796524233189037290e+01 1.223337258575828623e-03 0.000000000000000000e+00 3.170602344335205491e-01 0.000000000000000000e+00 6.816985773240861191e-01 1.352401252206343337e-05 8.644238174274256728e-07 1.228010663439462682e-06 0.000000000000000000e+00 3.863303465015470051e-09 0.000000000000000000e+00 0.000000000000000000e+00 0.000000000000000000e+00 2.064722259075071224e-07 2.890267193267968380e-10 2.362660567544329082e-11 2.023888631967944528e-06 0.000000000000000000e+00 0.000000000000000000e+00 0.000000000000000000e+00 0.000000000000000000e+00 0.000000000000000000e+00 0.000000000000000000e+00
2.575000000000000000e+03 4.803321102824283173e+01 1.223329295796172275e-03 0.000000000000000000e+00 3.170581620855322802e-01 0.000000000000000000e+00 6.816968929488920192e-01 1.618143530601363358e-05 1.040215603887675882e-06 1.631060254469023494e-06 0.000000000000000000e+00 4.866382278101645438e-09 0.000000000000000000e+00 0.000000000000000000e+00 0.000000000000000000e+00 2.741242395693879815e-07 4.061651093859099402e-10 3.252517646036774823e-11 2.483529302866359077e-06 0.000000000000000000e+00 0.000000000000000000e+00 0.000000000000000000e+00 0.000000000000000000e+00 0.000000000000000000e+00 0.000000000000000000e+00
2.600000000000000000e+03 4.810723258194420282e+01 1.223319705702323673e-03 0.000000000000000000e+00 3.170556868636291159e-01 0.000000000000000000e+00 6.816949005813125462e-01 1.928593162709344206e-05 1.246770619588718082e-06 2.156671337928745508e-06 0.000000000000000000e+00 6.099259812829471032e-09 0.000000000000000000e+00 0.000000000000000000e+00 0.000000000000000000e+00 3.617268870808815160e-07 5.673732410157325403e-10 4.448895744610732402e-11 3.035037762151917615e-06 0.000000000000000000e+00 0.000000000000000000e+00 0.000000000000000000e+00 0.000000000000000000e+00 0.000000000000000000e+00 0.000000000000000000e+00
2.625000000000000000e+03 4.818757709842861914e+01 1.223308224553658645e-03 0.000000000000000000e+00 3.170527111185205138e-01 0.000000000000000000e+00 6.816925764742378657e-01 2.289937692918063246e-05 1.488557397455393040e-06 2.839063769274778573e-06 0.000000000000000000e+00 7.607402220964832129e-09 0.000000000000000000e+00 0.000000000000000000e+00 0.000000000000000000e+00 4.744978002781257901e-07 7.879403019311847268e-10 6.047534463676255771e-11 3.694230973839910825e-06 0.000000000000000000e+00 0.000000000000000000e+00 0.000000000000000000e+00 0.000000000000000000e+00 0.000000000000000000e+00 0.000000000000000000e+00
2.650000000000000000e+03 4.827450258805541949e+01 1.223294502461762289e-03 0.000000000000000000e+00 3.170491514514407472e-01 0.000000000000000000e+00 6.816898635091285241e-01 2.709022597787488757e-05 1.770551953889707658e-06 3.721112044944364977e-06 0.000000000000000000e+00 9.443789276082842591e-09 0.000000000000000000e+00 0.000000000000000000e+00 0.000000000000000000e+00 6.188396296754656616e-07 1.088003012285656922e-09 8.170978434103695008e-11 4.479193860512406224e-06 0.000000000000000000e+00 0.000000000000000000e+00 0.000000000000000000e+00 0.000000000000000000e+00 0.000000000000000000e+00 0.000000000000000000e+00
2.675000000000000000e+03 4.836825333884446110e+01 1.223278123882795250e-03 0.000000000000000000e+00 3.170449030725056017e-01 0.000000000000000000e+00 6.816867038932521439e-01 3.193397105800610053e-05 2.098277614737621059e-06 4.856288414638686660e-06 0.000000000000000000e+00 1.166989064741301281e-08 0.000000000000000000e+00 0.000000000000000000e+00 0.000000000000000000e+00 8.025662353503304648e-07 1.493933757444106236e-09 1.097520071844269333e-10 5.410533459921579943e-06 0.000000000000000000e+00 0.000000000000000000e+00 0.000000000000000000e+00 0.000000000000000000e+00 0.000000000000000000e+00 0.000000000000000000e+00
2.700000000000000000e+03 4.846906158845962409e+01 1.223258571063194199e-03 0.000000000000000000e+00 3.170398369623010359e-01 0.000000000000000000e+00 6.816830386534697972e-01 3.751362217159957769e-05 2.477846722788340860e-06 6.310984252894205332e-06 0.000000000000000000e+00 1.435673210164445135e-08 0.000000000000000000e+00 0.000000000000000000e+00 0.000000000000000000e+00 1.035163590628677501e-06 2.040080933961238559e-09 1.465763119310051654e-10 6.511653038949299425e-06 0.000000000000000000e+00 0.000000000000000000e+00 0.000000000000000000e+00 0.000000000000000000e+00 0.000000000000000000e+00 0.000000000000000000e+00
2.725000000000000000e+03 4.857714481685503216e+01 1.223235304642607399e-03 0.000000000000000000e+00 3.170338024127559717e-01 0.000000000000000000e+00 6.816788011177833395e-01 4.392020337047708813e-05 2.916003889562404186e-06 8.167270574203613077e-06 0.000000000000000000e+00 1.758604658566909365e-08 0.000000000000000000e+00 0.000000000000000000e+00 0.000000000000000000e+00 1.328088712202263596e-06 2.770940728920917344e-09 1.946684910745075695e-10 7.809046615654678024e-06 0.000000000000000000e+00 0.000000000000000000e+00 0.000000000000000000e+00 0.000000000000000000e+00 0.000000000000000000e+00 0.000000000000000000e+00
2.750000000000000000e+03 4.869270831641542685e+01 1.223207604602707119e-03 0.000000000000000000e+00 3.170266307302556097e-01 0.000000000000000000e+00 6.816739088905005017e-01 5.125325974078436718e-05 3.420171404508581786e-06 1.052616614226897141e-05 0.000000000000000000e+00 2.145152174753608178e-08 0.000000000000000000e+00 0.000000000000000000e+00 0.000000000000000000e+00 1.695110820764634164e-06 3.743851318158634475e-09 2.571421712265276982e-10 9.332614017757469101e-06 0.000000000000000000e+00 0.000000000000000000e+00 0.000000000000000000e+00 0.000000000000000000e+00 0.000000000000000000e+00 0.000000000000000000e+00
2.775000000000000000e+03 4.881594642548891017e+01 1.223174715698078542e-03 0.000000000000000000e+00 3.170181067554665999e-01 0.000000000000000000e+00 6.816682870561675545e-01 5.962136494896278432e-05 3.998494553862874116e-06 1.351148806444985078e-05 0.000000000000000000e+00 2.606013810596321694e-08 0.000000000000000000e+00 0.000000000000000000e+00 0.000000000000000000e+00 2.152698587847458802e-06 5.032319248025530650e-09 3.378777044381515152e-10 1.111599617774515517e-05 0.000000000000000000e+00 0.000000000000000000e+00 0.000000000000000000e+00 0.000000000000000000e+00 0.000000000000000000e+00 0.000000000000000000e+00
2.800000000000000000e+03 4.894703920922303553e+01 1.223135736059158263e-03 0.000000000000000000e+00 3.170079990513404722e-01 0.000000000000000000e+00 6.816618321652307966e-01 6.914267321926510768e-05 4.659890885904495583e-06 1.727438486664412292e-05 0.000000000000000000e+00 3.153360482786208613e-08 0.000000000000000000e+00 0.000000000000000000e+00 0.000000000000000000e+00 2.720458335288077803e-06 6.730105420629508335e-09 4.416875265267917134e-10 1.319693466455163209e-05 0.000000000000000000e+00 0.000000000000000000e+00 0.000000000000000000e+00 0.000000000000000000e+00 0.000000000000000000e+00 0.000000000000000000e+00
2.825000000000000000e+03 4.908615869276627564e+01 1.223089525389758512e-03 0.000000000000000000e+00 3.169960245324061066e-01 0.000000000000000000e+00 6.816544409737932408e-01 7.994542917956769289e-05 5.414098116393812632e-06 2.199862483331716168e-05 0.000000000000000000e+00 3.800988506218996032e-08 0.000000000000000000e+00 0.000000000000000000e+00 0.000000000000000000e+00 3.421626748717383996e-06 8.956219574964394200e-09 5.745115008542127475e-10 1.561764891688128206e-05 0.000000000000000000e+00 0.000000000000000000e+00 0.000000000000000000e+00 0.000000000000000000e+00 0.000000000000000000e+00 0.000000000000000000e+00
2.850000000000000000e+03 4.923347083568054217e+01 1.223034825925826225e-03 0.000000000000000000e+00 3.169818542289811747e-01 0.000000000000000000e+00 6.816459968051528096e-01 9.216853044912671025e-05 6.271724522211189281e-06 2.790677489882109806e-05 0.000000000000000000e+00 4.564482031764965536e-08 0.000000000000000000e+00 0.000000000000000000e+00 0.000000000000000000e+00 4.283622254538122145e-06 1.186099576187349338e-08 7.436473015585347076e-10 1.842523835206319162e-05 0.000000000000000000e+00 0.000000000000000000e+00 0.000000000000000000e+00 0.000000000000000000e+00 0.000000000000000000e+00 0.000000000000000000e+00
2.875000000000000000e+03 4.938913302136054995e+01 1.222970148280946422e-03 0.000000000000000000e+00 3.169650891043062080e-01 0.000000000000000000e+00 6.816363850584437056e-01 1.059620517216422952e-04 7.244299575429518633e-06 3.526736175258353607e-05 0.000000000000000000e+00 5.461384634518810016e-08 0.000000000000000000e+00 0.000000000000000000e+00 0.000000000000000000e+00 5.338661560446745210e-06 1.563345070769290361e-08 9.580203812277732268e-10 2.167210904161283815e-05 0.000000000000000000e+00 0.000000000000000000e+00 0.000000000000000000e+00 0.000000000000000000e+00 0.000000000000000000e+00 0.000000000000000000e+00
2.900000000000000000e+03 4.955329795070999666e+01 1.222893746120550396e-03 0.000000000000000000e+00 3.169452928031930572e-01 0.000000000000000000e+00 6.816254503899340511e-01 1.214878306617915051e-04 8.344327448367420369e-06 4.440318943900328378e-05 0.000000000000000000e+00 6.511379562944388859e-08 0.000000000000000000e+00 0.000000000000000000e+00 0.000000000000000000e+00 6.624444142185502633e-06 2.051015335921771836e-08 1.228499480889472076e-09 2.541641661230130655e-05 0.000000000000000000e+00 0.000000000000000000e+00 0.000000000000000000e+00 0.000000000000000000e+00 0.000000000000000000e+00 0.000000000000000000e+00
2.925000000000000000e+03 4.972612066144062481e+01 1.222803600193089410e-03 0.000000000000000000e+00 3.169219299169019344e-01 0.000000000000000000e+00 6.816130471440855487e-01 1.389199516185355072e-04 9.585335248281879339e-06 5.570089315273099909e-05 0.000000000000000000e+00 7.736478470518293582e-08 0.000000000000000000e+00 0.000000000000000000e+00 0.000000000000000000e+00 8.184906552798873434e-06 2.678587006293232190e-08 1.568262989217122563e-09 2.972253332917832046e-05 0.000000000000000000e+00 0.000000000000000000e+00 0.000000000000000000e+00 0.000000000000000000e+00 0.000000000000000000e+00 0.000000000000000000e+00
2.950000000000000000e+03 4.990775427081112525e+01 1.222697353992985118e-03 0.000000000000000000e+00 3.168943854331085497e-01 0.000000000000000000e+00 6.815990069861564971e-01 1.584453173889042532e-04 1.098192928170178762e-05 6.962195023550166986e-05 0.000000000000000000e+00 9.161219518244943372e-08 0.000000000000000000e+00 0.000000000000000000e+00 0.000000000000000000e+00 1.007105832739248896e-05 3.482628294818912330e-08 1.993223403124805993e-09 3.466153980679709343e-05 0.000000000000000000e+00 0.000000000000000000e+00 0.000000000000000000e+00 0.000000000000000000e+00 0.000000000000000000e+00 0.000000000000000000e+00
2.975000000000000000e+03 5.009835917265888838e+01 1.222572266722223196e-03 0.000000000000000000e+00 3.168619600615129595e-01 0.000000000000000000e+00 6.815831290241326501e-01 1.802641596174439306e-04 1.254984213161732878e-05 8.671528668638161022e-05 0.000000000000000000e+00 1.081286999370584494e-07 0.000000000000000000e+00 0.000000000000000000e+00 0.000000000000000000e+00 1.234189363612074258e-05 4.508313030901218665e-08 2.522516844155659938e-09 4.031173121353855821e-05 0.000000000000000000e+00 0.000000000000000000e+00 0.000000000000000000e+00 0.000000000000000000e+00 0.000000000000000000e+00 0.000000000000000000e+00
3.000000000000000000e+03 5.029810285714351181e+01 1.222425103308169385e-03 0.000000000000000000e+00 3.168238292010030488e-01 0.000000000000000000e+00 6.815652044821103317e-01 2.045905255376007602e-04 1.430598747197644761e-05 1.076316591195767349e-04 0.000000000000000000e+00 1.272163859913549598e-07 0.000000000000000000e+00 0.000000000000000000e+00 0.000000000000000000e+00 1.506538793025516851e-05 5.811214118918469605e-08 3.179064519452609770e-09 4.675914592731941310e-05 0.000000000000000000e+00 0.000000000000000000e+00 0.000000000000000000e+00 0.000000000000000000e+00 0.000000000000000000e+00 0.000000000000000000e+00
3.025000000000000000e+03 5.050716697200424221e+01 1.222252243141535178e-03 0.000000000000000000e+00 3.167790130406475946e-01 0.000000000000000000e+00 6.815450280637407321e-01 2.316526889139386154e-04 1.626850009661979317e-05 1.331399851594884654e-04 0.000000000000000000e+00 1.492089009815206869e-07 0.000000000000000000e+00 0.000000000000000000e+00 0.000000000000000000e+00 1.831958167241914951e-05 7.459419114806521463e-08 3.990214995259025443e-09 5.409810332076789194e-05 0.000000000000000000e+00 0.000000000000000000e+00 0.000000000000000000e+00 0.000000000000000000e+00 0.000000000000000000e+00 0.000000000000000000e+00
3.050000000000000000e+03 5.072575120452342645e+01 1.222049286268911579e-03 0.000000000000000000e+00 3.167264206853627750e-01 0.000000000000000000e+00 6.815223333266513528e-01 2.616936250674378218e-04 1.845679104558974718e-05 1.641459455647364355e-04 0.000000000000000000e+00 1.744736588415968301e-07 0.000000000000000000e+00 0.000000000000000000e+00 0.000000000000000000e+00 2.219375018479593202e-05 9.536017669180047953e-08 4.988475379647440133e-09 6.243176754348730366e-05 0.000000000000000000e+00 0.000000000000000000e+00 0.000000000000000000e+00 0.000000000000000000e+00 0.000000000000000000e+00 0.000000000000000000e+00
3.075000000000000000e+03 5.095407441372645252e+01 1.221811405274598984e-03 0.000000000000000000e+00 3.166647666950298534e-01 0.000000000000000000e+00 6.814968526774168867e-01 2.949713400816378643e-04 2.089158235844926518e-05 2.017128749963299989e-04 0.000000000000000000e+00 2.034140644339598520e-07 0.000000000000000000e+00 0.000000000000000000e+00 0.000000000000000000e+00 2.678966672245147927e-05 1.214201309944392916e-07 6.212341003630527950e-09 7.187271158362313998e-05 0.000000000000000000e+00 0.000000000000000000e+00 0.000000000000000000e+00 0.000000000000000000e+00 0.000000000000000000e+00 0.000000000000000000e+00
3.100000000000000000e+03 5.119238540983378272e+01 1.221532841665650152e-03 0.000000000000000000e+00 3.165925690219981159e-01 0.000000000000000000e+00 6.814682940846742421e-01 3.317591645407502125e-04 2.359494683677457107e-05 2.470853385997883681e-04 0.000000000000000000e+00 2.364716896743271495e-07 0.000000000000000000e+00 0.000000000000000000e+00 0.000000000000000000e+00 3.222294308795802599e-05 1.539971327353946151e-07 7.707230318323370501e-09 8.254348254391864021e-05 0.000000000000000000e+00 0.000000000000000000e+00 0.000000000000000000e+00 0.000000000000000000e+00 0.000000000000000000e+00 0.000000000000000000e+00
3.125000000000000000e+03 5.144096868133235034e+01 1.221207045256889794e-03 0.000000000000000000e+00 3.165081409915077026e-01 0.000000000000000000e+00 6.814363203314364181e-01 3.723459113019066580e-04 2.659033817025268978e-05 3.017155094140034732e-04 0.000000000000000000e+00 2.741285256481480528e-07 0.000000000000000000e+00 0.000000000000000000e+00 0.000000000000000000e+00 3.862447273560864905e-05 1.945666923252222364e-07 9.526537486908849059e-09 9.457717842173612511e-05 0.000000000000000000e+00 0.000000000000000000e+00 0.000000000000000000e+00 0.000000000000000000e+00 0.000000000000000000e+00 0.000000000000000000e+00
3.150000000000000000e+03 5.170014740417869348e+01 1.220826572845339899e-03 0.000000000000000000e+00 3.164095185331865512e-01 0.000000000000000000e+00 6.814005902503210699e-01 4.170359763475400957e-04 2.990261173337757246e-05 3.672925801052475498e-04 0.000000000000000000e+00 3.169090699751468472e-07 0.000000000000000000e+00 0.000000000000000000e+00 0.000000000000000000e+00 4.614193379633319702e-05 2.449022235761965379e-07 1.173280807850414009e-08 1.081179975628557066e-04 0.000000000000000000e+00 0.000000000000000000e+00 0.000000000000000000e+00 0.000000000000000000e+00 0.000000000000000000e+00 0.000000000000000000e+00
3.175000000000000000e+03 5.197029755939314555e+01 1.220382729024592104e-03 0.000000000000000000e+00 3.162944773494825168e-01 0.000000000000000000e+00 6.813607070168861135e-01 4.661493192263092985e-04 3.355803772353431106e-05 4.457754725950257560e-04 0.000000000000000000e+00 3.653823565996164002e-07 0.000000000000000000e+00 0.000000000000000000e+00 0.000000000000000000e+00 5.494138092601106579e-05 3.071274853568982392e-07 1.439905069467877529e-08 1.233217852433482302e-04 0.000000000000000000e+00 0.000000000000000000e+00 0.000000000000000000e+00 0.000000000000000000e+00 0.000000000000000000e+00 0.000000000000000000e+00
3.200000000000000000e+03 5.225184972001083850e+01 1.219865591617085715e-03 0.000000000000000000e+00 3.161604699555195519e-01 0.000000000000000000e+00 6.813162430093545607e-01 5.200211832576262646e-04 3.758430136358965293e-05 5.394289835591771368e-04 0.000000000000000000e+00 4.201638746135055889e-07 0.000000000000000000e+00 0.000000000000000000e+00 0.000000000000000000e+00 6.520889427636922763e-05 3.837764618611020979e-07 1.761018513606763034e-08 1.403565305301354303e-04 0.000000000000000000e+00 0.000000000000000000e+00 0.000000000000000000e+00 0.000000000000000000e+00 0.000000000000000000e+00 0.000000000000000000e+00
3.225000000000000000e+03 5.254530373081837524e+01 1.219264119347841790e-03 0.000000000000000000e+00 3.160045736761182278e-01 0.000000000000000000e+00 6.812667504084386483e-01 5.790016875795913481e-04 4.201048557492856572e-05 6.508632625149983518e-04 0.000000000000000000e+00 4.819172789293904795e-07 0.000000000000000000e+00 0.000000000000000000e+00 0.000000000000000000e+00 7.715227698102016039e-05 4.778618467430040581e-07 2.146464319856762036e-08 1.594028396759299994e-04 0.000000000000000000e+00 0.000000000000000000e+00 0.000000000000000000e+00 0.000000000000000000e+00 0.000000000000000000e+00 0.000000000000000000e+00
3.250000000000000000e+03 5.285123793358069122e+01 1.218565439981841554e-03 0.000000000000000000e+00 3.158234801468143282e-01 0.000000000000000000e+00 6.812117275041896791e-01 6.434551575372098649e-04 4.686704192794458626e-05 7.830772496860751710e-04 0.000000000000000000e+00 5.513557477404302636e-07 0.000000000000000000e+00 0.000000000000000000e+00 0.000000000000000000e+00 9.100276946510189912e-05 5.929526190262093667e-07 2.607611586661126180e-08 1.806543059152333666e-04 0.000000000000000000e+00 0.000000000000000000e+00 0.000000000000000000e+00 0.000000000000000000e+00 0.000000000000000000e+00 0.000000000000000000e+00
3.275000000000000000e+03 5.317032469788603066e+01 1.217754978572906880e-03 0.000000000000000000e+00 3.156134326944617374e-01 0.000000000000000000e+00 6.811506333701127236e-01 7.137591277476695471e-04 5.218571994058071887e-05 9.395054531841792950e-04 0.000000000000000000e+00 6.292431534414859510e-07 0.000000000000000000e+00 0.000000000000000000e+00 0.000000000000000000e+00 1.070167713158023048e-04 7.332615711709024205e-07 3.157545435586884471e-08 2.043178044854462524e-04 0.000000000000000000e+00 0.000000000000000000e+00 0.000000000000000000e+00 0.000000000000000000e+00 0.000000000000000000e+00 0.000000000000000000e+00
3.300000000000000000e+03 5.350333362719872099e+01 1.216816415641346332e-03 0.000000000000000000e+00 3.153701926814360124e-01 0.000000000000000000e+00 6.810828701029102428e-01 7.903031750885665960e-04 5.799950585992909123e-05 1.124068594295395433e-03 0.000000000000000000e+00 7.163946868617225395e-07 0.000000000000000000e+00 0.000000000000000000e+00 0.000000000000000000e+00 1.254775635433979597e-04 9.037437003421374056e-07 3.811272939061682211e-08 2.306137101085270838e-04 0.000000000000000000e+00 0.000000000000000000e+00 0.000000000000000000e+00 0.000000000000000000e+00 0.000000000000000000e+00 0.000000000000000000e+00
3.325000000000000000e+03 5.385115978533349335e+01 1.215731254407778107e-03 0.000000000000000000e+00 3.150889374224374873e-01 0.000000000000000000e+00 6.810078330148798820e-01 8.734868883020482705e-04 6.434247486030841151e-05 1.341226525020343873e-03 0.000000000000000000e+00 8.136770354887551187e-07 0.000000000000000000e+00 0.000000000000000000e+00 0.000000000000000000e+00 1.466968514228960871e-04 1.110205691406632539e-06 4.585941685167124755e-08 2.597758265252690831e-04 0.000000000000000000e+00 0.000000000000000000e+00 0.000000000000000000e+00 0.000000000000000000e+00 0.000000000000000000e+00 0.000000000000000000e+00
3.350000000000000000e+03 5.421482360617919483e+01 1.214478644445586260e-03 0.000000000000000000e+00 3.147642854983828120e-01 0.000000000000000000e+00 6.809248280051569679e-01 9.637181095202237459e-04 7.124967749362254494e-05 1.596035910490132062e-03 0.000000000000000000e+00 9.220077355877444341e-07 0.000000000000000000e+00 0.000000000000000000e+00 0.000000000000000000e+00 1.710163520164387479e-04 1.359427483741807863e-06 5.501074177667807522e-08 2.920513565331549276e-04 0.000000000000000000e+00 0.000000000000000000e+00 0.000000000000000000e+00 0.000000000000000000e+00 0.000000000000000000e+00 0.000000000000000000e+00
3.375000000000000000e+03 5.459550629638136598e+01 1.213035180663628266e-03 0.000000000000000000e+00 3.143901812707928789e-01 0.000000000000000000e+00 6.808331327122513210e-01 1.061409790982439840e-03 7.875690388048698070e-05 1.894207359275008147e-03 0.000000000000000000e+00 1.042353925380841270e-06 0.000000000000000000e+00 0.000000000000000000e+00 0.000000000000000000e+00 1.988089997014750557e-04 1.659295480660240216e-06 6.578810304119990386e-08 3.277003449436269897e-04 0.000000000000000000e+00 0.000000000000000000e+00 0.000000000000000000e+00 0.000000000000000000e+00 0.000000000000000000e+00 0.000000000000000000e+00
3.400000000000000000e+03 5.499455396347698866e+01 1.211374903309254741e-03 0.000000000000000000e+00 3.139598766305017885e-01 0.000000000000000000e+00 6.807319565371378056e-01 1.166976930336044655e-03 8.690046112869315718e-05 2.242166310376311755e-03 0.000000000000000000e+00 1.175730032656646534e-06 0.000000000000000000e+00 0.000000000000000000e+00 0.000000000000000000e+00 2.304800291915065820e-04 2.018948448879025214e-06 7.844160137655900894e-08 3.669950779357543727e-04 0.000000000000000000e+00 0.000000000000000000e+00 0.000000000000000000e+00 0.000000000000000000e+00 0.000000000000000000e+00 0.000000000000000000e+00
3.425000000000000000e+03 5.541350117237713135e+01 1.209468737431999147e-03 0.000000000000000000e+00 3.134658371436092605e-01 0.000000000000000000e+00 6.806204810325546806e-01 1.280832220401753249e-03 9.571685902287442919e-05 2.647111979905594770e-03 0.000000000000000000e+00 1.323194247106571441e-06 0.000000000000000000e+00 0.000000000000000000e+00 0.000000000000000000e+00 2.664676620642116630e-04 2.448934198321461002e-06 9.325260466347946578e-08 4.102189839594472406e-04 0.000000000000000000e+00 0.000000000000000000e+00 0.000000000000000000e+00 0.000000000000000000e+00 0.000000000000000000e+00 0.000000000000000000e+00
3.450000000000000000e+03 5.585409979938656733e+01 1.207284407706367023e-03 0.000000000000000000e+00 3.128997211156610003e-01 0.000000000000000000e+00 6.804978295466109772e-01 1.403381307404015423e-03 1.052424292378337597e-04 3.117075009727936306e-03 0.000000000000000000e+00 1.485843729581815440e-06 0.000000000000000000e+00 0.000000000000000000e+00 0.000000000000000000e+00 3.072432637616671967e-04 2.961376966929101352e-06 1.105362713456152323e-07 4.576651629222578820e-04 0.000000000000000000e+00 0.000000000000000000e+00 0.000000000000000000e+00 0.000000000000000000e+00 0.000000000000000000e+00 0.000000000000000000e+00
3.475000000000000000e+03 5.631833630413131431e+01 1.204786563005401639e-03 0.000000000000000000e+00 3.122523283605441735e-01 0.000000000000000000e+00 6.803630733869463487e-01 1.535016958917874300e-03 1.155128863727358302e-04 3.660970834587671478e-03 0.000000000000000000e+00 1.664808198353698318e-06 0.000000000000000000e+00 0.000000000000000000e+00 0.000000000000000000e+00 3.533110404901718495e-04 3.570153744222381783e-06 1.306440369450600040e-07 5.096343631561804947e-04 0.000000000000000000e+00 0.000000000000000000e+00 0.000000000000000000e+00 0.000000000000000000e+00 0.000000000000000000e+00 0.000000000000000000e+00
3.500000000000000000e+03 5.680845420635740339e+01 1.201936149645136797e-03 0.000000000000000000e+00 3.115135658763131810e-01 0.000000000000000000e+00 6.802152294075959338e-01 1.676112241030541013e-03 1.265628094529514837e-04 4.288647780067877079e-03 0.000000000000000000e+00 1.861241730635977362e-06 0.000000000000000000e+00 0.000000000000000000e+00 0.000000000000000000e+00 4.052069650714229727e-04 4.291077558777129432e-06 1.539658680119365087e-07 5.664324856654214674e-04 0.000000000000000000e+00 0.000000000000000000e+00 0.000000000000000000e+00 0.000000000000000000e+00 0.000000000000000000e+00 0.000000000000000000e+00
3.525000000000000000e+03 5.732698703204703605e+01 1.198690608293928551e-03 0.000000000000000000e+00 3.106723986098389179e-01 0.000000000000000000e+00 6.800532883863872335e-01 1.827012571847044147e-03 1.384250011855647387e-04 5.010921431578141058e-03 0.000000000000000000e+00 2.076312399984870310e-06 0.000000000000000000e+00 0.000000000000000000e+00 0.000000000000000000e+00 4.634967140457173381e-04 5.142081289445610972e-06 1.809322902385154136e-07 6.283673508436413667e-04 0.000000000000000000e+00 0.000000000000000000e+00 0.000000000000000000e+00 0.000000000000000000e+00 0.000000000000000000e+00 0.000000000000000000e+00
3.550000000000000000e+03 5.787678529977014819e+01 1.195003794987141692e-03 0.000000000000000000e+00 3.097168592377914087e-01 0.000000000000000000e+00 6.798761975691230974e-01 1.988027084647100377e-03 1.511297973155177902e-04 5.839598381246102060e-03 0.000000000000000000e+00 2.311189861628504333e-06 0.000000000000000000e+00 0.000000000000000000e+00 0.000000000000000000e+00 5.287728252377388739e-04 6.143402079075937289e-06 2.120159468599179331e-07 6.957447017640822681e-04 0.000000000000000000e+00 0.000000000000000000e+00 0.000000000000000000e+00 0.000000000000000000e+00 0.000000000000000000e+00 0.000000000000000000e+00
3.575000000000000000e+03 5.846103868859749753e+01 1.190825894675491634e-03 0.000000000000000000e+00 3.086340506864389543e-01 0.000000000000000000e+00 6.796828753259603895e-01 2.159418124946687733e-03 1.647042466672511056e-04 6.787479390296768771e-03 0.000000000000000000e+00 2.567029978728475285e-06 0.000000000000000000e+00 0.000000000000000000e+00 0.000000000000000000e+00 6.016504029996031042e-04 7.317755829986128694e-06 2.477326435670859253e-07 7.688634095626087090e-04 0.000000000000000000e+00 0.000000000000000000e+00 0.000000000000000000e+00 0.000000000000000000e+00 0.000000000000000000e+00 0.000000000000000000e+00
3.600000000000000000e+03 5.908331015666725250e+01 1.186103642202651935e-03 0.000000000000000000e+00 3.074101655406519806e-01 0.000000000000000000e+00 6.794722343934672670e-01 2.341390426416228333e-03 1.791712252719121772e-04 7.868339014489855732e-03 0.000000000000000000e+00 2.844957273857221682e-06 0.000000000000000000e+00 0.000000000000000000e+00 0.000000000000000000e+00 6.827616652989247203e-04 8.690496115498915581e-06 2.886416248692695050e-07 8.480099971870040231e-04 0.000000000000000000e+00 0.000000000000000000e+00 0.000000000000000000e+00 0.000000000000000000e+00 0.000000000000000000e+00 0.000000000000000000e+00
3.625000000000000000e+03 5.974756917220681629e+01 1.180780636666382138e-03 0.000000000000000000e+00 3.060305530431202126e-01 0.000000000000000000e+00 6.792431939303339439e-01 2.534078576683059750e-03 1.945484033670243876e-04 9.096873857049044693e-03 0.000000000000000000e+00 3.146044278199649404e-06 0.000000000000000000e+00 0.000000000000000000e+00 0.000000000000000000e+00 7.727486729433416437e-04 1.028974909329199685e-05 3.353449043931626628e-07 9.334517415613736860e-04 0.000000000000000000e+00 0.000000000000000000e+00 0.000000000000000000e+00 0.000000000000000000e+00 0.000000000000000000e+00 0.000000000000000000e+00
3.650000000000000000e+03 6.045821818768615685e+01 1.174797431206066724e-03 0.000000000000000000e+00 3.044798589457708426e-01 0.000000000000000000e+00 6.789946534092463626e-01 2.737534240058982909e-03 2.108472150244839860e-04 1.048861834862188647e-02 0.000000000000000000e+00 3.471287577679610376e-06 0.000000000000000000e+00 0.000000000000000000e+00 0.000000000000000000e+00 8.722547281375410801e-04 1.214651136866812713e-05 3.884855423796578835e-07 1.025429397445145599e-03 0.000000000000000000e+00 0.000000000000000000e+00 0.000000000000000000e+00 0.000000000000000000e+00 0.000000000000000000e+00 0.000000000000000000e+00
3.675000000000000000e+03 6.122011554348138418e+01 1.168092482739551807e-03 0.000000000000000000e+00 3.027420852739019508e-01 0.000000000000000000e+00 6.787255941807274207e-01 2.951712433746727336e-03 2.280716863476829712e-04 1.205981625739340618e-02 0.000000000000000000e+00 3.821582056150688954e-06 0.000000000000000000e+00 0.000000000000000000e+00 0.000000000000000000e+00 9.819138880289457905e-04 1.429470328865521024e-05 4.487444735471088574e-07 1.124148767295958485e-03 0.000000000000000000e+00 0.000000000000000000e+00 0.000000000000000000e+00 0.000000000000000000e+00 0.000000000000000000e+00 0.000000000000000000e+00
3.700000000000000000e+03 6.203861884321517550e+01 1.160602515714223440e-03 0.000000000000000000e+00 3.008008637827604415e-01 0.000000000000000000e+00 6.784350175549745954e-01 3.176457261257255131e-03 2.462172457013332119e-04 1.382724618323139844e-02 0.000000000000000000e+00 4.197691668110120542e-06 0.000000000000000000e+00 0.000000000000000000e+00 0.000000000000000000e+00 1.102338449018561714e-03 1.677115684845533505e-05 5.168358774872700896e-07 1.229771322948131291e-03 0.000000000000000000e+00 0.000000000000000000e+00 0.000000000000000000e+00 0.000000000000000000e+00 0.000000000000000000e+00 0.000000000000000000e+00
3.725000000000000000e+03 6.291960503307350194e+01 1.152263635342236879e-03 0.000000000000000000e+00 2.986396262297899562e-01 0.000000000000000000e+00 6.781220420798284021e-01 3.411488479110271702e-03 2.652695643579511026e-04 1.580799131762080853e-02 0.000000000000000000e+00 4.600218719126508024e-06 0.000000000000000000e+00 0.000000000000000000e+00 0.000000000000000000e+00 1.234104968623947083e-03 1.961553267769806390e-05 5.935007672746624408e-07 1.342404473162371430e-03 0.000000000000000000e+00 0.000000000000000000e+00 0.000000000000000000e+00 0.000000000000000000e+00 0.000000000000000000e+00 0.000000000000000000e+00
3.750000000000000000e+03 6.386948772703362920e+01 1.143012460785197432e-03 0.000000000000000000e+00 2.962419350921908223e-01 0.000000000000000000e+00 6.777858906123417349e-01 3.656388048086375159e-03 2.852033938999774007e-04 1.801916146301456995e-02 0.000000000000000000e+00 5.029570959366050678e-06 0.000000000000000000e+00 0.000000000000000000e+00 0.000000000000000000e+00 1.377738572216985046e-03 2.287015012909911709e-05 6.794987792147127219e-07 1.462091137596729798e-03 0.000000000000000000e+00 0.000000000000000000e+00 0.000000000000000000e+00 0.000000000000000000e+00 0.000000000000000000e+00 0.000000000000000000e+00
3.775000000000000000e+03 6.489525336672177502e+01 1.132787275119075425e-03 0.000000000000000000e+00 2.935918127394310795e-01 0.000000000000000000e+00 6.774259388642233093e-01 3.910589458974380109e-03 3.059815391628544282e-04 2.047755369234175588e-02 0.000000000000000000e+00 5.485928655931814739e-06 0.000000000000000000e+00 0.000000000000000000e+00 0.000000000000000000e+00 1.533695808283521561e-03 2.657971038327881349e-05 7.755979358110972141e-07 1.588799385488974189e-03 0.000000000000000000e+00 0.000000000000000000e+00 0.000000000000000000e+00 0.000000000000000000e+00 0.000000000000000000e+00 0.000000000000000000e+00
3.800000000000000000e+03 6.600447271602294563e+01 1.121529896842451881e-03 0.000000000000000000e+00 2.906741623329626711e-01 0.000000000000000000e+00 6.770417230555988430e-01 4.173367272617771115e-03 3.275539646432760782e-04 2.319926146764092825e-02 0.000000000000000000e+00 5.969213061491768066e-06 0.000000000000000000e+00 0.000000000000000000e+00 0.000000000000000000e+00 1.702346824852248551e-03 3.079092061812574742e-05 8.825625943581041121e-07 1.722412488567749179e-03 0.000000000000000000e+00 0.000000000000000000e+00 0.000000000000000000e+00 0.000000000000000000e+00 0.000000000000000000e+00 0.000000000000000000e+00
