# T Ptot H He C N O Na K Si Ar Ti V S Cl Mg Al Ca Fe Cr Li Cs Rb F P
1.500000000000000000e+03 5.885513641622161174e+01 4.121651093632570061e-03 0.000000000000000000e+00 2.628489308513785039e-01 0.000000000000000000e+00 7.330294180382000979e-01 1.576175220972354932e-11 6.354156552381056241e-13 4.755938693696306347e-15 0.000000000000000000e+00 6.804731827579763355e-17 0.000000000000000000e+00 0.000000000000000000e+00 0.000000000000000000e+00 9.678078227361389200e-17 1.963599482378424326e-20 8.063570390121838623e-22 3.866284304526181274e-13 0.000000000000000000e+00 0.000000000000000000e+00 0.000000000000000000e+00 0.000000000000000000e+00 0.000000000000000000e+00 0.000000000000000000e+00
1.525000000000000000e+03 5.885517539841819712e+01 4.121651150213481024e-03 0.000000000000000000e+00 2.628489344790588267e-01 0.000000000000000000e+00 7.330294143418617514e-01 2.701678169001564656e-11 1.112176026617648563e-12 1.016887820642015317e-14 0.000000000000000000e+00 1.417437076284034662e-16 0.000000000000000000e+00 0.000000000000000000e+00 0.000000000000000000e+00 2.305861151591019295e-16 5.021479797676467084e-20 2.192388873108167327e-21 7.263970676102831869e-13 0.000000000000000000e+00 0.000000000000000000e+00 0.000000000000000000e+00 0.000000000000000000e+00 0.000000000000000000e+00 0.000000000000000000e+00
1.550000000000000000e+03 5.885522555704643821e+01 4.121651091386624444e-03 0.000000000000000000e+00 2.628489357588739139e-01 0.000000000000000000e+00 7.330294131009784664e-01 4.549261383089096883e-11 1.910805394677270254e-12 2.120257817213609513e-14 0.000000000000000000e+00 2.878705428072400556e-16 0.000000000000000000e+00 0.000000000000000000e+00 0.000000000000000000e+00 5.335190726294216138e-16 1.244660557117229669e-19 5.745763398598822098e-21 1.335494926050354601e-12 0.000000000000000000e+00 0.000000000000000000e+00 0.000000000000000000e+00 0.000000000000000000e+00 0.000000000000000000e+00 0.000000000000000000e+00
1.575000000000000000e+03 5.885528801977038427e+01 4.121651194413573395e-03 0.000000000000000000e+00 2.628489354626218910e-01 0.000000000000000000e+00 7.330294132619720182e-01 7.531716727090876338e-11 3.225323423468996720e-12 4.316299713890113174e-14 0.000000000000000000e+00 5.707251117794668731e-16 0.000000000000000000e+00 0.000000000000000000e+00 0.000000000000000000e+00 1.200470588452291441e-15 2.994817134182649241e-19 1.454450380239462539e-20 2.405230153097081674e-12 0.000000000000000000e+00 0.000000000000000000e+00 0.000000000000000000e+00 0.000000000000000000e+00 0.000000000000000000e+00 0.000000000000000000e+00
1.600000000000000000e+03 5.885536658292710399e+01 4.121651191491430832e-03 0.000000000000000000e+00 2.628489362025278608e-01 0.000000000000000000e+00 7.330294124735923234e-01 1.226980384207590591e-10 5.353112722412196105e-12 8.588899829056384253e-14 0.000000000000000000e+00 1.105846432914545680e-15 0.000000000000000000e+00 0.000000000000000000e+00 0.000000000000000000e+00 2.630338880169299278e-15 7.005010878640215768e-19 3.562775871427631094e-20 4.247630976523398404e-12 0.000000000000000000e+00 0.000000000000000000e+00 0.000000000000000000e+00 0.000000000000000000e+00 0.000000000000000000e+00 0.000000000000000000e+00
1.625000000000000000e+03 5.885546475926801691e+01 4.121651179142963098e-03 0.000000000000000000e+00 2.628489361944617575e-01 0.000000000000000000e+00 7.330294124132832323e-01 1.968318919818629152e-10 8.742908413270777482e-12 1.672369301825530280e-13 0.000000000000000000e+00 2.096386047047548486e-15 0.000000000000000000e+00 0.000000000000000000e+00 0.000000000000000000e+00 5.619130228674560065e-15 1.594952531379872872e-18 8.460105911259170993e-20 7.362334490322773185e-12 0.000000000000000000e+00 0.000000000000000000e+00 0.000000000000000000e+00 0.000000000000000000e+00 0.000000000000000000e+00 0.000000000000000000e+00
1.650000000000000000e+03 5.885558803772514125e+01 4.121651233506363164e-03 0.000000000000000000e+00 2.628489368655644864e-01 0.000000000000000000e+00 7.330294115628458451e-01 3.111513020529894436e-10 1.406181456078607334e-11 3.189579438695202885e-13 0.000000000000000000e+00 3.892224992479879566e-15 0.000000000000000000e+00 0.000000000000000000e+00 0.000000000000000000e+00 1.171735810948585546e-14 3.539433019667673522e-18 1.950594721331046689e-19 1.253548690559358287e-11 0.000000000000000000e+00 0.000000000000000000e+00 0.000000000000000000e+00 0.000000000000000000e+00 0.000000000000000000e+00 0.000000000000000000e+00
1.675000000000000000e+03 5.885574077255013492e+01 4.121651148610985110e-03 0.000000000000000000e+00 2.628489366973799091e-01 0.000000000000000000e+00 7.330294116250989367e-01 4.850115882316376873e-10 2.228759200847144170e-11 5.964218651637286321e-13 0.000000000000000000e+00 7.084183638043174522e-15 0.000000000000000000e+00 0.000000000000000000e+00 0.000000000000000000e+00 2.387642777344461729e-14 7.664450976594657535e-18 4.373407801326286510e-19 2.098356721267461632e-11 0.000000000000000000e+00 0.000000000000000000e+00 0.000000000000000000e+00 0.000000000000000000e+00 0.000000000000000000e+00 0.000000000000000000e+00
1.700000000000000000e+03 5.885593051378432961e+01 4.121651124048945208e-03 0.000000000000000000e+00 2.628489332809345602e-01 0.000000000000000000e+00 7.330294147785247905e-01 7.459439721501776421e-10 3.483405271778263281e-11 1.094412963186402664e-12 0.000000000000000000e+00 1.265135746240382662e-14 0.000000000000000000e+00 0.000000000000000000e+00 0.000000000000000000e+00 4.759220906841131350e-14 1.621341367458683666e-17 9.548779737148081370e-19 3.455925458202346942e-11 0.000000000000000000e+00 0.000000000000000000e+00 0.000000000000000000e+00 0.000000000000000000e+00 0.000000000000000000e+00 0.000000000000000000e+00
1.725000000000000000e+03 5.885616368954330824e+01 4.121651155661654187e-03 0.000000000000000000e+00 2.628489356811274935e-01 0.000000000000000000e+00 7.330294119187333868e-01 1.132628892207542669e-09 5.371929267096841472e-11 1.972346651574432330e-12 0.000000000000000000e+00 2.218744047317820048e-14 0.000000000000000000e+00 0.000000000000000000e+00 0.000000000000000000e+00 9.288618337068952120e-14 3.354061564650378626e-17 2.032933807505709611e-18 5.604170572007443942e-11 0.000000000000000000e+00 0.000000000000000000e+00 0.000000000000000000e+00 0.000000000000000000e+00 0.000000000000000000e+00 0.000000000000000000e+00
1.750000000000000000e+03 5.885645129290865896e+01 4.121651170805028588e-03 0.000000000000000000e+00 2.628489349390046304e-01 0.000000000000000000e+00 7.330294120163776128e-01 1.698774401096816340e-09 8.178866004752946012e-11 3.493865492560925001e-12 0.000000000000000000e+00 3.824248731848059395e-14 0.000000000000000000e+00 0.000000000000000000e+00 0.000000000000000000e+00 1.776694834728644187e-13 6.792071361016972998e-17 4.225529654789481606e-18 8.954000850061375207e-11 0.000000000000000000e+00 0.000000000000000000e+00 0.000000000000000000e+00 0.000000000000000000e+00 0.000000000000000000e+00 0.000000000000000000e+00
1.775000000000000000e+03 5.885680365262584246e+01 4.121651195682789030e-03 0.000000000000000000e+00 2.628489349465447100e-01 0.000000000000000000e+00 7.330294110691140119e-01 2.518119027086088382e-09 1.230068743518264509e-10 6.088045883433698999e-12 0.000000000000000000e+00 6.483062610873453064e-14 0.000000000000000000e+00 0.000000000000000000e+00 0.000000000000000000e+00 3.333468293189302262e-13 1.347645907125161366e-16 8.584643316699780183e-18 1.410463360107680028e-10 0.000000000000000000e+00 0.000000000000000000e+00 0.000000000000000000e+00 0.000000000000000000e+00 0.000000000000000000e+00 0.000000000000000000e+00
1.800000000000000000e+03 5.885723443937357047e+01 4.121651139735611584e-03 0.000000000000000000e+00 2.628489352241108468e-01 0.000000000000000000e+00 7.330294095321494563e-01 3.690818235004408847e-09 1.828365121121347897e-10 1.044260754192473598e-11 0.000000000000000000e+00 1.081726388158515977e-13 0.000000000000000000e+00 0.000000000000000000e+00 0.000000000000000000e+00 6.139824555740627580e-13 2.622269217275130715e-16 1.706535920360456062e-17 2.191844889138985497e-10 0.000000000000000000e+00 0.000000000000000000e+00 0.000000000000000000e+00 0.000000000000000000e+00 0.000000000000000000e+00 0.000000000000000000e+00
1.825000000000000000e+03 5.885775847558755913e+01 4.121651104465682246e-03 0.000000000000000000e+00 2.628489323552274937e-01 0.000000000000000000e+00 7.330294105660069004e-01 5.351513204697159219e-09 2.676431876848890332e-10 1.764386553420624341e-11 0.000000000000000000e+00 1.777659626042160740e-13 0.000000000000000000e+00 0.000000000000000000e+00 0.000000000000000000e+00 1.111032294837743186e-12 5.008084362653160621e-16 3.322770390207838034e-17 3.362103212345380600e-10 0.000000000000000000e+00 0.000000000000000000e+00 0.000000000000000000e+00 0.000000000000000000e+00 0.000000000000000000e+00 0.000000000000000000e+00
1.850000000000000000e+03 5.885839373238314209e+01 4.121651022359361372e-03 0.000000000000000000e+00 2.628489336613608063e-01 0.000000000000000000e+00 7.330294067067748554e-01 7.679429444237184100e-09 3.890929455950510736e-10 2.938405748388988782e-11 0.000000000000000000e+00 2.879046712337463913e-13 0.000000000000000000e+00 0.000000000000000000e+00 0.000000000000000000e+00 1.976629228785528446e-12 9.395169039423005198e-16 6.342925330349255059e-17 5.093330588098273277e-10 0.000000000000000000e+00 0.000000000000000000e+00 0.000000000000000000e+00 0.000000000000000000e+00 0.000000000000000000e+00 0.000000000000000000e+00
1.875000000000000000e+03 5.885916179492129174e+01 4.121651039796666444e-03 0.000000000000000000e+00 2.628489281778927378e-01 0.000000000000000000e+00 7.330294084969665169e-01 1.091089598948303130e-08 5.598213477100095685e-10 4.826459055197230104e-11 0.000000000000000000e+00 4.598093398105344214e-13 0.000000000000000000e+00 0.000000000000000000e+00 0.000000000000000000e+00 3.459803039919111104e-12 1.732622367960190201e-15 1.188148893786642679e-16 7.624404896528755344e-10 0.000000000000000000e+00 0.000000000000000000e+00 0.000000000000000000e+00 0.000000000000000000e+00 0.000000000000000000e+00 0.000000000000000000e+00
1.900000000000000000e+03 5.886008567911282796e+01 4.121651064403267922e-03 0.000000000000000000e+00 2.628489270806865230e-01 0.000000000000000000e+00 7.330294044894407612e-01 1.535473004950437157e-08 7.974877253618503680e-10 7.823427530718020585e-11 0.000000000000000000e+00 7.245728446823359854e-13 0.000000000000000000e+00 0.000000000000000000e+00 0.000000000000000000e+00 5.961960765725641093e-12 3.143261771419878038e-15 2.185791396227522701e-16 1.128327700443365356e-09 0.000000000000000000e+00 0.000000000000000000e+00 0.000000000000000000e+00 0.000000000000000000e+00 0.000000000000000000e+00 0.000000000000000000e+00
1.925000000000000000e+03 5.886119366233064909e+01 4.121650952046273554e-03 0.000000000000000000e+00 2.628489268290883363e-01 0.000000000000000000e+00 7.330293978946227362e-01 2.141098240115062143e-08 1.125245135920117205e-09 1.252153892042223394e-10 0.000000000000000000e+00 1.127183759444979862e-12 0.000000000000000000e+00 0.000000000000000000e+00 0.000000000000000000e+00 1.012062959070830243e-11 5.613448041634281649e-15 3.952266515179074939e-16 1.651545921658116802e-09 0.000000000000000000e+00 0.000000000000000000e+00 0.000000000000000000e+00 0.000000000000000000e+00 0.000000000000000000e+00 0.000000000000000000e+00
1.950000000000000000e+03 5.886251726105527382e+01 4.121650951984408111e-03 0.000000000000000000e+00 2.628489229977093444e-01 0.000000000000000000e+00 7.330293922748523094e-01 2.959359328689381741e-08 1.573186537819754685e-09 1.979885346884688601e-10 0.000000000000000000e+00 1.731956203288105590e-12 0.000000000000000000e+00 0.000000000000000000e+00 0.000000000000000000e+00 1.693408990016208755e-11 9.874880737940422920e-15 7.029212634138226462e-16 2.392008746159464428e-09 0.000000000000000000e+00 0.000000000000000000e+00 0.000000000000000000e+00 0.000000000000000000e+00 0.000000000000000000e+00 0.000000000000000000e+00
1.975000000000000000e+03 5.886409365572503560e+01 4.121650839400934317e-03 0.000000000000000000e+00 2.628489123984409370e-01 0.000000000000000000e+00 7.330293902549694929e-01 4.055755248179737734e-08 2.180099899819856522e-09 3.094304325658755255e-10 0.000000000000000000e+00 2.629773495180816279e-12 0.000000000000000000e+00 0.000000000000000000e+00 0.000000000000000000e+00 2.794437209728717031e-11 1.712196429343094725e-14 1.230537523972519445e-15 3.429513535493958150e-09 0.000000000000000000e+00 0.000000000000000000e+00 0.000000000000000000e+00 0.000000000000000000e+00 0.000000000000000000e+00 0.000000000000000000e+00
2.000000000000000000e+03 5.886596251307458516e+01 4.121650766906282543e-03 0.000000000000000000e+00 2.628489110961838016e-01 0.000000000000000000e+00 7.330293746130317478e-01 5.513122592407598841e-08 2.995581633420013534e-09 4.782289447223758180e-10 0.000000000000000000e+00 3.947645723909651151e-12 0.000000000000000000e+00 0.000000000000000000e+00 0.000000000000000000e+00 4.550247654969729817e-11 2.927847374779741315e-14 2.121770448693969853e-15 4.869360057440945636e-09 0.000000000000000000e+00 0.000000000000000000e+00 0.000000000000000000e+00 0.000000000000000000e+00 0.000000000000000000e+00 0.000000000000000000e+00
2.025000000000000000e+03 5.886817099847194612e+01 4.121650613146261334e-03 0.000000000000000000e+00 2.628489025452361849e-01 0.000000000000000000e+00 7.330293607449783755e-01 7.435451049930073880e-08 4.082559425807285095e-09 7.312374565296963027e-10 0.000000000000000000e+00 5.861186485320495389e-12 0.000000000000000000e+00 0.000000000000000000e+00 0.000000000000000000e+00 7.314798768654964165e-11 4.943017780398011574e-14 3.605694522621600540e-15 6.849269877362956633e-09 0.000000000000000000e+00 0.000000000000000000e+00 0.000000000000000000e+00 0.000000000000000000e+00 0.000000000000000000e+00 0.000000000000000000e+00
2.050000000000000000e+03 5.887077301006594610e+01 4.121650405020423590e-03 0.000000000000000000e+00 2.628488870078451445e-01 0.000000000000000000e+00 7.330293467636955773e-01 9.952377429145359393e-08 5.520296352763442641e-09 1.106680322184395531e-09 0.000000000000000000e+00 8.610734851728066710e-12 0.000000000000000000e+00 0.000000000000000000e+00 0.000000000000000000e+00 1.161460522816467169e-10 8.235136046970413321e-14 6.042591891719659084e-15 9.547842754705530272e-09 0.000000000000000000e+00 0.000000000000000000e+00 0.000000000000000000e+00 0.000000000000000000e+00 0.000000000000000000e+00 0.000000000000000000e+00
2.075000000000000000e+03 5.887382474624055817e+01 4.121650132414235966e-03 0.000000000000000000e+00 2.628488727098369782e-01 0.000000000000000000e+00 7.330293224577741906e-01 1.322438777836466462e-07 7.407909446047128166e-09 1.658480197554857735e-09 0.000000000000000000e+00 1.252198537628686099e-11 0.000000000000000000e+00 0.000000000000000000e+00 0.000000000000000000e+00 1.822379702581278494e-10 1.355233174693395628e-13 9.991812591669927496e-15 1.319480165043167463e-08 0.000000000000000000e+00 0.000000000000000000e+00 0.000000000000000000e+00 0.000000000000000000e+00 0.000000000000000000e+00 0.000000000000000000e+00
2.100000000000000000e+03 5.887739392411535277e+01 4.121649828597204537e-03 0.000000000000000000e+00 2.628488526710151540e-01 0.000000000000000000e+00 7.330292922968237868e-01 1.744887336655982575e-07 9.868505607490171854e-09 2.462057634363189201e-09 0.000000000000000000e+00 1.803213785859900080e-11 0.000000000000000000e+00 0.000000000000000000e+00 0.000000000000000000e+00 2.826792066499549630e-10 2.204095172414205648e-13 1.631104922323983202e-14 1.808331904868093527e-08 0.000000000000000000e+00 0.000000000000000000e+00 0.000000000000000000e+00 0.000000000000000000e+00 0.000000000000000000e+00 0.000000000000000000e+00
2.125000000000000000e+03 5.888155254433721097e+01 4.121649448412855257e-03 0.000000000000000000e+00 2.628488244490618797e-01 0.000000000000000000e+00 7.330292557111260932e-01 2.286708670602972222e-07 1.305398336696460362e-08 3.622047873947967774e-09 0.000000000000000000e+00 2.572274242223563842e-11 0.000000000000000000e+00 0.000000000000000000e+00 0.000000000000000000e+00 4.336593395362486716e-10 3.544200922728085250e-13 2.629989094696552160e-14 2.458473798021833032e-08 0.000000000000000000e+00 0.000000000000000000e+00 0.000000000000000000e+00 0.000000000000000000e+00 0.000000000000000000e+00 0.000000000000000000e+00
2.150000000000000000e+03 5.888638322462290375e+01 4.121648871131383500e-03 0.000000000000000000e+00 2.628487891848398372e-01 0.000000000000000000e+00 7.330292079288346363e-01 2.977209025333683202e-07 1.715057835503449875e-08 5.282499584652276866e-09 0.000000000000000000e+00 3.636059313181999111e-11 0.000000000000000000e+00 0.000000000000000000e+00 0.000000000000000000e+00 6.582247589189711355e-10 5.637249289913249383e-13 4.190510234219275215e-14 3.316602289236762071e-08 0.000000000000000000e+00 0.000000000000000000e+00 0.000000000000000000e+00 0.000000000000000000e+00 0.000000000000000000e+00 0.000000000000000000e+00
2.175000000000000000e+03 5.889197461315074378e+01 4.121648211559277367e-03 0.000000000000000000e+00 2.628487430910397826e-01 0.000000000000000000e+00 7.330291480427256756e-01 3.851780816857603482e-07 2.238523549500608456e-08 7.640269956012766059e-09 0.000000000000000000e+00 5.094822845844536462e-11 0.000000000000000000e+00 0.000000000000000000e+00 0.000000000000000000e+00 9.888566099533017567e-10 8.872735308240360468e-13 6.601105252407860730e-14 4.441032994486606093e-08 0.000000000000000000e+00 0.000000000000000000e+00 0.000000000000000000e+00 0.000000000000000000e+00 0.000000000000000000e+00 0.000000000000000000e+00
2.200000000000000000e+03 5.889842639645529943e+01 4.121647252287121733e-03 0.000000000000000000e+00 2.628486849289205507e-01 0.000000000000000000e+00 7.330290719466876492e-01 4.952924626240532385e-07 2.903288167858150103e-08 1.096251469055377056e-08 0.000000000000000000e+00 7.078575845185736399e-11 0.000000000000000000e+00 0.000000000000000000e+00 0.000000000000000000e+00 1.470894032821982119e-09 1.382487348208208839e-12 1.028464071725590269e-13 5.904108045066408285e-08 0.000000000000000000e+00 0.000000000000000000e+00 0.000000000000000000e+00 0.000000000000000000e+00 0.000000000000000000e+00 0.000000000000000000e+00
2.225000000000000000e+03 5.890584662100101809e+01 4.121646122506658974e-03 0.000000000000000000e+00 2.628486170438004699e-01 0.000000000000000000e+00 7.330289704428578634e-01 6.331399055042982603e-07 3.742468281514509873e-08 1.560939532256203574e-08 0.000000000000000000e+00 9.754601178266916395e-11 0.000000000000000000e+00 0.000000000000000000e+00 0.000000000000000000e+00 2.167041670499542840e-09 2.133251597400640802e-12 1.585480551159558070e-13 7.794997184711123879e-08 0.000000000000000000e+00 0.000000000000000000e+00 0.000000000000000000e+00 0.000000000000000000e+00 0.000000000000000000e+00 0.000000000000000000e+00
2.250000000000000000e+03 5.891435536203179879e+01 4.121644718695725157e-03 0.000000000000000000e+00 2.628485281684884156e-01 0.000000000000000000e+00 7.330288468118536516e-01 8.047506944045736200e-07 4.795736455416231341e-08 2.206341177016338951e-08 0.000000000000000000e+00 1.333651417766738500e-10 0.000000000000000000e+00 0.000000000000000000e+00 0.000000000000000000e+00 3.163235031514256594e-09 3.261043578634537555e-12 2.419356631211634124e-13 1.022293883292788831e-07 0.000000000000000000e+00 0.000000000000000000e+00 0.000000000000000000e+00 0.000000000000000000e+00 0.000000000000000000e+00 0.000000000000000000e+00
2.275000000000000000e+03 5.892408043767589731e+01 4.121642948756774547e-03 0.000000000000000000e+00 2.628484141027067067e-01 0.000000000000000000e+00 7.330286956529075137e-01 1.017252637269388469e-06 6.110368958317816000e-08 3.096709594711877303e-08 0.000000000000000000e+00 1.809510974244986078e-10 0.000000000000000000e+00 0.000000000000000000e+00 0.000000000000000000e+00 4.576251165959777986e-09 4.940304646982134247e-12 3.655658893727292078e-13 1.332096980621621625e-07 0.000000000000000000e+00 0.000000000000000000e+00 0.000000000000000000e+00 0.000000000000000000e+00 0.000000000000000000e+00 0.000000000000000000e+00
2.300000000000000000e+03 5.893516304903394598e+01 4.121640730164794278e-03 0.000000000000000000e+00 2.628482730183345217e-01 0.000000000000000000e+00 7.330285073095929027e-01 1.279029478343539991e-06 7.742414865052942956e-08 4.317123335726620334e-08 0.000000000000000000e+00 2.437125842930310292e-10 0.000000000000000000e+00 0.000000000000000000e+00 0.000000000000000000e+00 6.563443633473777316e-09 7.419513623929505331e-12 5.471546838955870632e-13 1.725019245732371776e-07 0.000000000000000000e+00 0.000000000000000000e+00 0.000000000000000000e+00 0.000000000000000000e+00 0.000000000000000000e+00 0.000000000000000000e+00
2.325000000000000000e+03 5.894775662862164722e+01 4.121638018823426709e-03 0.000000000000000000e+00 2.628480995764783668e-01 0.000000000000000000e+00 7.330282734138441336e-01 1.599895379037277700e-06 9.757997326496736320e-08 5.979626402540092296e-08 0.000000000000000000e+00 3.259112572435517095e-10 0.000000000000000000e+00 0.000000000000000000e+00 0.000000000000000000e+00 9.335139937054810015e-09 1.104986623362979064e-11 8.114800813617380836e-13 2.220463251313581238e-07 0.000000000000000000e+00 0.000000000000000000e+00 0.000000000000000000e+00 0.000000000000000000e+00 0.000000000000000000e+00 0.000000000000000000e+00
2.350000000000000000e+03 5.896202434142641380e+01 4.121634638782359361e-03 0.000000000000000000e+00 2.628478804150475856e-01 0.000000000000000000e+00 7.330279912138388809e-01 1.991286483854194279e-06 1.223475196215268168e-07 8.231014520739893916e-08 0.000000000000000000e+00 4.328403044311600321e-10 0.000000000000000000e+00 0.000000000000000000e+00 0.000000000000000000e+00 1.317029052595483131e-08 1.632403188167323772e-11 1.192907088145527982e-12 2.841675348807456900e-07 0.000000000000000000e+00 0.000000000000000000e+00 0.000000000000000000e+00 0.000000000000000000e+00 0.000000000000000000e+00 0.000000000000000000e+00
2.375000000000000000e+03 5.897814353391902387e+01 4.121630424145719673e-03 0.000000000000000000e+00 2.628476109873850164e-01 0.000000000000000000e+00 7.330276461885311123e-01 2.466469735096492750e-06 1.526341337803724550e-07 1.126266707743304557e-07 0.000000000000000000e+00 5.710325179254494272e-10 0.000000000000000000e+00 0.000000000000000000e+00 0.000000000000000000e+00 1.843607782803106193e-08 2.392816761473870137e-11 1.738712126693885539e-12 3.616366215258673549e-07 0.000000000000000000e+00 0.000000000000000000e+00 0.000000000000000000e+00 0.000000000000000000e+00 0.000000000000000000e+00 0.000000000000000000e+00
2.400000000000000000e+03 5.899630359870900520e+01 4.121625302345770236e-03 0.000000000000000000e+00 2.628472879970661369e-01 0.000000000000000000e+00 7.330272190670726884e-01 3.040769829990809483e-06 1.894954917987203301e-07 1.532291137254068922e-07 0.000000000000000000e+00 7.485012142666100726e-10 0.000000000000000000e+00 0.000000000000000000e+00 0.000000000000000000e+00 2.561230883192736556e-08 3.481127820935764390e-11 2.513426526713655028e-12 4.577409451277107125e-07 0.000000000000000000e+00 0.000000000000000000e+00 0.000000000000000000e+00 0.000000000000000000e+00 0.000000000000000000e+00 0.000000000000000000e+00
2.425000000000000000e+03 5.901670571211906946e+01 4.121619039064332475e-03 0.000000000000000000e+00 2.628468844373398894e-01 0.000000000000000000e+00 7.330267105165090280e-01 3.731814681454620155e-06 2.341546015310999843e-07 2.073251596193937225e-07 0.000000000000000000e+00 9.750177272618274761e-10 0.000000000000000000e+00 0.000000000000000000e+00 0.000000000000000000e+00 3.532155130642580483e-08 5.027711232492088081e-11 3.604471489919050462e-12 5.763621936661339951e-07 0.000000000000000000e+00 0.000000000000000000e+00 0.000000000000000000e+00 0.000000000000000000e+00 0.000000000000000000e+00 0.000000000000000000e+00
2.450000000000000000e+03 5.903956589281489187e+01 4.121611390578358569e-03 0.000000000000000000e+00 2.628463957926486239e-01 0.000000000000000000e+00 7.330260941847409617e-01 4.559800327916549758e-06 2.880223477887994831e-07 2.790402159998096081e-07 0.000000000000000000e+00 1.262429028321704897e-09 0.000000000000000000e+00 0.000000000000000000e+00 0.000000000000000000e+00 4.836610068473394020e-08 7.210517390965649965e-11 5.129414924198003227e-12 7.220633758668260515e-07 0.000000000000000000e+00 0.000000000000000000e+00 0.000000000000000000e+00 0.000000000000000000e+00 0.000000000000000000e+00 0.000000000000000000e+00
2.475000000000000000e+03 5.906511341436728912e+01 4.121602114714832503e-03 0.000000000000000000e+00 2.628458027309863998e-01 0.000000000000000000e+00 7.330253533097321750e-01 5.547773650877922947e-06 3.527198026409562048e-07 3.736578095319605321e-07 0.000000000000000000e+00 1.625018747593160899e-09 0.000000000000000000e+00 0.000000000000000000e+00 0.000000000000000000e+00 6.577304970821414208e-08 1.027091286701838268e-10 7.245255881850931784e-12 9.001852806357536482e-07 0.000000000000000000e+00 0.000000000000000000e+00 0.000000000000000000e+00 0.000000000000000000e+00 0.000000000000000000e+00 0.000000000000000000e+00
2.500000000000000000e+03 5.909358870104021833e+01 4.121590788658879151e-03 0.000000000000000000e+00 2.628450858881743457e-01 0.000000000000000000e+00 7.330244653304134328e-01 6.721935554306719924e-06 4.301022271064920511e-07 4.979173516640865101e-07 0.000000000000000000e+00 2.079916889137754778e-09 0.000000000000000000e+00 0.000000000000000000e+00 0.000000000000000000e+00 8.884886181273101372e-08 1.453429616927279704e-10 1.016022274408016206e-11 1.116953338437784523e-06 0.000000000000000000e+00 0.000000000000000000e+00 0.000000000000000000e+00 0.000000000000000000e+00 0.000000000000000000e+00 0.000000000000000000e+00
2.525000000000000000e+03 5.912524501393875198e+01 4.121577242094429973e-03 0.000000000000000000e+00 2.628442206401092607e-01 0.000000000000000000e+00 7.330234057813852511e-01 8.111963652448737170e-06 5.222847967207382924e-07 6.603816600718157160e-07 0.000000000000000000e+00 2.647559856819758244e-09 0.000000000000000000e+00 0.000000000000000000e+00 0.000000000000000000e+00 1.192450631564435413e-07 2.043677798021626432e-10 1.414867303115759373e-11 1.379595162326818470e-06 0.000000000000000000e+00 0.000000000000000000e+00 0.000000000000000000e+00 0.000000000000000000e+00 0.000000000000000000e+00 0.000000000000000000e+00
2.550000000000000000e+03 5.916035093409816170e+01 4.121560876569706384e-03 0.000000000000000000e+00 2.628431755740015530e-01 0.000000000000000000e+00 7.330221494750366329e-01 9.751351726784733613e-06 6.316701236623970897e-07 8.718887399830219552e-07 0.000000000000000000e+00 3.352206651910749283e-09 0.000000000000000000e+00 0.000000000000000000e+00 0.000000000000000000e+00 1.590368224883775313e-07 2.855952060837213922e-10 1.956978749198222247e-11 1.696469607357367171e-06 0.000000000000000000e+00 0.000000000000000000e+00 0.000000000000000000e+00 0.000000000000000000e+00 0.000000000000000000e+00 0.000000000000000000e+00
2.575000000000000000e+03 5.919918367378589608e+01 4.121541159408951584e-03 0.000000000000000000e+00 2.628419191230932372e-01 0.000000000000000000e+00 7.330206621928014865e-01 1.167777063535759075e-05 7.609775659860540663e-07 1.146105527445449291e-06 0.000000000000000000e+00 4.222513868057915790e-09 0.000000000000000000e+00 0.000000000000000000e+00 0.000000000000000000e+00 2.108164291404451510e-07 3.967269859789911518e-10 2.689089718476136983e-11 2.077208406640167588e-06 0.000000000000000000e+00 0.000000000000000000e+00 0.000000000000000000e+00 0.000000000000000000e+00 0.000000000000000000e+00 0.000000000000000000e+00
2.600000000000000000e+03 5.924203339585633898e+01 4.121517495015734889e-03 0.000000000000000000e+00 2.628404161437127295e-01 0.000000000000000000e+00 7.330189028873024260e-01 1.393344543562424808e-05 9.132742029942838224e-07 1.500203442656714642e-06 0.000000000000000000e+00 5.292173518170852101e-09 0.000000000000000000e+00 0.000000000000000000e+00 0.000000000000000000e+00 2.778038128076477386e-07 5.479148609158363432e-10 3.671640668598511157e-11 2.532870270029770953e-06 0.000000000000000000e+00 0.000000000000000000e+00 0.000000000000000000e+00 0.000000000000000000e+00 0.000000000000000000e+00 0.000000000000000000e+00
2.625000000000000000e+03 5.928920208013709470e+01 4.121489377129951281e-03 0.000000000000000000e+00 2.628386160744262678e-01 0.000000000000000000e+00 7.330168338213088886e-01 1.656555114992025300e-05 1.092007653097290845e-06 1.955680154749256098e-06 0.000000000000000000e+00 6.600616630588743715e-09 0.000000000000000000e+00 0.000000000000000000e+00 0.000000000000000000e+00 3.639765170096966469e-07 7.524699913411557432e-10 4.982346455671292654e-11 3.076108750083427928e-06 0.000000000000000000e+00 0.000000000000000000e+00 0.000000000000000000e+00 0.000000000000000000e+00 0.000000000000000000e+00 0.000000000000000000e+00
2.650000000000000000e+03 5.934100071560526857e+01 4.121455704128574454e-03 0.000000000000000000e+00 2.628364691171917733e-01 0.000000000000000000e+00 7.330144032956168454e-01 1.962662251796615256e-05 1.301040506950500660e-06 2.539355033266593910e-06 0.000000000000000000e+00 8.193786730594094148e-09 0.000000000000000000e+00 0.000000000000000000e+00 0.000000000000000000e+00 4.742217286061070140e-07 1.027757304700932710e-09 6.720571603845490475e-11 3.721354526224420599e-06 0.000000000000000000e+00 0.000000000000000000e+00 0.000000000000000000e+00 0.000000000000000000e+00 0.000000000000000000e+00 0.000000000000000000e+00
2.675000000000000000e+03 5.939774972161868050e+01 4.121415520697640188e-03 0.000000000000000000e+00 2.628339086625347543e-01 0.000000000000000000e+00 7.330115604394613626e-01 2.317498363366386150e-05 1.544686489676886494e-06 3.284570603838456368e-06 0.000000000000000000e+00 1.012498645222796746e-08 0.000000000000000000e+00 0.000000000000000000e+00 0.000000000000000000e+00 6.145131715448795957e-07 1.396317568257079499e-09 9.012667602838887451e-11 4.485011976785408414e-06 0.000000000000000000e+00 0.000000000000000000e+00 0.000000000000000000e+00 0.000000000000000000e+00 0.000000000000000000e+00 0.000000000000000000e+00
2.700000000000000000e+03 5.945977739415933883e+01 4.121367891061739931e-03 0.000000000000000000e+00 2.628308641078266894e-01 0.000000000000000000e+00 7.330082401739914655e-01 2.727518995445850651e-05 1.827748145350533930e-06 4.232637965120711835e-06 0.000000000000000000e+00 1.245579749160254594e-08 0.000000000000000000e+00 0.000000000000000000e+00 0.000000000000000000e+00 7.921158086044817430e-07 1.887268562031721056e-09 1.201844872391633550e-10 5.385671995996027850e-06 0.000000000000000000e+00 0.000000000000000000e+00 0.000000000000000000e+00 0.000000000000000000e+00 0.000000000000000000e+00 0.000000000000000000e+00
2.725000000000000000e+03 5.952742024520833297e+01 4.121311262469005629e-03 0.000000000000000000e+00 2.628272491906976649e-01 0.000000000000000000e+00 7.330043728289983296e-01 3.199847884484969119e-05 2.155556090831567732e-06 5.434566655149322890e-06 0.000000000000000000e+00 1.525707993901517753e-08 0.000000000000000000e+00 0.000000000000000000e+00 0.000000000000000000e+00 1.015821593440077405e-06 2.538045997294326860e-09 1.593901626814220649e-10 6.444340134787347164e-06 0.000000000000000000e+00 0.000000000000000000e+00 0.000000000000000000e+00 0.000000000000000000e+00 0.000000000000000000e+00 0.000000000000000000e+00
2.750000000000000000e+03 5.960102199145293866e+01 4.121243907089455760e-03 0.000000000000000000e+00 2.628229583841797945e-01 0.000000000000000000e+00 7.329998842098781608e-01 3.742324029603937084e-05 2.534009289927450605e-06 6.953131216311210198e-06 0.000000000000000000e+00 1.861004945855729851e-08 0.000000000000000000e+00 0.000000000000000000e+00 0.000000000000000000e+00 1.296219601976305029e-06 3.396557251937770732e-09 2.102615133850299510e-10 7.684681579954328806e-06 0.000000000000000000e+00 0.000000000000000000e+00 0.000000000000000000e+00 0.000000000000000000e+00 0.000000000000000000e+00 0.000000000000000000e+00
2.775000000000000000e+03 5.968092612262871910e+01 4.121164241509013386e-03 0.000000000000000000e+00 2.628178839965148450e-01 0.000000000000000000e+00 7.329946746298604543e-01 4.363549160465272919e-05 2.969617915586067806e-06 8.865327349001191412e-06 0.000000000000000000e+00 2.260743718675125884e-08 0.000000000000000000e+00 0.000000000000000000e+00 0.000000000000000000e+00 1.646004246530366866e-06 4.523833921941427814e-09 2.759355906308889273e-10 9.133283793347349839e-06 0.000000000000000000e+00 0.000000000000000000e+00 0.000000000000000000e+00 0.000000000000000000e+00 0.000000000000000000e+00 0.000000000000000000e+00
2.800000000000000000e+03 5.976748520144757038e+01 4.121070000670650282e-03 0.000000000000000000e+00 2.628118768924390669e-01 0.000000000000000000e+00 7.329886549514946781e-01 5.072935786412694447e-05 3.469545216054472371e-06 1.126527954009883885e-05 0.000000000000000000e+00 2.735472986874741647e-08 0.000000000000000000e+00 0.000000000000000000e+00 0.000000000000000000e+00 2.080324865464025085e-06 5.997282236916143958e-09 3.603023880074860310e-10 1.081993559543787199e-05 0.000000000000000000e+00 0.000000000000000000e+00 0.000000000000000000e+00 0.000000000000000000e+00 0.000000000000000000e+00 0.000000000000000000e+00
2.825000000000000000e+03 5.986105168461124038e+01 4.120958850696394490e-03 0.000000000000000000e+00 2.628047860174152484e-01 0.000000000000000000e+00 7.329817017748897490e-01 5.880756895601537922e-05 4.041652625908866541e-06 1.426767508414488206e-05 0.000000000000000000e+00 3.297149036099902511e-08 0.000000000000000000e+00 0.000000000000000000e+00 0.000000000000000000e+00 2.617180933076849483e-06 7.914651997718723530e-09 4.681633130205481568e-10 1.277792509370908469e-05 0.000000000000000000e+00 0.000000000000000000e+00 0.000000000000000000e+00 0.000000000000000000e+00 0.000000000000000000e+00 0.000000000000000000e+00
2.850000000000000000e+03 5.996198090814396409e+01 4.120827513985072035e-03 0.000000000000000000e+00 2.627964116503055392e-01 0.000000000000000000e+00 7.329736997316751435e-01 6.798194322853389176e-05 4.694544313005669010e-06 1.801179863078593093e-05 0.000000000000000000e+00 3.959276661183814334e-08 0.000000000000000000e+00 0.000000000000000000e+00 0.000000000000000000e+00 3.277866060603029130e-06 1.039885815755259868e-08 6.054181122657883406e-10 1.504435475817471400e-05 0.000000000000000000e+00 0.000000000000000000e+00 0.000000000000000000e+00 0.000000000000000000e+00 0.000000000000000000e+00 0.000000000000000000e+00
2.875000000000000000e+03 6.007062829256634018e+01 4.120672838877393468e-03 0.000000000000000000e+00 2.627865424900044933e-01 0.000000000000000000e+00 7.329644972142572712e-01 7.837389100263490325e-05 5.437613453647099108e-06 2.266625804749701872e-05 0.000000000000000000e+00 4.737057100818785725e-08 0.000000000000000000e+00 0.000000000000000000e+00 0.000000000000000000e+00 4.087465857314954338e-06 1.360381652235126718e-08 7.792843648916132082e-10 1.766047482763514088e-05 0.000000000000000000e+00 0.000000000000000000e+00 0.000000000000000000e+00 0.000000000000000000e+00 0.000000000000000000e+00 0.000000000000000000e+00
2.900000000000000000e+03 6.018734801029393111e+01 4.120490608443791967e-03 0.000000000000000000e+00 2.627749230740389352e-01 0.000000000000000000e+00 7.329539331833517801e-01 9.011490312317639345e-05 6.281087493581168935e-06 2.843449912793253345e-05 0.000000000000000000e+00 5.647544622579003013e-08 0.000000000000000000e+00 0.000000000000000000e+00 0.000000000000000000e+00 5.075412332379131933e-06 1.772147543179252769e-08 9.985540790690148462e-10 2.067203661266226781e-05 0.000000000000000000e+00 0.000000000000000000e+00 0.000000000000000000e+00 0.000000000000000000e+00 0.000000000000000000e+00 0.000000000000000000e+00
2.925000000000000000e+03 6.031249727085713630e+01 4.120276212857635137e-03 0.000000000000000000e+00 2.627612498035143407e-01 0.000000000000000000e+00 7.329418325328906914e-01 1.033470367065651133e-04 7.236075808049423918e-06 3.556121511514082263e-05 0.000000000000000000e+00 6.709810171993786917e-08 0.000000000000000000e+00 0.000000000000000000e+00 0.000000000000000000e+00 6.276098726665214541e-06 2.299025368148193661e-08 1.273892541517761421e-09 2.412966213314750416e-05 0.000000000000000000e+00 0.000000000000000000e+00 0.000000000000000000e+00 0.000000000000000000e+00 0.000000000000000000e+00 0.000000000000000000e+00
2.950000000000000000e+03 6.044642871584635202e+01 4.120024295497415508e-03 0.000000000000000000e+00 2.627451809573108088e-01 0.000000000000000000e+00 7.329279873873723039e-01 1.182234055410562312e-04 8.314615090490680554e-06 4.433977306628793588e-05 0.000000000000000000e+00 7.945113318985828656e-08 0.000000000000000000e+00 0.000000000000000000e+00 0.000000000000000000e+00 7.729560106164953305e-06 2.970512561523591644e-08 1.618184736728420762e-09 2.808923157191143519e-05 0.000000000000000000e+00 0.000000000000000000e+00 0.000000000000000000e+00 0.000000000000000000e+00 0.000000000000000000e+00 0.000000000000000000e+00
2.975000000000000000e+03 6.058949725094808514e+01 4.119728281704935005e-03 0.000000000000000000e+00 2.627263101140871471e-01 0.000000000000000000e+00 7.329121739049627715e-01 1.349086418072937968e-04 9.529717302820386857e-06 5.512078204185876900e-05 0.000000000000000000e+00 9.377078715275876036e-08 0.000000000000000000e+00 0.000000000000000000e+00 0.000000000000000000e+00 9.482221510320252067e-06 3.822962826366875628e-08 2.046935609850075636e-09 3.261228923177544414e-05 0.000000000000000000e+00 0.000000000000000000e+00 0.000000000000000000e+00 0.000000000000000000e+00 0.000000000000000000e+00 0.000000000000000000e+00
3.000000000000000000e+03 6.074205729868482706e+01 4.119381115165452779e-03 0.000000000000000000e+00 2.627041715807025835e-01 0.000000000000000000e+00 7.328941345081968484e-01 1.535793499816779577e-04 1.089541237590880749e-05 6.832194596857437264e-05 0.000000000000000000e+00 1.103188058194493499e-07 0.000000000000000000e+00 0.000000000000000000e+00 0.000000000000000000e+00 1.158771553735551832e-05 4.901008988423567195e-08 2.578729857025576022e-09 3.776646444617781678e-05 0.000000000000000000e+00 0.000000000000000000e+00 0.000000000000000000e+00 0.000000000000000000e+00 0.000000000000000000e+00 0.000000000000000000e+00
3.025000000000000000e+03 6.090446723672069140e+01 4.118974111768405368e-03 0.000000000000000000e+00 2.626782105235287434e-01 0.000000000000000000e+00 7.328735957834926484e-01 1.744245327853694613e-04 1.242679613156997505e-05 8.443935274031510226e-05 0.000000000000000000e+00 1.293843200365584302e-07 0.000000000000000000e+00 0.000000000000000000e+00 0.000000000000000000e+00 1.410777810567098598e-05 6.259244289243264022e-08 3.235759510821483913e-09 4.362590892471180493e-05 0.000000000000000000e+00 0.000000000000000000e+00 0.000000000000000000e+00 0.000000000000000000e+00 0.000000000000000000e+00 0.000000000000000000e+00
3.050000000000000000e+03 6.107708600008431432e+01 4.118497420318360455e-03 0.000000000000000000e+00 2.626478101877654514e-01 0.000000000000000000e+00 7.328502260068496810e-01 1.976460133319159185e-04 1.414007101252297659e-05 1.040603629097960490e-04 0.000000000000000000e+00 1.512857725463663891e-07 0.000000000000000000e+00 0.000000000000000000e+00 0.000000000000000000e+00 1.711321733248460670e-05 7.964199583926651651e-08 4.044424772987943390e-09 5.027174828687048239e-05 0.000000000000000000e+00 0.000000000000000000e+00 0.000000000000000000e+00 0.000000000000000000e+00 0.000000000000000000e+00 0.000000000000000000e+00
3.075000000000000000e+03 6.126027975044543439e+01 4.117939647471572165e-03 0.000000000000000000e+00 2.626122438334566600e-01 0.000000000000000000e+00 7.328236669823430249e-01 2.234588007526980909e-04 1.605258747661288016e-05 1.278782672645225769e-04 0.000000000000000000e+00 1.763728991547618842e-07 0.000000000000000000e+00 0.000000000000000000e+00 0.000000000000000000e+00 2.068496192504353919e-05 1.009666126831909561e-07 5.036017793840241028e-09 5.779254378025928376e-05 0.000000000000000000e+00 0.000000000000000000e+00 0.000000000000000000e+00 0.000000000000000000e+00 0.000000000000000000e+00 0.000000000000000000e+00
3.100000000000000000e+03 6.145442729025437245e+01 4.117287619630091884e-03 0.000000000000000000e+00 2.625706605770377067e-01 0.000000000000000000e+00 7.327935298704750799e-01 2.520913908040754302e-04 1.818288235331583217e-05 1.567088922867174725e-04 0.000000000000000000e+00 2.050286835183475997e-07 0.000000000000000000e+00 0.000000000000000000e+00 0.000000000000000000e+00 2.491518654390775326e-05 1.275437327253661151e-07 6.247495645984397581e-09 6.628476095718259227e-05 0.000000000000000000e+00 0.000000000000000000e+00 0.000000000000000000e+00 0.000000000000000000e+00 0.000000000000000000e+00 0.000000000000000000e+00
3.125000000000000000e+03 6.165991690678715997e+01 4.116526176449763347e-03 0.000000000000000000e+00 2.625220977838669256e-01 0.000000000000000000e+00 7.327593621409747016e-01 2.837860941032276617e-04 2.055071363247122637e-05 1.915093693430844899e-04 0.000000000000000000e+00 2.376713620660937169e-07 0.000000000000000000e+00 0.000000000000000000e+00 0.000000000000000000e+00 2.990852193696464514e-05 1.605518634139485747e-07 7.722352075209141610e-09 7.585325411509349024e-05 0.000000000000000000e+00 0.000000000000000000e+00 0.000000000000000000e+00 0.000000000000000000e+00 0.000000000000000000e+00 0.000000000000000000e+00
3.150000000000000000e+03 6.187715863252833515e+01 4.115637753443785775e-03 0.000000000000000000e+00 2.624654400365356022e-01 0.000000000000000000e+00 7.327206659543982203e-01 3.187991962807574706e-04 2.317709028402615076e-05 2.333992221694435607e-04 0.000000000000000000e+00 2.747563538358929937e-07 0.000000000000000000e+00 0.000000000000000000e+00 0.000000000000000000e+00 3.578333495056882670e-05 2.014069574276930088e-07 9.511596527852977616e-09 8.661173702965735844e-05 0.000000000000000000e+00 0.000000000000000000e+00 0.000000000000000000e+00 0.000000000000000000e+00 0.000000000000000000e+00 0.000000000000000000e+00
3.175000000000000000e+03 6.210658553861570397e+01 4.114602220648034756e-03 0.000000000000000000e+00 2.623994124908192171e-01 0.000000000000000000e+00 7.326768792635474092e-01 3.574011206093134188e-04 2.608429538457599729e-05 2.836839994942638439e-04 0.000000000000000000e+00 3.167782118801379897e-07 0.000000000000000000e+00 0.000000000000000000e+00 0.000000000000000000e+00 4.267308800473768932e-05 2.518044620754786868e-07 1.167484588228771968e-08 9.868326397252702757e-05 0.000000000000000000e+00 0.000000000000000000e+00 0.000000000000000000e+00 0.000000000000000000e+00 0.000000000000000000e+00 0.000000000000000000e+00
3.200000000000000000e+03 6.234866333111455106e+01 4.113396754926344594e-03 0.000000000000000000e+00 2.623225312315860536e-01 0.000000000000000000e+00 7.326273972403321011e-01 3.998764707476859135e-04 2.929590635797243558e-05 3.438816214589705302e-04 0.000000000000000000e+00 3.642723938415987716e-07 0.000000000000000000e+00 0.000000000000000000e+00 0.000000000000000000e+00 5.072776430179078562e-05 3.137675946976247963e-07 1.428154360713707500e-08 1.122006887569797164e-04 0.000000000000000000e+00 0.000000000000000000e+00 0.000000000000000000e+00 0.000000000000000000e+00 0.000000000000000000e+00 0.000000000000000000e+00
3.225000000000000000e+03 6.260389603166181871e+01 4.111994908574334584e-03 0.000000000000000000e+00 2.622331320673574329e-01 0.000000000000000000e+00 7.325715131868552055e-01 4.465239278372237124e-04 3.283679923374010486e-05 4.157517059969521541e-04 0.000000000000000000e+00 4.178170704315313948e-07 0.000000000000000000e+00 0.000000000000000000e+00 0.000000000000000000e+00 6.011535796245828230e-05 3.897026020259308726e-07 1.741230528005469720e-08 1.273071142047770704e-04 0.000000000000000000e+00 0.000000000000000000e+00 0.000000000000000000e+00 0.000000000000000000e+00 0.000000000000000000e+00 0.000000000000000000e+00
3.250000000000000000e+03 6.287283723508032551e+01 4.110366612594825407e-03 0.000000000000000000e+00 2.621292922683755577e-01 0.000000000000000000e+00 7.325084626181567193e-01 4.976560608101502844e-04 3.673315036319279881e-05 5.013279018303107119e-04 0.000000000000000000e+00 4.780346232027093186e-07 0.000000000000000000e+00 0.000000000000000000e+00 0.000000000000000000e+00 7.102342005502463218e-05 4.824616773137955733e-07 2.116040377625763198e-08 1.441563111098621223e-04 0.000000000000000000e+00 0.000000000000000000e+00 0.000000000000000000e+00 0.000000000000000000e+00 0.000000000000000000e+00 0.000000000000000000e+00
3.275000000000000000e+03 6.315609851398728125e+01 4.108477609287948355e-03 0.000000000000000000e+00 2.620088245804632066e-01 0.000000000000000000e+00 7.324373926341093410e-01 5.535989247382266205e-04 4.101241955134693115e-05 6.029534886743845258e-04 0.000000000000000000e+00 5.455930365831228444e-07 0.000000000000000000e+00 0.000000000000000000e+00 0.000000000000000000e+00 8.366061903567244891e-05 5.954144292020937844e-07 2.563339757049624730e-08 1.629130832767443501e-04 0.000000000000000000e+00 0.000000000000000000e+00 0.000000000000000000e+00 0.000000000000000000e+00 0.000000000000000000e+00 0.000000000000000000e+00
3.300000000000000000e+03 6.345436333098474790e+01 4.106288950455640879e-03 0.000000000000000000e+00 2.618692419951803019e-01 0.000000000000000000e+00 7.323573572757929862e-01 6.146915112437937190e-04 4.570331778555606825e-05 7.233203091223709908e-04 0.000000000000000000e+00 6.212069902748718549e-07 0.000000000000000000e+00 0.000000000000000000e+00 0.000000000000000000e+00 9.825835650830432998e-05 7.325284471831745146e-07 3.095490461493631523e-08 1.837535935689744223e-04 0.000000000000000000e+00 0.000000000000000000e+00 0.000000000000000000e+00 0.000000000000000000e+00 0.000000000000000000e+00 0.000000000000000000e+00
3.325000000000000000e+03 6.376839669788479625e+01 4.103756451835471018e-03 0.000000000000000000e+00 2.617077379920954572e-01 0.000000000000000000e+00 7.322672944916769344e-01 6.812848583693529095e-04 5.083576264521109277e-05 8.655111135313155483e-04 0.000000000000000000e+00 7.056386700068852699e-07 0.000000000000000000e+00 0.000000000000000000e+00 0.000000000000000000e+00 1.150723524299953558e-04 8.984599526363530340e-07 3.726652127516896451e-08 2.068656122723912943e-04 0.000000000000000000e+00 0.000000000000000000e+00 0.000000000000000000e+00 0.000000000000000000e+00 0.000000000000000000e+00 0.000000000000000000e+00
3.350000000000000000e+03 6.409906141386420586e+01 4.100830186808268260e-03 0.000000000000000000e+00 2.615211226181495263e-01 0.000000000000000000e+00 7.321660443098189086e-01 7.537410278292765815e-04 5.644080072273586660e-05 1.033045134947046390e-03 0.000000000000000000e+00 7.996980753105107899e-07 0.000000000000000000e+00 0.000000000000000000e+00 0.000000000000000000e+00 1.343841965091136751e-04 1.098654992843916247e-06 4.472989269785299123e-08 2.324486422542561877e-04 0.000000000000000000e+00 0.000000000000000000e+00 0.000000000000000000e+00 0.000000000000000000e+00 0.000000000000000000e+00 0.000000000000000000e+00
3.375000000000000000e+03 6.444733422748952023e+01 4.097453746395749059e-03 0.000000000000000000e+00 2.613058029288126138e-01 0.000000000000000000e+00 7.320523200798151331e-01 8.324316817254671062e-04 6.255051323716052361e-05 1.229927007280306149e-03 0.000000000000000000e+00 9.042428744583367793e-07 0.000000000000000000e+00 0.000000000000000000e+00 0.000000000000000000e+00 1.565028381525342615e-04 1.339461926333910555e-06 5.352890819178762145e-08 2.607139708719810448e-04 0.000000000000000000e+00 0.000000000000000000e+00 0.000000000000000000e+00 0.000000000000000000e+00 0.000000000000000000e+00 0.000000000000000000e+00
3.400000000000000000e+03 6.481432002640430312e+01 4.093563950101247392e-03 0.000000000000000000e+00 2.610577351860352557e-01 0.000000000000000000e+00 7.319247054250741513e-01 9.177361880079401048e-04 6.919789108377945861e-05 1.460698546813562603e-03 0.000000000000000000e+00 1.020177630570589504e-06 0.000000000000000000e+00 0.000000000000000000e+00 0.000000000000000000e+00 1.817659787752849883e-04 1.628255621274607863e-06 6.387203661269260298e-08 2.918845288202452019e-04 0.000000000000000000e+00 0.000000000000000000e+00 0.000000000000000000e+00 0.000000000000000000e+00 0.000000000000000000e+00 0.000000000000000000e+00
3.425000000000000000e+03 6.520127519946960604e+01 4.089089520262292193e-03 0.000000000000000000e+00 2.607723947773867290e-01 0.000000000000000000e+00 7.317816329567986555e-01 1.010039417853672138e-03 7.641665331668747330e-05 1.730492862688915020e-03 0.000000000000000000e+00 1.148452288224914172e-06 0.000000000000000000e+00 0.000000000000000000e+00 0.000000000000000000e+00 2.105412433924962233e-04 1.973573538230567006e-06 7.599475540814016331e-08 3.261945477186748051e-04 0.000000000000000000e+00 0.000000000000000000e+00 0.000000000000000000e+00 0.000000000000000000e+00 0.000000000000000000e+00 0.000000000000000000e+00
3.450000000000000000e+03 6.560962324638637710e+01 4.083951193175911626e-03 0.000000000000000000e+00 2.604447056019286166e-01 0.000000000000000000e+00 7.316214010023014414e-01 1.109728992004922364e-03 8.424106010570510340e-05 2.045090476598792392e-03 0.000000000000000000e+00 1.290059753724302482e-06 0.000000000000000000e+00 0.000000000000000000e+00 0.000000000000000000e+00 2.432271545474241144e-04 2.385263746073528226e-06 9.016206155833569679e-08 3.638890337759552842e-04 0.000000000000000000e+00 0.000000000000000000e+00 0.000000000000000000e+00 0.000000000000000000e+00 0.000000000000000000e+00 0.000000000000000000e+00
3.475000000000000000e+03 6.604097896830356262e+01 4.078060376225299717e-03 0.000000000000000000e+00 2.600690324202393211e-01 0.000000000000000000e+00 7.314421290618596805e-01 1.217191887492768574e-03 9.270564550860797913e-05 2.410976488337011892e-03 0.000000000000000000e+00 1.446032359123230767e-06 0.000000000000000000e+00 0.000000000000000000e+00 0.000000000000000000e+00 2.802538234687247426e-04 2.874644686486567564e-06 1.066710237557241787e-07 4.052229487993358145e-04 0.000000000000000000e+00 0.000000000000000000e+00 0.000000000000000000e+00 0.000000000000000000e+00 0.000000000000000000e+00 0.000000000000000000e+00
3.500000000000000000e+03 6.649717545811344621e+01 4.071318899960548778e-03 0.000000000000000000e+00 2.596391063125659260e-01 0.000000000000000000e+00 7.312417818754559651e-01 1.332810362862324417e-03 1.018449016091211256e-04 2.835396564473372134e-03 0.000000000000000000e+00 1.617437201085305238e-06 0.000000000000000000e+00 0.000000000000000000e+00 0.000000000000000000e+00 3.220831319395433016e-04 3.454674838050100018e-06 1.258533039302753974e-07 4.504599857899484281e-04 0.000000000000000000e+00 0.000000000000000000e+00 0.000000000000000000e+00 0.000000000000000000e+00 0.000000000000000000e+00 0.000000000000000000e+00
3.525000000000000000e+03 6.698028111775224147e+01 4.063617992617546588e-03 0.000000000000000000e+00 2.591480001752393680e-01 0.000000000000000000e+00 7.310181463519991318e-01 1.456957225938439226e-03 1.116929158246065948e-04 3.326412165025845365e-03 0.000000000000000000e+00 1.805369912501482069e-06 0.000000000000000000e+00 0.000000000000000000e+00 0.000000000000000000e+00 3.692085452168554884e-04 4.140132296698700345e-06 1.480776428081978193e-07 4.998710482861019357e-04 0.000000000000000000e+00 0.000000000000000000e+00 0.000000000000000000e+00 0.000000000000000000e+00 0.000000000000000000e+00 0.000000000000000000e+00
3.550000000000000000e+03 6.749263628417131144e+01 4.054838354603691741e-03 0.000000000000000000e+00 2.585881013785684690e-01 0.000000000000000000e+00 7.307688175135652608e-01 1.589990260188144577e-03 1.222829233608597294e-04 3.892950629505858087e-03 0.000000000000000000e+00 2.010946898870520921e-06 0.000000000000000000e+00 0.000000000000000000e+00 0.000000000000000000e+00 4.221541853059445227e-04 4.947800337010989550e-06 1.737521253105204089e-07 5.537322555405731076e-04 0.000000000000000000e+00 0.000000000000000000e+00 0.000000000000000000e+00 0.000000000000000000e+00 0.000000000000000000e+00 0.000000000000000000e+00
3.575000000000000000e+03 6.803687503030303674e+01 4.044849262056151619e-03 0.000000000000000000e+00 2.579510691315360371e-01 0.000000000000000000e+00 7.304912089994494151e-01 1.732245652165340924e-03 1.336467855957687632e-04 4.544849270444232224e-03 0.000000000000000000e+00 2.235295745612851771e-06 0.000000000000000000e+00 0.000000000000000000e+00 0.000000000000000000e+00 4.814732134717189830e-04 5.896657391618936220e-06 2.033262389101603475e-07 6.123224059052418148e-04 0.000000000000000000e+00 0.000000000000000000e+00 0.000000000000000000e+00 0.000000000000000000e+00 0.000000000000000000e+00 0.000000000000000000e+00
3.600000000000000000e+03 6.861596278914387881e+01 4.033507810122524163e-03 0.000000000000000000e+00 2.572277937283211080e-01 0.000000000000000000e+00 7.301825749763570794e-01 1.884030470377261960e-03 1.458143871134445139e-04 5.292888784851491890e-03 0.000000000000000000e+00 2.479543139893464790e-06 0.000000000000000000e+00 0.000000000000000000e+00 0.000000000000000000e+00 5.477452414529941898e-04 7.008064187256859859e-06 2.372925126261025175e-07 6.759197015645996860e-04 0.000000000000000000e+00 0.000000000000000000e+00 0.000000000000000000e+00 0.000000000000000000e+00 0.000000000000000000e+00 0.000000000000000000e+00
3.625000000000000000e+03 6.923322086381580220e+01 4.020659787640839915e-03 0.000000000000000000e+00 2.564084399996794383e-01 0.000000000000000000e+00 7.298399601216269961e-01 2.045614375829580417e-03 1.588129549073636953e-04 6.148814948039928521e-03 0.000000000000000000e+00 2.744800957645561017e-06 0.000000000000000000e+00 0.000000000000000000e+00 0.000000000000000000e+00 6.215727420699374310e-04 8.305947296101134043e-06 2.761876376520974115e-07 7.447981343145905573e-04 0.000000000000000000e+00 0.000000000000000000e+00 0.000000000000000000e+00 0.000000000000000000e+00 0.000000000000000000e+00 0.000000000000000000e+00
3.650000000000000000e+03 6.989236481414393154e+01 4.006139072456348788e-03 0.000000000000000000e+00 2.554824135851692657e-01 0.000000000000000000e+00 7.294602520585229399e-01 2.217219859233432108e-03 1.726662655147553948e-04 7.125340361089292120e-03 0.000000000000000000e+00 3.032149619411875962e-06 0.000000000000000000e+00 0.000000000000000000e+00 0.000000000000000000e+00 7.035762724270890533e-04 9.816966242063430412e-06 3.205929323745676926e-07 8.192228167928337652e-04 0.000000000000000000e+00 0.000000000000000000e+00 0.000000000000000000e+00 0.000000000000000000e+00 0.000000000000000000e+00 0.000000000000000000e+00
3.675000000000000000e+03 7.059754052290711002e+01 3.989768148639687671e-03 0.000000000000000000e+00 2.544383906203118162e-01 0.000000000000000000e+00 7.290401929146853588e-01 2.399011943699140038e-03 1.873938006938815585e-04 8.236125294729751412e-03 0.000000000000000000e+00 3.342618683417301466e-06 0.000000000000000000e+00 0.000000000000000000e+00 0.000000000000000000e+00 7.943881176006057244e-04 1.157065958734391662e-05 3.711338632549403992e-07 8.994447475055933425e-04 0.000000000000000000e+00 0.000000000000000000e+00 0.000000000000000000e+00 0.000000000000000000e+00 0.000000000000000000e+00 0.000000000000000000e+00
3.700000000000000000e+03 7.135335454327750426e+01 3.971359001005893112e-03 0.000000000000000000e+00 2.532643900983345131e-01 0.000000000000000000e+00 7.285763804634429741e-01 2.591086602662700383e-03 2.030097568373292788e-04 9.495729573378484945e-03 0.000000000000000000e+00 3.677164925602208084e-06 0.000000000000000000e+00 0.000000000000000000e+00 0.000000000000000000e+00 8.946447417099572278e-04 1.359956017963124438e-05 4.284785541052139113e-07 9.856945589687840861e-04 0.000000000000000000e+00 0.000000000000000000e+00 0.000000000000000000e+00 0.000000000000000000e+00 0.000000000000000000e+00 0.000000000000000000e+00
3.725000000000000000e+03 7.216491403853331121e+01 3.950714292200214681e-03 0.000000000000000000e+00 2.519478236111634684e-01 0.000000000000000000e+00 7.280653285282634446e-01 2.793458527044577217e-03 2.195220712082708505e-04 1.091953086322896421e-02 0.000000000000000000e+00 4.036647710986773144e-06 0.000000000000000000e+00 0.000000000000000000e+00 0.000000000000000000e+00 1.004977209444107020e-03 1.593926028618030891e-05 4.933349693045453064e-07 1.078175654480443809e-03 0.000000000000000000e+00 0.000000000000000000e+00 0.000000000000000000e+00 0.000000000000000000e+00 0.000000000000000000e+00 0.000000000000000000e+00
3.750000000000000000e+03 7.303786227861826319e+01 3.927629092302266714e-03 0.000000000000000000e+00 2.504756191557797607e-01 0.000000000000000000e+00 7.275034948357237408e-01 3.006048501111207964e-03 2.369312685231222883e-04 1.252360379471435976e-02 0.000000000000000000e+00 4.421801232022888503e-06 0.000000000000000000e+00 0.000000000000000000e+00 0.000000000000000000e+00 1.126000221186033729e-03 1.862842889700931686e-05 5.664466174728077596e-07 1.177056453913044413e-03 0.000000000000000000e+00 0.000000000000000000e+00 0.000000000000000000e+00 0.000000000000000000e+00 0.000000000000000000e+00 0.000000000000000000e+00
3.775000000000000000e+03 7.397841195487504251e+01 3.901893367676962689e-03 0.000000000000000000e+00 2.488343823970700919e-01 0.000000000000000000e+00 7.268873187506948996e-01 3.228670076661014667e-03 2.552293891162877399e-04 1.432455443708582389e-02 0.000000000000000000e+00 4.833205137453389685e-06 0.000000000000000000e+00 0.000000000000000000e+00 0.000000000000000000e+00 1.258299127004214269e-03 2.170874716052041044e-05 6.485865212858786414e-07 1.282461915871490775e-03 0.000000000000000000e+00 0.000000000000000000e+00 0.000000000000000000e+00 0.000000000000000000e+00 0.000000000000000000e+00 0.000000000000000000e+00
3.800000000000000000e+03 7.499338482056550959e+01 3.873294613885808289e-03 0.000000000000000000e+00 2.470105605617580469e-01 0.000000000000000000e+00 7.262133104614569845e-01 3.461016667992042675e-03 2.743988309107645344e-04 1.633930251283617630e-02 0.000000000000000000e+00 5.271253088109941396e-06 0.000000000000000000e+00 0.000000000000000000e+00 0.000000000000000000e+00 1.402415344874360145e-03 2.522476302399119340e-05 7.405492929045431193e-07 1.394464440880840940e-03 0.000000000000000000e+00 0.000000000000000000e+00 0.000000000000000000e+00 0.000000000000000000e+00 0.000000000000000000e+00 0.000000000000000000e+00
