# T Ptot H He C N O Na K Si Ar Ti V S Cl Mg Al Ca Fe Cr Li Cs Rb F P
1.500000000000000000e+03 1.945881259637642913e+01 3.197256864207987936e-01 0.000000000000000000e+00 6.625624547839289447e-01 0.000000000000000000e+00 9.898445731642217804e-03 1.223989354461971094e-04 5.230680106154001811e-06 2.148851606937884733e-03 0.000000000000000000e+00 1.089390960157808829e-10 0.000000000000000000e+00 0.000000000000000000e+00 0.000000000000000000e+00 1.329943500590751186e-04 4.269660737928969606e-09 7.787605699819898098e-11 5.403933034604959176e-03 0.000000000000000000e+00 0.000000000000000000e+00 0.000000000000000000e+00 0.000000000000000000e+00 0.000000000000000000e+00 0.000000000000000000e+00
1.525000000000000000e+03 1.974317294829814529e+01 3.182573464727685986e-01 0.000000000000000000e+00 6.595196646341778823e-01 0.000000000000000000e+00 1.251986783244642305e-02 1.518636061742755622e-04 6.595386802915743174e-06 2.895982814954969030e-03 0.000000000000000000e+00 1.665919625337497658e-10 0.000000000000000000e+00 0.000000000000000000e+00 0.000000000000000000e+00 1.784263937462819737e-04 6.922503875063269830e-09 1.241088242193902880e-10 6.470245645723902636e-03 0.000000000000000000e+00 0.000000000000000000e+00 0.000000000000000000e+00 0.000000000000000000e+00 0.000000000000000000e+00 0.000000000000000000e+00
1.550000000000000000e+03 2.007863389245838093e+01 3.165013884061685934e-01 0.000000000000000000e+00 6.558807894122299365e-01 0.000000000000000000e+00 1.567680459511749252e-02 1.867045971604852791e-04 8.235790432588934395e-06 3.833268101129477107e-03 0.000000000000000000e+00 2.503055510119408789e-10 0.000000000000000000e+00 0.000000000000000000e+00 0.000000000000000000e+00 2.362081742644908981e-04 1.101600929279900614e-08 1.941008368100978579e-10 7.676589463081130021e-03 0.000000000000000000e+00 0.000000000000000000e+00 0.000000000000000000e+00 0.000000000000000000e+00 0.000000000000000000e+00 0.000000000000000000e+00
1.575000000000000000e+03 2.047201272552726437e+01 3.144261302417836745e-01 0.000000000000000000e+00 6.515802655333226001e-01 0.000000000000000000e+00 1.943133998137092436e-02 2.275139785493586377e-04 1.018806427147792183e-05 4.987942819490564367e-03 0.000000000000000000e+00 3.698055125539115527e-10 0.000000000000000000e+00 0.000000000000000000e+00 0.000000000000000000e+00 3.087196695735995242e-04 1.721833173737411507e-08 2.981384849224833944e-10 9.027881825362040619e-03 0.000000000000000000e+00 0.000000000000000000e+00 0.000000000000000000e+00 0.000000000000000000e+00 0.000000000000000000e+00 0.000000000000000000e+00
1.600000000000000000e+03 2.093006364437756872e+01 3.120035795735769946e-01 0.000000000000000000e+00 6.465600627640165632e-01 0.000000000000000000e+00 2.383885067748443137e-02 2.748684270044745291e-04 1.248884586785443963e-05 6.385049224771589642e-03 0.000000000000000000e+00 5.375989713461882089e-10 0.000000000000000000e+00 0.000000000000000000e+00 0.000000000000000000e+00 3.985325925096804781e-04 2.645071369632404854e-08 4.500695636433886441e-10 1.052654045638610862e-02 0.000000000000000000e+00 0.000000000000000000e+00 0.000000000000000000e+00 0.000000000000000000e+00 0.000000000000000000e+00 0.000000000000000000e+00
1.625000000000000000e+03 2.145917961337163149e+01 3.092117817458203133e-01 0.000000000000000000e+00 6.407746770225177801e-01 0.000000000000000000e+00 2.894328083039966054e-02 3.293119596054714651e-04 1.517433421030779053e-05 8.045303505254350687e-03 0.000000000000000000e+00 7.694590928779791349e-10 0.000000000000000000e+00 0.000000000000000000e+00 0.000000000000000000e+00 5.083578771382173903e-04 3.995806193925141851e-08 6.681743999558696413e-10 1.217207132935837002e-02 0.000000000000000000e+00 0.000000000000000000e+00 0.000000000000000000e+00 0.000000000000000000e+00 0.000000000000000000e+00 0.000000000000000000e+00
1.650000000000000000e+03 2.206505272416200825e+01 3.060373127994709952e-01 0.000000000000000000e+00 6.341962721053185925e-01 0.000000000000000000e+00 3.477217199341985782e-02 3.913391444703071789e-04 1.827935075920280643e-05 9.982797848798689172e-03 0.000000000000000000e+00 1.084895213812606768e-09 0.000000000000000000e+00 0.000000000000000000e+00 0.000000000000000000e+00 6.409782676527434487e-04 5.938931830840315960e-08 9.761249840834287837e-10 1.396078703977111056e-02 0.000000000000000000e+00 0.000000000000000000e+00 0.000000000000000000e+00 0.000000000000000000e+00 0.000000000000000000e+00 0.000000000000000000e+00
1.675000000000000000e+03 2.275230788801511750e+01 3.024775545310146585e-01 0.000000000000000000e+00 6.268194639301081228e-01 0.000000000000000000e+00 4.133203526153916840e-02 4.613808840063200268e-04 2.183645442237747950e-05 1.220278493307162294e-02 0.000000000000000000e+00 1.507578502622596829e-09 0.000000000000000000e+00 0.000000000000000000e+00 0.000000000000000000e+00 7.991692696578277157e-04 8.688571496282928235e-08 1.404006588537257131e-09 1.588568493888000907e-02 0.000000000000000000e+00 0.000000000000000000e+00 0.000000000000000000e+00 0.000000000000000000e+00 0.000000000000000000e+00 0.000000000000000000e+00
1.700000000000000000e+03 2.352413452455713028e+01 2.985425513657389285e-01 0.000000000000000000e+00 6.186650043190904391e-01 0.000000000000000000e+00 4.860466008731972876e-02 5.397945234690276891e-04 2.587524433801717755e-05 1.469983696482350145e-02 0.000000000000000000e+00 2.065696063554343638e-09 0.000000000000000000e+00 0.000000000000000000e+00 0.000000000000000000e+00 9.856153526068005440e-04 1.251738075317588349e-07 1.989372486265725234e-09 1.793653291373751082e-02 0.000000000000000000e+00 0.000000000000000000e+00 0.000000000000000000e+00 0.000000000000000000e+00 0.000000000000000000e+00 0.000000000000000000e+00
1.725000000000000000e+03 2.438195748861489776e+01 2.942559033673375346e-01 0.000000000000000000e+00 6.097818326717459048e-01 0.000000000000000000e+00 5.654508261133674857e-02 6.268597781083249613e-04 3.042190060267209472e-05 1.745671965674868223e-02 0.000000000000000000e+00 2.792207185960248320e-09 0.000000000000000000e+00 0.000000000000000000e+00 0.000000000000000000e+00 1.202826672311902269e-03 1.776594900828583976e-07 2.778296249354624851e-09 2.010017011181468305e-02 0.000000000000000000e+00 0.000000000000000000e+00 0.000000000000000000e+00 0.000000000000000000e+00 0.000000000000000000e+00 0.000000000000000000e+00
1.750000000000000000e+03 2.532516135718400108e+01 2.896547895092778657e-01 0.000000000000000000e+00 6.002470316380558168e-01 0.000000000000000000e+00 6.508146875623324612e-02 7.227803236620913927e-04 3.549903343725268197e-05 2.044414595302609938e-02 0.000000000000000000e+00 3.724981212240018237e-09 0.000000000000000000e+00 0.000000000000000000e+00 0.000000000000000000e+00 1.453063159102666035e-03 2.485177458311124109e-07 3.826390860381557078e-09 2.236096555808715289e-02 0.000000000000000000e+00 0.000000000000000000e+00 0.000000000000000000e+00 0.000000000000000000e+00 0.000000000000000000e+00 0.000000000000000000e+00
1.775000000000000000e+03 2.635090553467157903e+01 2.847888772785786005e-01 0.000000000000000000e+00 5.901634796986607867e-01 0.000000000000000000e+00 7.411722893241111387e-02 8.276920501230995621e-04 4.112583718861083864e-05 2.362156582612582115e-02 0.000000000000000000e+00 4.906802157280581034e-09 0.000000000000000000e+00 0.000000000000000000e+00 0.000000000000000000e+00 1.738269892743487394e-03 3.427723097118144105e-07 5.199761452459548231e-09 2.470140760529506221e-02 0.000000000000000000e+00 0.000000000000000000e+00 0.000000000000000000e+00 0.000000000000000000e+00 0.000000000000000000e+00 0.000000000000000000e+00
1.800000000000000000e+03 2.745402065925340196e+01 2.797182337988662892e-01 0.000000000000000000e+00 5.796556744314578236e-01 0.000000000000000000e+00 8.353500753712851667e-02 9.416748975719658457e-04 4.731852154742714994e-05 2.693888623084534847e-02 0.000000000000000000e+00 6.385209526754457494e-09 0.000000000000000000e+00 0.000000000000000000e+00 0.000000000000000000e+00 2.060023520147111382e-03 4.663574698227787202e-07 6.975854095570537694e-09 2.710270134390197622e-02 0.000000000000000000e+00 0.000000000000000000e+00 0.000000000000000000e+00 0.000000000000000000e+00 0.000000000000000000e+00 0.000000000000000000e+00
1.825000000000000000e+03 2.862700766144346431e+01 2.745105794289224299e-01 0.000000000000000000e+00 5.688639126584372763e-01 0.000000000000000000e+00 9.320239723147021038e-02 1.064767375098915137e-03 5.371598573148994625e-05 3.033915516555382719e-02 0.000000000000000000e+00 8.212159792269412193e-09 0.000000000000000000e+00 0.000000000000000000e+00 0.000000000000000000e+00 2.419489634550954244e-03 6.261528413287087782e-07 9.244161691267849850e-09 2.954533891107203811e-02 0.000000000000000000e+00 0.000000000000000000e+00 0.000000000000000000e+00 0.000000000000000000e+00 0.000000000000000000e+00 0.000000000000000000e+00
1.850000000000000000e+03 2.986035146312964983e+01 2.692373119848726626e-01 0.000000000000000000e+00 5.579362476463831655e-01 0.000000000000000000e+00 1.029791407120634050e-01 1.196977347354258965e-03 6.101863335101790297e-05 3.376167198427919985e-02 0.000000000000000000e+00 1.044341020923787169e-08 0.000000000000000000e+00 0.000000000000000000e+00 0.000000000000000000e+00 2.817374969552292278e-03 8.299753933765521910e-07 1.210667723594980724e-08 3.200940419666310072e-02 0.000000000000000000e+00 0.000000000000000000e+00 0.000000000000000000e+00 0.000000000000000000e+00 0.000000000000000000e+00 0.000000000000000000e+00
1.875000000000000000e+03 3.114275588951339913e+01 2.639701233424129878e-01 0.000000000000000000e+00 5.470211223668969280e-01 0.000000000000000000e+00 1.127252427876157675e-01 1.338292147375965855e-03 6.891663669012773261e-05 3.714642495274597667e-02 0.000000000000000000e+00 1.313768463677133504e-08 0.000000000000000000e+00 0.000000000000000000e+00 0.000000000000000000e+00 3.253887224165160838e-03 1.086520651015108047e-06 1.567807314623864348e-08 3.447487520568811442e-02 0.000000000000000000e+00 0.000000000000000000e+00 0.000000000000000000e+00 0.000000000000000000e+00 0.000000000000000000e+00 0.000000000000000000e+00
1.900000000000000000e+03 3.246200927812222403e+01 2.587758954966972724e-01 0.000000000000000000e+00 5.362571915502408748e-01 0.000000000000000000e+00 1.223105618235978687e-01 1.488673974118314694e-03 7.741835594485793517e-05 4.043866701667600538e-02 0.000000000000000000e+00 1.635541275371016802e-08 0.000000000000000000e+00 0.000000000000000000e+00 0.000000000000000000e+00 3.728664564033993146e-03 1.405224296233481401e-06 2.008532986021138348e-08 3.692148555365191986e-02 0.000000000000000000e+00 0.000000000000000000e+00 0.000000000000000000e+00 0.000000000000000000e+00 0.000000000000000000e+00 0.000000000000000000e+00
1.925000000000000000e+03 3.380610963878944375e+01 2.537118162741323069e-01 0.000000000000000000e+00 5.257629850010141492e-01 0.000000000000000000e+00 1.316252599663113032e-01 1.648041239139055175e-03 8.652942640445945518e-05 4.359441021085278672e-02 0.000000000000000000e+00 2.015710295064024970e-08 0.000000000000000000e+00 0.000000000000000000e+00 0.000000000000000000e+00 4.240680815781585657e-03 1.796031752019540440e-06 2.546665795111658629e-08 3.932843541085146583e-02 0.000000000000000000e+00 0.000000000000000000e+00 0.000000000000000000e+00 0.000000000000000000e+00 0.000000000000000000e+00 0.000000000000000000e+00
1.950000000000000000e+03 3.516489960020778227e+01 2.488199859828159055e-01 0.000000000000000000e+00 5.156257131575351371e-01 0.000000000000000000e+00 1.405910874904776620e-01 1.816230855504238472e-03 9.625062130929412858e-05 4.658639107009960451e-02 0.000000000000000000e+00 2.460132471594547034e-08 0.000000000000000000e+00 0.000000000000000000e+00 0.000000000000000000e+00 4.788120086156803790e-03 2.269057921005338154e-06 3.196938926606316170e-08 4.167389510746630221e-02 0.000000000000000000e+00 0.000000000000000000e+00 0.000000000000000000e+00 0.000000000000000000e+00 0.000000000000000000e+00 0.000000000000000000e+00
1.975000000000000000e+03 3.653214912481139010e+01 2.441219547685067881e-01 0.000000000000000000e+00 5.058900439153433126e-01 0.000000000000000000e+00 1.491727396364278535e-01 1.992938734776779439e-03 1.065745417724761515e-04 4.941007778730061722e-02 0.000000000000000000e+00 2.974251644928908716e-08 0.000000000000000000e+00 0.000000000000000000e+00 0.000000000000000000e+00 5.368231042239570566e-03 2.834144333753265858e-06 3.974662462065216006e-08 4.393453594015788582e-02 0.000000000000000000e+00 0.000000000000000000e+00 0.000000000000000000e+00 0.000000000000000000e+00 0.000000000000000000e+00 0.000000000000000000e+00
2.000000000000000000e+03 3.790794965490067625e+01 2.396138271994958657e-01 0.000000000000000000e+00 4.965479351106432127e-01 0.000000000000000000e+00 1.573880353608795024e-01 2.177645208851328781e-03 1.174812880160612186e-04 5.208890792444689777e-02 0.000000000000000000e+00 3.562910743926168318e-08 0.000000000000000000e+00 0.000000000000000000e+00 0.000000000000000000e+00 5.977200510149843597e-03 3.500362236034612092e-06 4.895260378980246226e-08 4.608538245357003682e-02 0.000000000000000000e+00 0.000000000000000000e+00 0.000000000000000000e+00 0.000000000000000000e+00 0.000000000000000000e+00 0.000000000000000000e+00
2.025000000000000000e+03 3.930101353095342631e+01 2.352631581691689011e-01 0.000000000000000000e+00 4.875321343854703837e-01 0.000000000000000000e+00 1.653141765989062928e-01 2.369540448727623042e-03 1.289338960022909375e-04 5.467717674370301678e-02 0.000000000000000000e+00 4.230284607202801137e-08 0.000000000000000000e+00 0.000000000000000000e+00 0.000000000000000000e+00 6.610119503615272119e-03 4.275574010213189449e-06 5.973731594170403834e-08 4.810038264023389770e-02 0.000000000000000000e+00 0.000000000000000000e+00 0.000000000000000000e+00 0.000000000000000000e+00 0.000000000000000000e+00 0.000000000000000000e+00
2.050000000000000000e+03 4.073045979460746224e+01 2.310083711849677535e-01 0.000000000000000000e+00 4.787150037671052405e-01 0.000000000000000000e+00 1.730883104294888009e-01 2.567473687000277650e-03 1.408749851959909297e-04 5.725935747432599893e-02 0.000000000000000000e+00 4.980068636066410394e-08 0.000000000000000000e+00 0.000000000000000000e+00 0.000000000000000000e+00 7.261147195646755655e-03 5.166255680591091082e-06 7.224167177418018971e-08 4.995417297823047387e-02 0.000000000000000000e+00 0.000000000000000000e+00 0.000000000000000000e+00 0.000000000000000000e+00 0.000000000000000000e+00 0.000000000000000000e+00
2.075000000000000000e+03 4.222577582681336139e+01 2.267641475755562686e-01 0.000000000000000000e+00 4.699197519572578807e-01 0.000000000000000000e+00 1.808953947864646028e-01 2.769961010546406234e-03 1.532264282294046407e-04 5.994248890941087510e-02 0.000000000000000000e+00 5.815966827292155226e-08 0.000000000000000000e+00 0.000000000000000000e+00 0.000000000000000000e+00 7.923908694419921211e-03 6.177751463650407133e-06 8.659490461374612204e-08 5.162479813207819512e-02 0.000000000000000000e+00 0.000000000000000000e+00 0.000000000000000000e+00 0.000000000000000000e+00 0.000000000000000000e+00 0.000000000000000000e+00
2.100000000000000000e+03 4.382467863282958831e+01 2.224321930205316600e-01 0.000000000000000000e+00 4.609427054722627926e-01 0.000000000000000000e+00 1.889449011185359573e-01 2.975263448805608689e-03 1.658931230188901785e-04 6.284262481178831683e-02 0.000000000000000000e+00 6.742448139860041044e-08 0.000000000000000000e+00 0.000000000000000000e+00 0.000000000000000000e+00 8.592099334812718092e-03 7.315018300322554540e-06 1.029156315795170773e-07 5.309683431183066793e-02 0.000000000000000000e+00 0.000000000000000000e+00 0.000000000000000000e+00 0.000000000000000000e+00 0.000000000000000000e+00 0.000000000000000000e+00
2.125000000000000000e+03 4.556827067058798519e+01 2.179178540797100661e-01 0.000000000000000000e+00 4.515877234206217561e-01 0.000000000000000000e+00 1.974359183899923875e-01 3.181526219683752151e-03 1.787702881376444927e-04 6.606618720908685738e-02 0.000000000000000000e+00 7.765397343232611562e-08 0.000000000000000000e+00 0.000000000000000000e+00 0.000000000000000000e+00 9.260041395979934711e-03 8.583526279605887109e-06 1.213154253457470745e-07 5.436319650110943424e-02 0.000000000000000000e+00 0.000000000000000000e+00 0.000000000000000000e+00 0.000000000000000000e+00 0.000000000000000000e+00 0.000000000000000000e+00
2.150000000000000000e+03 4.749485721311355491e+01 2.131474625093213449e-01 0.000000000000000000e+00 4.417021178546911009e-01 0.000000000000000000e+00 2.065217285967389516e-01 3.386921906301989822e-03 1.917515508379805491e-04 6.969242080636582626e-02 0.000000000000000000e+00 8.892240198804396736e-08 0.000000000000000000e+00 0.000000000000000000e+00 0.000000000000000000e+00 9.922907881099023511e-03 9.989727912687047768e-06 1.419013299779055696e-07 5.542446834299905728e-02 0.000000000000000000e+00 0.000000000000000000e+00 0.000000000000000000e+00 0.000000000000000000e+00 0.000000000000000000e+00 0.000000000000000000e+00
2.175000000000000000e+03 4.963456502299573714e+01 2.080802352545415568e-01 0.000000000000000000e+00 4.312013756698220845e-01 0.000000000000000000e+00 2.162864050781723446e-01 3.589746942130603129e-03 2.047345607442098902e-04 7.376327121055030467e-02 0.000000000000000000e+00 1.013133010440275107e-07 0.000000000000000000e+00 0.000000000000000000e+00 0.000000000000000000e+00 1.057650710058707054e-02 1.154064814298038010e-05 1.647735825171363082e-07 5.628591744842517675e-02 0.000000000000000000e+00 0.000000000000000000e+00 0.000000000000000000e+00 0.000000000000000000e+00 0.000000000000000000e+00 0.000000000000000000e+00
2.200000000000000000e+03 5.200659668380355782e+01 2.027108884769322217e-01 0.000000000000000000e+00 4.200745607182808650e-01 0.000000000000000000e+00 2.267407837503323531e-01 3.788451012647772991e-03 2.176232101052167126e-04 7.828337811897899401e-02 0.000000000000000000e+00 1.149085731704545674e-07 0.000000000000000000e+00 0.000000000000000000e+00 0.000000000000000000e+00 1.121681050239851755e-02 1.324270487814221977e-05 1.900179376294333439e-07 5.695395657893510127e-02 0.000000000000000000e+00 0.000000000000000000e+00 0.000000000000000000e+00 0.000000000000000000e+00 0.000000000000000000e+00 0.000000000000000000e+00
2.225000000000000000e+03 5.461925539415147313e+01 1.970642245624475986e-01 0.000000000000000000e+00 4.083730759762464468e-01 0.000000000000000000e+00 2.378344444371025823e-01 3.981628479323462075e-03 2.303274408829851549e-04 8.322735301436047506e-02 0.000000000000000000e+00 1.297773578981529566e-07 0.000000000000000000e+00 0.000000000000000000e+00 0.000000000000000000e+00 1.183973339962291101e-02 1.510024704335473945e-05 2.176955279227418348e-07 5.743376497008421955e-02 0.000000000000000000e+00 0.000000000000000000e+00 0.000000000000000000e+00 0.000000000000000000e+00 0.000000000000000000e+00 0.000000000000000000e+00
2.250000000000000000e+03 5.747149322536289162e+01 1.911862054898529895e-01 0.000000000000000000e+00 3.961921447516231209e-01 0.000000000000000000e+00 2.494744507074926065e-01 4.168013074936191727e-03 2.427635097962000798e-04 8.854985257522410280e-02 0.000000000000000000e+00 1.459686890362157259e-07 0.000000000000000000e+00 0.000000000000000000e+00 0.000000000000000000e+00 1.244021626502012610e-02 1.711438479858354652e-05 2.478344970072298734e-07 5.772884543806998392e-02 0.000000000000000000e+00 0.000000000000000000e+00 0.000000000000000000e+00 0.000000000000000000e+00 0.000000000000000000e+00 0.000000000000000000e+00
2.275000000000000000e+03 6.055504690095918363e+01 1.851349189436145015e-01 0.000000000000000000e+00 3.836521605371584487e-01 0.000000000000000000e+00 2.615432567270760122e-01 4.346477856142912273e-03 2.548541630757064180e-04 9.419366079655230872e-02 0.000000000000000000e+00 1.635069415396240780e-07 0.000000000000000000e+00 0.000000000000000000e+00 0.000000000000000000e+00 1.301347947642278978e-02 1.928210510517902867e-05 2.804235184111945485e-07 5.784146546439201259e-02 0.000000000000000000e+00 0.000000000000000000e+00 0.000000000000000000e+00 0.000000000000000000e+00 0.000000000000000000e+00 0.000000000000000000e+00
2.300000000000000000e+03 6.385598132424205886e+01 1.789740992161913680e-01 0.000000000000000000e+00 3.708851939119648389e-01 0.000000000000000000e+00 2.739118063004623016e-01 4.516061212926168918e-03 2.665306767203904563e-04 1.000959291694902831e-01 0.000000000000000000e+00 1.823908729132832792e-07 0.000000000000000000e+00 0.000000000000000000e+00 0.000000000000000000e+00 1.355444281465763116e-02 2.159584636284962595e-05 3.154095132129881521e-07 5.777384305083817922e-02 0.000000000000000000e+00 0.000000000000000000e+00 0.000000000000000000e+00 0.000000000000000000e+00 0.000000000000000000e+00 0.000000000000000000e+00
2.325000000000000000e+03 6.735575091558455085e+01 1.727688996553616296e-01 0.000000000000000000e+00 3.580262530000841714e-01 0.000000000000000000e+00 2.864477041263929769e-01 4.675996512933155123e-03 2.777348553570565810e-04 1.061916214717640722e-01 0.000000000000000000e+00 2.025932807526343310e-07 0.000000000000000000e+00 0.000000000000000000e+00 0.000000000000000000e+00 1.405816151994118170e-02 2.404319328577513820e-05 3.526969766355973413e-07 5.752903037462255703e-02 0.000000000000000000e+00 0.000000000000000000e+00 0.000000000000000000e+00 0.000000000000000000e+00 0.000000000000000000e+00 0.000000000000000000e+00
2.350000000000000000e+03 7.103160212606263713e+01 1.665837783926777393e-01 0.000000000000000000e+00 3.452089289094941171e-01 0.000000000000000000e+00 2.990193274079731567e-01 4.825741396736981520e-03 2.884212204376540470e-04 1.124152184527519305e-01 0.000000000000000000e+00 2.240604537850824511e-07 0.000000000000000000e+00 0.000000000000000000e+00 0.000000000000000000e+00 1.452000433432048404e-02 2.660655855514283775e-05 3.921481051190362225e-07 5.711135711849422286e-02 0.000000000000000000e+00 0.000000000000000000e+00 0.000000000000000000e+00 0.000000000000000000e+00 0.000000000000000000e+00 0.000000000000000000e+00
2.375000000000000000e+03 7.485631716250470902e+01 1.604819490144079042e-01 0.000000000000000000e+00 3.325641949945051801e-01 0.000000000000000000e+00 3.114969073734946692e-01 4.965004554241628579e-03 2.985591131784915342e-04 1.187011869812295145e-01 0.000000000000000000e+00 2.467104815543000694e-07 0.000000000000000000e+00 0.000000000000000000e+00 0.000000000000000000e+00 1.493574850563372282e-02 2.926268971556361854e-05 4.335825299300346694e-07 5.652650648058182153e-02 0.000000000000000000e+00 0.000000000000000000e+00 0.000000000000000000e+00 0.000000000000000000e+00 0.000000000000000000e+00 0.000000000000000000e+00
2.400000000000000000e+03 7.879714354964200140e+01 1.545258465338215093e-01 0.000000000000000000e+00 3.202214697934885890e-01 0.000000000000000000e+00 3.237516030489811514e-01 5.093771190760954318e-03 3.081346977513114830e-04 1.249836625085047198e-01 0.000000000000000000e+00 2.704298209316041602e-07 0.000000000000000000e+00 0.000000000000000000e+00 0.000000000000000000e+00 1.530158686216633729e-02 3.198186250517314898e-05 4.767758959873010707e-07 5.578119629630315379e-02 0.000000000000000000e+00 0.000000000000000000e+00 0.000000000000000000e+00 0.000000000000000000e+00 0.000000000000000000e+00 0.000000000000000000e+00
2.425000000000000000e+03 8.281371736717260035e+01 1.487783686768104907e-01 0.000000000000000000e+00 3.083110666237223740e-01 0.000000000000000000e+00 3.356532256719797491e-01 5.212327356356137413e-03 3.171528755196053435e-04 1.311955822595961274e-01 0.000000000000000000e+00 2.950678183476605774e-07 0.000000000000000000e+00 0.000000000000000000e+00 0.000000000000000000e+00 1.561405424756322040e-02 3.472667450764149180e-05 5.214560735183158793e-07 5.488267909005290629e-02 0.000000000000000000e+00 0.000000000000000000e+00 0.000000000000000000e+00 0.000000000000000000e+00 0.000000000000000000e+00 0.000000000000000000e+00
2.450000000000000000e+03 8.685504667758104347e+01 1.433041639584257954e-01 0.000000000000000000e+00 2.969669571917962214e-01 0.000000000000000000e+00 3.470677275126993200e-01 5.321283558985917019e-03 3.256393216423396244e-04 1.372677319085594538e-01 0.000000000000000000e+00 3.204303948188844719e-07 0.000000000000000000e+00 0.000000000000000000e+00 0.000000000000000000e+00 1.586992497773055330e-02 3.745060276007458215e-05 5.672979481280876063e-07 5.383823323905737035e-02 0.000000000000000000e+00 0.000000000000000000e+00 0.000000000000000000e+00 0.000000000000000000e+00 0.000000000000000000e+00 0.000000000000000000e+00
2.475000000000000000e+03 9.085599524140549477e+01 1.381705464949252726e-01 0.000000000000000000e+00 2.863286389836753321e-01 0.000000000000000000e+00 3.578554767092943512e-01 5.421593366674084050e-03 3.336421664476828816e-04 1.431281252863949305e-01 0.000000000000000000e+00 3.462746281794627724e-07 0.000000000000000000e+00 0.000000000000000000e+00 0.000000000000000000e+00 1.606612425383142223e-02 4.009668224183198160e-05 6.139174004845190181e-07 5.265479586448620908e-02 0.000000000000000000e+00 0.000000000000000000e+00 0.000000000000000000e+00 0.000000000000000000e+00 0.000000000000000000e+00 0.000000000000000000e+00
2.500000000000000000e+03 9.473453283216622367e+01 1.334471146738135106e-01 0.000000000000000000e+00 2.765403425065067200e-01 0.000000000000000000e+00 3.678720530771442121e-01 5.514556377635508252e-03 3.412327149698743357e-04 1.487023418014104537e-01 0.000000000000000000e+00 3.723087373693377592e-07 0.000000000000000000e+00 0.000000000000000000e+00 0.000000000000000000e+00 1.619973505578996276e-02 4.259714413564417415e-05 6.608682485320364407e-07 5.133899347160829352e-02 0.000000000000000000e+00 0.000000000000000000e+00 0.000000000000000000e+00 0.000000000000000000e+00 0.000000000000000000e+00 0.000000000000000000e+00
2.525000000000000000e+03 9.839201986186120052e+01 1.292029485929400423e-01 0.000000000000000000e+00 2.677452292607412354e-01 0.000000000000000000e+00 3.769736823587726549e-01 5.601783936316352512e-03 3.485037454424309345e-04 1.539158723610269397e-01 0.000000000000000000e+00 3.982038718700211753e-07 0.000000000000000000e+00 0.000000000000000000e+00 0.000000000000000000e+00 1.626820925289837461e-02 4.487545801660356625e-05 7.076481765585955322e-07 4.989778918179707534e-02 0.000000000000000000e+00 0.000000000000000000e+00 0.000000000000000000e+00 0.000000000000000000e+00 0.000000000000000000e+00 0.000000000000000000e+00
2.550000000000000000e+03 1.017197414359624617e+02 1.255000067965857113e-01 0.000000000000000000e+00 2.600716788449993211e-01 0.000000000000000000e+00 3.850301896746711749e-01 5.685097499191148554e-03 3.555636494496995149e-04 1.586995795191530056e-01 0.000000000000000000e+00 4.236262854253666178e-07 0.000000000000000000e+00 0.000000000000000000e+00 0.000000000000000000e+00 1.626989874145605766e-02 4.685265529708430041e-05 7.537232518305298232e-07 4.833995526965947226e-02 0.000000000000000000e+00 0.000000000000000000e+00 0.000000000000000000e+00 0.000000000000000000e+00 0.000000000000000000e+00 0.000000000000000000e+00
2.575000000000000000e+03 1.046146697703518953e+02 1.223816833565168766e-01 0.000000000000000000e+00 2.536096261773022054e-01 0.000000000000000000e+00 3.919473876600486073e-01 5.766334338052746949e-03 3.625242265438980891e-04 1.629993253264598041e-01 0.000000000000000000e+00 4.482965487546165529e-07 0.000000000000000000e+00 0.000000000000000000e+00 0.000000000000000000e+00 1.620498413762850101e-02 4.845949066853816025e-05 7.985818342736667404e-07 4.667842840839573487e-02 0.000000000000000000e+00 0.000000000000000000e+00 0.000000000000000000e+00 0.000000000000000000e+00 0.000000000000000000e+00 0.000000000000000000e+00
2.600000000000000000e+03 1.070034496842304748e+02 1.198583784519262618e-01 0.000000000000000000e+00 2.483806232679763581e-01 0.000000000000000000e+00 3.976955876302650239e-01 5.847066280906381211e-03 3.694827508466403667e-04 1.667884741261832504e-01 0.000000000000000000e+00 4.720681272897061788e-07 0.000000000000000000e+00 0.000000000000000000e+00 0.000000000000000000e+00 1.607660605299226705e-02 4.965312726631454596e-05 8.418179174548598868e-07 4.493281442559256961e-02 0.000000000000000000e+00 0.000000000000000000e+00 0.000000000000000000e+00 0.000000000000000000e+00 0.000000000000000000e+00 0.000000000000000000e+00
2.625000000000000000e+03 1.088654445072974823e+02 1.178967105302079627e-01 0.000000000000000000e+00 2.443154885040698665e-01 0.000000000000000000e+00 4.023312536240496451e-01 5.928322529185917934e-03 3.765036598968470017e-04 1.700779378143678633e-01 0.000000000000000000e+00 4.949926677182586347e-07 0.000000000000000000e+00 0.000000000000000000e+00 0.000000000000000000e+00 1.589159783940139944e-02 5.043159449053699709e-05 8.832178900328903548e-07 4.313037569377231595e-02 0.000000000000000000e+00 0.000000000000000000e+00 0.000000000000000000e+00 0.000000000000000000e+00 0.000000000000000000e+00 0.000000000000000000e+00
2.650000000000000000e+03 1.102399436702458786e+02 1.164215009105184218e-01 0.000000000000000000e+00 2.412584349322484945e-01 0.000000000000000000e+00 4.059938901796364408e-01 6.010464655974363454e-03 3.836096627781123195e-04 1.729159963649265497e-01 0.000000000000000000e+00 5.173250056143259711e-07 0.000000000000000000e+00 0.000000000000000000e+00 0.000000000000000000e+00 1.566005391801592733e-02 5.083608518768752387e-05 9.227990174133463730e-07 4.130377316669097548e-02 0.000000000000000000e+00 0.000000000000000000e+00 0.000000000000000000e+00 0.000000000000000000e+00 0.000000000000000000e+00 0.000000000000000000e+00
2.675000000000000000e+03 1.112103794480508441e+02 1.153329596911565752e-01 0.000000000000000000e+00 2.390026672295122723e-01 0.000000000000000000e+00 4.088730988109003373e-01 6.093298385729207720e-03 3.907879443465971472e-04 1.753752274773881792e-01 0.000000000000000000e+00 5.394527868499070602e-07 0.000000000000000000e+00 0.000000000000000000e+00 0.000000000000000000e+00 1.539361217728825622e-02 5.093737153925857774e-05 9.607671662304464138e-07 3.948591069218627958e-02 0.000000000000000000e+00 0.000000000000000000e+00 0.000000000000000000e+00 0.000000000000000000e+00 0.000000000000000000e+00 0.000000000000000000e+00
2.700000000000000000e+03 1.118757839980449091e+02 1.145297720815582898e-01 0.000000000000000000e+00 2.373382358086824628e-01 0.000000000000000000e+00 4.111636049509569402e-01 6.176335978101877081e-03 3.980064348905165673e-04 1.775336397842804670e-01 0.000000000000000000e+00 5.617927127114409661e-07 0.000000000000000000e+00 0.000000000000000000e+00 0.000000000000000000e+00 1.510336363432334024e-02 5.081456146681857968e-05 9.974193767191415139e-07 3.770466755364980382e-02 0.000000000000000000e+00 0.000000000000000000e+00 0.000000000000000000e+00 0.000000000000000000e+00 0.000000000000000000e+00 0.000000000000000000e+00
2.725000000000000000e+03 1.123267371939828223e+02 1.139259117618859896e-01 0.000000000000000000e+00 2.360868631944287588e-01 0.000000000000000000e+00 4.130321017890753454e-01 6.259042218936880161e-03 4.052295085774190622e-04 1.794601027314635666e-01 0.000000000000000000e+00 5.847119030053627448e-07 0.000000000000000000e+00 0.000000000000000000e+00 0.000000000000000000e+00 1.479844899836416441e-02 5.053828886491112677e-05 1.033051190902391505e-06 3.598014374530905668e-02 0.000000000000000000e+00 0.000000000000000000e+00 0.000000000000000000e+00 0.000000000000000000e+00 0.000000000000000000e+00 0.000000000000000000e+00
2.750000000000000000e+03 1.126341608145995536e+02 1.134566604817329044e-01 0.000000000000000000e+00 2.351144435983993919e-01 0.000000000000000000e+00 4.146049402354885505e-01 6.340971196729699305e-03 4.124269014237563562e-04 1.812083051040178916e-01 0.000000000000000000e+00 6.084977965759968317e-07 0.000000000000000000e+00 0.000000000000000000e+00 0.000000000000000000e+00 1.448567275334608669e-02 5.016355802367811526e-05 1.067905373070169145e-06 3.432473976766830387e-02 0.000000000000000000e+00 0.000000000000000000e+00 0.000000000000000000e+00 0.000000000000000000e+00 0.000000000000000000e+00 0.000000000000000000e+00
2.775000000000000000e+03 1.128485101351673165e+02 1.130769731769510483e-01 0.000000000000000000e+00 2.343276225813046842e-01 0.000000000000000000e+00 4.159708390809497836e-01 6.421803732845166729e-03 4.195763042778042425e-04 1.828171618474072058e-01 0.000000000000000000e+00 6.333636387012105773e-07 0.000000000000000000e+00 0.000000000000000000e+00 0.000000000000000000e+00 1.416978569968611879e-02 4.972989378989945065e-05 1.102159360529614310e-06 3.274477215978888189e-02 0.000000000000000000e+00 0.000000000000000000e+00 0.000000000000000000e+00 0.000000000000000000e+00 0.000000000000000000e+00 0.000000000000000000e+00
2.800000000000000000e+03 1.130037135705917279e+02 1.127568648310854071e-01 0.000000000000000000e+00 2.336642683895010231e-01 0.000000000000000000e+00 4.171895241953922362e-01 6.501332935242421993e-03 4.266625801152193866e-04 1.843139209980197424e-01 0.000000000000000000e+00 6.594682878751942996e-07 0.000000000000000000e+00 0.000000000000000000e+00 0.000000000000000000e+00 1.385399451729444134e-02 4.926462200254874528e-05 1.135933748024010656e-06 3.124237152931103739e-02 0.000000000000000000e+00 0.000000000000000000e+00 0.000000000000000000e+00 0.000000000000000000e+00 0.000000000000000000e+00 0.000000000000000000e+00
2.825000000000000000e+03 1.131219137052859764e+02 1.124767866366232494e-01 0.000000000000000000e+00 2.330838653921492309e-01 0.000000000000000000e+00 4.183005463894685638e-01 6.579435353942996237e-03 4.336760151352681198e-04 1.857175702894667546e-01 0.000000000000000000e+00 6.869368759659750892e-07 0.000000000000000000e+00 0.000000000000000000e+00 0.000000000000000000e+00 1.354043894594313471e-02 4.878650505687147078e-05 1.169306913076400630e-06 2.981703822842476231e-02 0.000000000000000000e+00 0.000000000000000000e+00 0.000000000000000000e+00 0.000000000000000000e+00 0.000000000000000000e+00 0.000000000000000000e+00
2.850000000000000000e+03 1.132175738335099453e+02 1.122238485045242984e-01 0.000000000000000000e+00 2.325597059862196947e-01 0.000000000000000000e+00 4.193302339284507019e-01 6.656044774982453928e-03 4.406106632255962123e-04 1.870419739891178712e-01 0.000000000000000000e+00 7.158787615738426210e-07 0.000000000000000000e+00 0.000000000000000000e+00 0.000000000000000000e+00 1.323057539849287895e-02 4.830886123908112180e-05 1.202330769479854783e-06 2.846677968421655949e-02 0.000000000000000000e+00 0.000000000000000000e+00 0.000000000000000000e+00 0.000000000000000000e+00 0.000000000000000000e+00 0.000000000000000000e+00
2.875000000000000000e+03 1.132993943694391845e+02 1.119901720567323816e-01 0.000000000000000000e+00 2.320754637098487172e-01 0.000000000000000000e+00 4.202962777993552446e-01 6.731125630548880599e-03 4.474626175279391906e-04 1.882958147923115555e-01 0.000000000000000000e+00 7.463918482934260123e-07 0.000000000000000000e+00 0.000000000000000000e+00 0.000000000000000000e+00 1.292530100154283892e-02 4.784064730053660627e-05 1.235029815758130360e-06 2.718856032316782287e-02 0.000000000000000000e+00 0.000000000000000000e+00 0.000000000000000000e+00 0.000000000000000000e+00 0.000000000000000000e+00 0.000000000000000000e+00
2.900000000000000000e+03 1.133739468804275532e+02 1.117695879710507434e-01 0.000000000000000000e+00 2.316183469997467603e-01 0.000000000000000000e+00 4.212112902784233559e-01 6.804672318626604592e-03 4.542300392966813261e-04 1.894878450766501465e-01 0.000000000000000000e+00 7.785856183062672863e-07 0.000000000000000000e+00 0.000000000000000000e+00 0.000000000000000000e+00 1.262535809390534676e-02 4.738977313412523213e-05 1.267431341611167737e-06 2.597923343220629247e-02 0.000000000000000000e+00 0.000000000000000000e+00 0.000000000000000000e+00 0.000000000000000000e+00 0.000000000000000000e+00 0.000000000000000000e+00
2.925000000000000000e+03 1.134451024620205999e+02 1.115582724781102320e-01 0.000000000000000000e+00 2.311804447258486161e-01 0.000000000000000000e+00 4.220843864612028873e-01 6.876686785762428124e-03 4.609116514158207454e-04 1.906237377373471154e-01 0.000000000000000000e+00 8.125716872658273754e-07 0.000000000000000000e+00 0.000000000000000000e+00 0.000000000000000000e+00 1.233119069441061637e-02 4.696202227870203787e-05 1.299547393379826388e-06 2.483529532454295183e-02 0.000000000000000000e+00 0.000000000000000000e+00 0.000000000000000000e+00 0.000000000000000000e+00 0.000000000000000000e+00 0.000000000000000000e+00
2.950000000000000000e+03 1.135156658563981296e+02 1.113532844746984718e-01 0.000000000000000000e+00 2.307556489933617894e-01 0.000000000000000000e+00 4.229226321198002458e-01 6.947179535664939863e-03 4.675068199441237936e-04 1.917085862162603016e-01 0.000000000000000000e+00 8.484752023923046304e-07 0.000000000000000000e+00 0.000000000000000000e+00 0.000000000000000000e+00 1.204313258701719333e-02 4.656258914305215908e-05 1.331389660247190310e-06 2.375328679924739936e-02 0.000000000000000000e+00 0.000000000000000000e+00 0.000000000000000000e+00 0.000000000000000000e+00 0.000000000000000000e+00 0.000000000000000000e+00
2.975000000000000000e+03 1.135876751920293941e+02 1.111523131599601588e-01 0.000000000000000000e+00 2.303391790715022258e-01 0.000000000000000000e+00 4.237317913439176964e-01 7.016164863002358892e-03 4.740152370061900583e-04 1.927468384973114734e-01 0.000000000000000000e+00 8.864361172040613923e-07 0.000000000000000000e+00 0.000000000000000000e+00 0.000000000000000000e+00 1.176142363112829027e-02 4.619624199477272744e-05 1.362969390709507876e-06 2.272982854866883312e-02 0.000000000000000000e+00 0.000000000000000000e+00 0.000000000000000000e+00 0.000000000000000000e+00 0.000000000000000000e+00 0.000000000000000000e+00
3.000000000000000000e+03 1.136626952410084783e+02 1.109534417147063773e-01 0.000000000000000000e+00 2.299270614799852341e-01 0.000000000000000000e+00 4.245168068081611734e-01 7.083658391835309480e-03 4.804367613759174920e-04 1.937425010844863182e-01 0.000000000000000000e+00 9.266114451729227930e-07 0.000000000000000000e+00 0.000000000000000000e+00 0.000000000000000000e+00 1.148623738689763356e-02 4.586755975916094523e-05 1.394298857494233264e-06 2.176166790249018518e-02 0.000000000000000000e+00 0.000000000000000000e+00 0.000000000000000000e+00 0.000000000000000000e+00 0.000000000000000000e+00 0.000000000000000000e+00
3.025000000000000000e+03 1.137420033465756148e+02 1.107549869177485574e-01 0.000000000000000000e+00 2.295158061923647796e-01 0.000000000000000000e+00 4.252821084911675986e-01 7.149675967152824274e-03 4.867713326649802984e-04 1.946992725809039704e-01 0.000000000000000000e+00 9.691769258851005298e-07 0.000000000000000000e+00 0.000000000000000000e+00 0.000000000000000000e+00 1.121769901487327040e-02 4.558108761558201516e-05 1.425392554717311791e-06 2.084570384602798046e-02 0.000000000000000000e+00 0.000000000000000000e+00 0.000000000000000000e+00 0.000000000000000000e+00 0.000000000000000000e+00 0.000000000000000000e+00
3.050000000000000000e+03 1.138267102223027365e+02 1.105553993592672951e-01 0.000000000000000000e+00 2.291022052691928379e-01 0.000000000000000000e+00 4.260318071800446305e-01 7.214232687892651805e-03 4.930189074405978309e-04 1.956206282661779872e-01 0.000000000000000000e+00 1.014328563253216191e-06 0.000000000000000000e+00 0.000000000000000000e+00 0.000000000000000000e+00 1.095589798901901862e-02 4.534145266547483824e-05 1.456267978505202664e-06 1.997899829175760894e-02 0.000000000000000000e+00 0.000000000000000000e+00 0.000000000000000000e+00 0.000000000000000000e+00 0.000000000000000000e+00 0.000000000000000000e+00
3.075000000000000000e+03 1.139178322462526722e+02 1.103532055555936642e-01 0.000000000000000000e+00 2.286832021046018293e-01 0.000000000000000000e+00 4.267698159923899448e-01 7.277342443241164270e-03 4.991794385990346809e-04 1.965098774029218065e-01 0.000000000000000000e+00 1.062283882197644292e-06 0.000000000000000000e+00 0.000000000000000000e+00 0.000000000000000000e+00 1.070089690289107581e-02 4.515344180561485813e-05 1.486946332640302744e-06 1.915877748774092240e-02 0.000000000000000000e+00 0.000000000000000000e+00 0.000000000000000000e+00 0.000000000000000000e+00 0.000000000000000000e+00 0.000000000000000000e+00
3.100000000000000000e+03 1.140163421558141010e+02 1.101469658534662693e-01 0.000000000000000000e+00 2.282558142973988013e-01 0.000000000000000000e+00 4.274999289113970979e-01 7.339017809938968087e-03 5.052528444403538849e-04 1.973701981682270679e-01 0.000000000000000000e+00 1.113283073252238898e-06 0.000000000000000000e+00 0.000000000000000000e+00 0.000000000000000000e+00 1.045273846985418642e-02 4.502206620755599536e-05 1.517453129221517744e-06 1.838243084286721521e-02 0.000000000000000000e+00 0.000000000000000000e+00 0.000000000000000000e+00 0.000000000000000000e+00 0.000000000000000000e+00 0.000000000000000000e+00
3.125000000000000000e+03 1.141231978736755366e+02 1.099352526133033359e-01 0.000000000000000000e+00 2.278170846576250685e-01 0.000000000000000000e+00 4.282258682249789894e-01 7.399269777271687970e-03 5.112390081069360503e-04 1.982046613328007634e-01 0.000000000000000000e+00 1.167589967770651938e-06 0.000000000000000000e+00 0.000000000000000000e+00 0.000000000000000000e+00 1.021145049290488570e-02 4.495260936792438517e-05 1.547818729306130513e-06 1.764750587494322981e-02 0.000000000000000000e+00 0.000000000000000000e+00 0.000000000000000000e+00 0.000000000000000000e+00 0.000000000000000000e+00 0.000000000000000000e+00
3.150000000000000000e+03 1.142393631316524107e+02 1.097166406012290707e-01 0.000000000000000000e+00 2.273640559655545346e-01 0.000000000000000000e+00 4.289513104988900150e-01 7.458108006497101219e-03 5.171377754481075060e-04 1.990162433427478395e-01 0.000000000000000000e+00 1.225492809768041430e-06 0.000000000000000000e+00 0.000000000000000000e+00 0.000000000000000000e+00 9.977049485403240159e-03 4.495066717212199361e-05 1.578078784458879559e-06 1.695170008546381668e-02 0.000000000000000000e+00 0.000000000000000000e+00 0.000000000000000000e+00 0.000000000000000000e+00 0.000000000000000000e+00 0.000000000000000000e+00
3.175000000000000000e+03 1.143658215400317033e+02 1.094896906764510486e-01 0.000000000000000000e+00 2.268937531626775417e-01 0.000000000000000000e+00 4.296799050850445556e-01 7.515540810629178607e-03 5.229489768831720869e-04 1.998078424447588541e-01 0.000000000000000000e+00 1.287305094970738928e-06 0.000000000000000000e+00 0.000000000000000000e+00 0.000000000000000000e+00 9.749544826574257569e-03 4.502218909130507689e-05 1.608274930909548456e-06 1.629285624786414033e-02 0.000000000000000000e+00 0.000000000000000000e+00 0.000000000000000000e+00 0.000000000000000000e+00 0.000000000000000000e+00 0.000000000000000000e+00
3.200000000000000000e+03 1.145035797107114774e+02 1.092529632942204898e-01 0.000000000000000000e+00 2.264031864380446069e-01 0.000000000000000000e+00 4.304152706652900062e-01 7.571575403422447018e-03 5.286724249505780860e-04 2.005822735650446553e-01 0.000000000000000000e+00 1.353365970870085631e-06 0.000000000000000000e+00 0.000000000000000000e+00 0.000000000000000000e+00 9.528940661676163146e-03 4.517350499520272802e-05 1.638455240159279371e-06 1.566895222114497374e-02 0.000000000000000000e+00 0.000000000000000000e+00 0.000000000000000000e+00 0.000000000000000000e+00 0.000000000000000000e+00 0.000000000000000000e+00
3.225000000000000000e+03 1.146536742510370175e+02 1.090050096746412456e-01 0.000000000000000000e+00 2.258893573461661641e-01 0.000000000000000000e+00 4.311609949413564569e-01 7.626218150492596395e-03 5.343079525194300086e-04 2.013422752174061636e-01 0.000000000000000000e+00 1.424040739314631148e-06 0.000000000000000000e+00 0.000000000000000000e+00 0.000000000000000000e+00 9.315238666542852153e-03 4.541135391792162424e-05 1.668674722188539584e-06 1.507809398149573786e-02 0.000000000000000000e+00 0.000000000000000000e+00 0.000000000000000000e+00 0.000000000000000000e+00 0.000000000000000000e+00 0.000000000000000000e+00
3.250000000000000000e+03 1.148171716225494947e+02 1.087443843805278865e-01 0.000000000000000000e+00 2.253492679503812657e-01 0.000000000000000000e+00 4.319206226199177601e-01 7.679475102403314837e-03 5.398554080011753803e-04 2.020905052753005082e-01 0.000000000000000000e+00 1.499720945420508949e-06 0.000000000000000000e+00 0.000000000000000000e+00 0.000000000000000000e+00 9.108440004211180649e-03 4.574291441423736020e-05 1.698996064085947873e-06 1.451850762783332693e-02 0.000000000000000000e+00 0.000000000000000000e+00 0.000000000000000000e+00 0.000000000000000000e+00 0.000000000000000000e+00 0.000000000000000000e+00
3.275000000000000000e+03 1.149951643799952876e+02 1.084696541540547815e-01 0.000000000000000000e+00 2.247799481058133375e-01 0.000000000000000000e+00 4.326976353506146733e-01 7.731352295806932264e-03 5.453147558172096853e-04 2.028295310761402959e-01 0.000000000000000000e+00 1.580824450013437264e-06 0.000000000000000000e+00 0.000000000000000000e+00 0.000000000000000000e+00 8.908546693369177871e-03 4.617582316082859416e-05 1.729490137867638325e-06 1.398853143063485786e-02 0.000000000000000000e+00 0.000000000000000000e+00 0.000000000000000000e+00 0.000000000000000000e+00 0.000000000000000000e+00 0.000000000000000000e+00
3.300000000000000000e+03 1.151887754289528232e+02 1.081794038025470223e-01 0.000000000000000000e+00 2.241784669206329517e-01 0.000000000000000000e+00 4.334954391451339983e-01 7.781855928434170538e-03 5.506860372376717059e-04 2.035618294476890244e-01 0.000000000000000000e+00 1.667795201843866739e-06 0.000000000000000000e+00 0.000000000000000000e+00 0.000000000000000000e+00 8.715563501125256698e-03 4.671820295746530974e-05 1.760236700002535631e-06 1.348660898234063828e-02 0.000000000000000000e+00 0.000000000000000000e+00 0.000000000000000000e+00 0.000000000000000000e+00 0.000000000000000000e+00 0.000000000000000000e+00
3.325000000000000000e+03 1.153991470339588261e+02 1.078722557148196204e-01 0.000000000000000000e+00 2.235419695828466946e-01 0.000000000000000000e+00 4.343173273807105494e-01 7.830993577040068140e-03 5.559694544583443452e-04 2.042897721013830770e-01 0.000000000000000000e+00 1.761102741959637988e-06 0.000000000000000000e+00 0.000000000000000000e+00 0.000000000000000000e+00 8.529499198273287827e-03 4.737868069863904245e-05 1.791325071960963221e-06 1.301128188195587766e-02 0.000000000000000000e+00 0.000000000000000000e+00 0.000000000000000000e+00 0.000000000000000000e+00 0.000000000000000000e+00 0.000000000000000000e+00
3.350000000000000000e+03 1.156274413131804977e+02 1.075468809738549386e-01 0.000000000000000000e+00 2.228676998839828893e-01 0.000000000000000000e+00 4.351664671594048794e-01 7.878774008103316476e-03 5.611654109987347996e-04 2.050156119801457566e-01 0.000000000000000000e+00 1.861241673267626349e-06 0.000000000000000000e+00 0.000000000000000000e+00 0.000000000000000000e+00 8.350367473980763525e-03 4.816640853999377199e-05 1.822854891179815885e-06 1.256118260442445900e-02 0.000000000000000000e+00 0.000000000000000000e+00 0.000000000000000000e+00 0.000000000000000000e+00 0.000000000000000000e+00 0.000000000000000000e+00
3.375000000000000000e+03 1.158748383631139660e+02 1.072020065728452043e-01 0.000000000000000000e+00 2.221530235240889994e-01 0.000000000000000000e+00 4.360458685028700820e-01 7.925208395105957926e-03 5.662745684042462709e-04 2.057414853482303907e-01 0.000000000000000000e+00 1.968730665334503956e-06 0.000000000000000000e+00 0.000000000000000000e+00 0.000000000000000000e+00 8.178188607959173753e-03 4.909108736140393325e-05 1.854936881494749907e-06 1.213502972558776552e-02 0.000000000000000000e+00 0.000000000000000000e+00 0.000000000000000000e+00 0.000000000000000000e+00 0.000000000000000000e+00 0.000000000000000000e+00
3.400000000000000000e+03 1.161425291165096780e+02 1.068364395487496205e-01 0.000000000000000000e+00 2.213954645705603630e-01 0.000000000000000000e+00 4.369583567546650449e-01 7.970310575319328183e-03 5.712979001230231169e-04 2.064693855790602772e-01 0.000000000000000000e+00 2.084111430470003592e-06 0.000000000000000000e+00 0.000000000000000000e+00 0.000000000000000000e+00 8.012989894702135171e-03 5.016298329169485107e-05 1.887693719681830317e-06 1.173162038837838664e-02 0.000000000000000000e+00 0.000000000000000000e+00 0.000000000000000000e+00 0.000000000000000000e+00 0.000000000000000000e+00 0.000000000000000000e+00
3.425000000000000000e+03 1.164317175231614527e+02 1.064490675725417723e-01 0.000000000000000000e+00 2.205927204988050727e-01 0.000000000000000000e+00 4.379065529548478719e-01 8.014098008210139915e-03 5.762367290324367855e-04 2.072011685249642576e-01 0.000000000000000000e+00 2.207947346297614425e-06 0.000000000000000000e+00 0.000000000000000000e+00 0.000000000000000000e+00 7.854807276813983302e-03 5.139294908809786521e-05 1.921260868497335036e-06 1.134982627748145310e-02 0.000000000000000000e+00 0.000000000000000000e+00 0.000000000000000000e+00 0.000000000000000000e+00 0.000000000000000000e+00 0.000000000000000000e+00
3.450000000000000000e+03 1.167436153822834797e+02 1.060388809669204346e-01 0.000000000000000000e+00 2.197426947969314259e-01 0.000000000000000000e+00 4.388928503619778376e-01 8.056592116303037954e-03 5.810928220272722731e-04 2.079385262505692999e-01 0.000000000000000000e+00 2.340821962413133480e-06 0.000000000000000000e+00 0.000000000000000000e+00 0.000000000000000000e+00 7.703685721326299085e-03 5.279244252863647549e-05 1.955787538047573058e-06 1.098858791191534116e-02 0.000000000000000000e+00 0.000000000000000000e+00 0.000000000000000000e+00 0.000000000000000000e+00 0.000000000000000000e+00 0.000000000000000000e+00
3.475000000000000000e+03 1.170794518421757147e+02 1.056049662006095236e-01 0.000000000000000000e+00 2.188434988275948512e-01 0.000000000000000000e+00 4.399194054080667327e-01 8.097819322920331991e-03 5.858684377435017339e-04 2.086830022474889246e-01 0.000000000000000000e+00 2.483337189357637767e-06 0.000000000000000000e+00 0.000000000000000000e+00 0.000000000000000000e+00 7.559680848396424339e-03 5.437355263121788950e-05 1.991437730837004892e-06 1.064691037962846136e-02 0.000000000000000000e+00 0.000000000000000000e+00 0.000000000000000000e+00 0.000000000000000000e+00 0.000000000000000000e+00 0.000000000000000000e+00
3.500000000000000000e+03 1.174404721568713370e+02 1.051465199859488303e-01 0.000000000000000000e+00 2.178934695047362036e-01 0.000000000000000000e+00 4.409881268657317999e-01 8.137811381803946101e-03 5.905663596408150095e-04 2.094359739865393200e-01 0.000000000000000000e+00 2.636111331225106810e-06 0.000000000000000000e+00 0.000000000000000000e+00 0.000000000000000000e+00 7.422859185045185305e-03 5.614901333814574015e-05 2.028391282368752682e-06 1.032385921460209771e-02 0.000000000000000000e+00 0.000000000000000000e+00 0.000000000000000000e+00 0.000000000000000000e+00 0.000000000000000000e+00 0.000000000000000000e+00
3.525000000000000000e+03 1.178279486641309433e+02 1.046628473361521094e-01 0.000000000000000000e+00 2.168911631175563515e-01 0.000000000000000000e+00 4.421006768384712626e-01 8.176606136146258655e-03 5.951899953448323627e-04 2.101986612417094114e-01 0.000000000000000000e+00 2.799776905004702559e-06 0.000000000000000000e+00 0.000000000000000000e+00 0.000000000000000000e+00 7.293299774515919764e-03 5.813223239114536777e-05 2.066845015529513943e-06 1.001855670579201302e-02 0.000000000000000000e+00 0.000000000000000000e+00 0.000000000000000000e+00 0.000000000000000000e+00 0.000000000000000000e+00 0.000000000000000000e+00
3.550000000000000000e+03 1.182431956844530418e+02 1.041533533220505847e-01 0.000000000000000000e+00 2.158353462602120854e-01 0.000000000000000000e+00 4.432584829116432146e-01 8.214247936398823974e-03 5.997434061554011075e-04 2.109721336899763322e-01 0.000000000000000000e+00 2.974978161388496083e-06 0.000000000000000000e+00 0.000000000000000000e+00 0.000000000000000000e+00 7.171094561233384672e-03 6.033731309279232862e-05 2.107013979453877840e-06 9.730178607096380897e-03 0.000000000000000000e+00 0.000000000000000000e+00 0.000000000000000000e+00 0.000000000000000000e+00 0.000000000000000000e+00 0.000000000000000000e+00
3.575000000000000000e+03 1.186875819109032477e+02 1.036175376787120683e-01 0.000000000000000000e+00 2.147249837402765982e-01 0.000000000000000000e+00 4.444627565789652235e-01 8.250788161884778371e-03 6.042313529382122884e-04 2.117573121618034904e-01 0.000000000000000000e+00 3.162368323896009629e-06 0.000000000000000000e+00 0.000000000000000000e+00 0.000000000000000000e+00 7.056349401215257153e-03 6.277907521493607571e-05 2.149132641845716684e-06 9.457950348023720644e-03 0.000000000000000000e+00 0.000000000000000000e+00 0.000000000000000000e+00 0.000000000000000000e+00 0.000000000000000000e+00 0.000000000000000000e+00
3.600000000000000000e+03 1.191625606377018300e+02 1.030549765211378060e-01 0.000000000000000000e+00 2.135591969939752144e-01 0.000000000000000000e+00 4.457145234941419232e-01 8.286285298075972763e-03 6.086593438314920335e-04 2.125549985763417193e-01 0.000000000000000000e+00 3.362606624521153639e-06 0.000000000000000000e+00 0.000000000000000000e+00 0.000000000000000000e+00 6.949185260245707881e-03 6.547308476691645577e-05 2.193456302755779052e-06 9.201145364555886330e-03 0.000000000000000000e+00 0.000000000000000000e+00 0.000000000000000000e+00 0.000000000000000000e+00 0.000000000000000000e+00 0.000000000000000000e+00
3.625000000000000000e+03 1.196696935955929462e+02 1.024653064251249968e-01 0.000000000000000000e+00 2.123372332810891938e-01 0.000000000000000000e+00 4.470146630963744427e-01 8.320805440408253831e-03 6.130336505015202952e-04 2.133658862220357000e-01 0.000000000000000000e+00 3.576354640511089479e-06 0.000000000000000000e+00 0.000000000000000000e+00 0.000000000000000000e+00 6.849738270397964617e-03 6.843567549839719923e-05 2.240262344897790289e-06 8.959081321584060412e-03 0.000000000000000000e+00 0.000000000000000000e+00 0.000000000000000000e+00 0.000000000000000000e+00 0.000000000000000000e+00 0.000000000000000000e+00
3.650000000000000000e+03 1.202106880512346123e+02 1.018481990242508239e-01 0.000000000000000000e+00 2.110584114145634127e-01 0.000000000000000000e+00 4.483639593752783981e-01 8.354422048593020469e-03 6.173613523543319912e-04 2.141905900426404330e-01 0.000000000000000000e+00 3.804272654298116055e-06 0.000000000000000000e+00 0.000000000000000000e+00 0.000000000000000000e+00 6.758160673309336272e-03 7.168397488071440160e-05 2.289851580255556611e-06 8.731117969895094838e-03 0.000000000000000000e+00 0.000000000000000000e+00 0.000000000000000000e+00 0.000000000000000000e+00 0.000000000000000000e+00 0.000000000000000000e+00
3.675000000000000000e+03 1.207874382545145409e+02 1.012033324559654529e-01 0.000000000000000000e+00 2.097220653998732587e-01 0.000000000000000000e+00 4.497631573788751225e-01 8.387216227835741014e-03 6.216503130713561245e-04 2.150296764516449188e-01 0.000000000000000000e+00 4.047014918997219167e-06 0.000000000000000000e+00 0.000000000000000000e+00 0.000000000000000000e+00 6.674620876668409773e-03 7.523592764357444371e-05 2.342549644607293084e-06 8.516655403858637216e-03 0.000000000000000000e+00 0.000000000000000000e+00 0.000000000000000000e+00 0.000000000000000000e+00 0.000000000000000000e+00 0.000000000000000000e+00
3.700000000000000000e+03 1.214020779493033046e+02 1.005303604112215282e-01 0.000000000000000000e+00 2.083274758099352142e-01 0.000000000000000000e+00 4.512130323939860244e-01 8.419275638249757235e-03 6.259091666790941519e-04 2.158836979565721126e-01 0.000000000000000000e+00 4.305224507059060164e-06 0.000000000000000000e+00 0.000000000000000000e+00 0.000000000000000000e+00 6.599303710433147147e-03 7.911031683430059624e-05 2.398708084006357513e-06 8.315130663497771052e-03 0.000000000000000000e+00 0.000000000000000000e+00 0.000000000000000000e+00 0.000000000000000000e+00 0.000000000000000000e+00 0.000000000000000000e+00
3.725000000000000000e+03 1.220570353585671342e+02 9.982887629733189216e-02 0.000000000000000000e+00 2.068738015084655990e-01 0.000000000000000000e+00 4.527144616613349437e-01 8.450694301906591654e-03 6.301473111352041447e-04 2.167532283418753258e-01 0.000000000000000000e+00 4.579527105717345758e-06 0.000000000000000000e+00 0.000000000000000000e+00 0.000000000000000000e+00 6.532409713236518763e-03 8.332677718784693743e-05 2.458705460116463397e-06 8.126015854960375387e-03 0.000000000000000000e+00 0.000000000000000000e+00 0.000000000000000000e+00 0.000000000000000000e+00 0.000000000000000000e+00 0.000000000000000000e+00
3.750000000000000000e+03 1.227551014339227748e+02 9.909837584829930823e-02 0.000000000000000000e+00 2.053599968013398447e-01 0.000000000000000000e+00 4.542685021507577026e-01 8.481571938112442144e-03 6.343748131549675632e-04 2.176389091133634213e-01 0.000000000000000000e+00 4.870523980938632313e-06 0.000000000000000000e+00 0.000000000000000000e+00 0.000000000000000000e+00 6.474154522143861328e-03 8.790581433704430933e-05 2.522948245260923427e-06 7.948815526265383402e-03 0.000000000000000000e+00 0.000000000000000000e+00 0.000000000000000000e+00 0.000000000000000000e+00 0.000000000000000000e+00 0.000000000000000000e+00
3.775000000000000000e+03 1.234995049897413679e+02 9.833821825693359053e-02 0.000000000000000000e+00 2.037847335206547372e-01 0.000000000000000000e+00 4.558764739531949162e-01 8.512012595257719208e-03 6.386023628879850108e-04 2.185414875426994474e-01 0.000000000000000000e+00 5.178783399976839791e-06 0.000000000000000000e+00 0.000000000000000000e+00 0.000000000000000000e+00 6.424767789601653657e-03 9.286880312319013657e-05 2.591871387829857008e-06 7.783064520858936838e-03 0.000000000000000000e+00 0.000000000000000000e+00 0.000000000000000000e+00 0.000000000000000000e+00 0.000000000000000000e+00 0.000000000000000000e+00
3.800000000000000000e+03 1.242939973267806835e+02 9.754758471133406772e-02 0.000000000000000000e+00 2.021463144733196826e-01 0.000000000000000000e+00 4.575400432394409744e-01 8.542122680683994496e-03 6.428411113592194873e-04 2.194618701255275361e-01 0.000000000000000000e+00 5.504830749953633583e-06 0.000000000000000000e+00 0.000000000000000000e+00 0.000000000000000000e+00 6.384490564032166936e-03 9.823798426615806714e-05 2.665938336772040363e-06 7.628324340949441985e-03 0.000000000000000000e+00 0.000000000000000000e+00 0.000000000000000000e+00 0.000000000000000000e+00 0.000000000000000000e+00 0.000000000000000000e+00
