# T Ptot H He C N O Na K Si Ar Ti V S Cl Mg Al Ca Fe Cr Li Cs Rb F P
1.500000000000000000e+03 9.780000521612551267e+01 3.106026979490356665e-01 0.000000000000000000e+00 1.804296736200288187e-01 0.000000000000000000e+00 5.089676277241471647e-01 6.769544614513656632e-10 2.894144508586661074e-11 2.768242791341533073e-14 0.000000000000000000e+00 3.740627220676538216e-17 0.000000000000000000e+00 0.000000000000000000e+00 0.000000000000000000e+00 1.571509757028218713e-14 4.495941455792532558e-21 9.614270364860690874e-21 8.489186474041557864e-13 0.000000000000000000e+00 0.000000000000000000e+00 0.000000000000000000e+00 0.000000000000000000e+00 0.000000000000000000e+00 0.000000000000000000e+00
1.525000000000000000e+03 9.780001549578425113e+01 3.106325227166998326e-01 0.000000000000000000e+00 1.804469983900086061e-01 0.000000000000000000e+00 5.089204778565562526e-01 9.920874373275227544e-10 4.310615651596668747e-11 5.493345538606756338e-14 0.000000000000000000e+00 7.792555339492640023e-17 0.000000000000000000e+00 0.000000000000000000e+00 0.000000000000000000e+00 2.930675460800257179e-14 1.175427024694631015e-20 2.150226286419320003e-20 1.457494702288740668e-12 0.000000000000000000e+00 0.000000000000000000e+00 0.000000000000000000e+00 0.000000000000000000e+00 0.000000000000000000e+00 0.000000000000000000e+00
1.550000000000000000e+03 9.780004441412793881e+01 3.106627722081459764e-01 0.000000000000000000e+00 1.804645820314121629e-01 0.000000000000000000e+00 5.088726442590453258e-01 1.435421183880419930e-09 6.335145075096591295e-11 1.066298435040271812e-13 0.000000000000000000e+00 1.582766182492460341e-16 0.000000000000000000e+00 0.000000000000000000e+00 0.000000000000000000e+00 5.349871802281514134e-14 2.977506607625164712e-20 4.688023545026255866e-20 2.463413274104134896e-12 0.000000000000000000e+00 0.000000000000000000e+00 0.000000000000000000e+00 0.000000000000000000e+00 0.000000000000000000e+00 0.000000000000000000e+00
1.575000000000000000e+03 9.780006301933286750e+01 3.106934100994815928e-01 0.000000000000000000e+00 1.804823752750380761e-01 0.000000000000000000e+00 5.088242124774395858e-01 2.051711146162403180e-09 9.192898775553996295e-11 2.026720239662762573e-13 0.000000000000000000e+00 3.138272435659514211e-16 0.000000000000000000e+00 0.000000000000000000e+00 0.000000000000000000e+00 9.570114380033161285e-14 7.319296336752182929e-20 9.978203301809838458e-20 4.101854186591063741e-12 0.000000000000000000e+00 0.000000000000000000e+00 0.000000000000000000e+00 0.000000000000000000e+00 0.000000000000000000e+00 0.000000000000000000e+00
1.600000000000000000e+03 9.780008854872249913e+01 3.107243606492356980e-01 0.000000000000000000e+00 1.805003576149935285e-01 0.000000000000000000e+00 5.087752786979351516e-01 2.898763581057703701e-09 1.317923604210700450e-10 3.775865223984113272e-13 0.000000000000000000e+00 6.081394349118265126e-16 0.000000000000000000e+00 0.000000000000000000e+00 0.000000000000000000e+00 1.679330085761298941e-13 1.748562355775025497e-19 2.076109107491616957e-19 6.733346993794516556e-12 0.000000000000000000e+00 0.000000000000000000e+00 0.000000000000000000e+00 0.000000000000000000e+00 0.000000000000000000e+00 0.000000000000000000e+00
1.625000000000000000e+03 9.780012194936693959e+01 3.107555848738357551e-01 0.000000000000000000e+00 1.805184945456886070e-01 0.000000000000000000e+00 5.087259163313437860e-01 4.050473709566228304e-09 1.867741961842547243e-10 6.901662057842495621e-13 0.000000000000000000e+00 1.152987992387090134e-15 0.000000000000000000e+00 0.000000000000000000e+00 0.000000000000000000e+00 2.893495109288034907e-13 4.065225697268153958e-19 4.227872562152962026e-19 1.090334276789867126e-11 0.000000000000000000e+00 0.000000000000000000e+00 0.000000000000000000e+00 0.000000000000000000e+00 0.000000000000000000e+00 0.000000000000000000e+00
1.650000000000000000e+03 9.780016768894871859e+01 3.107870288749937648e-01 0.000000000000000000e+00 1.805367636226311301e-01 0.000000000000000000e+00 5.086762016210368831e-01 5.600383658670347096e-09 2.617969563294497438e-10 1.238759457198459461e-12 0.000000000000000000e+00 2.140903495565636049e-15 0.000000000000000000e+00 0.000000000000000000e+00 0.000000000000000000e+00 4.899790939296048017e-13 9.209591577305573998e-19 8.436618242979416234e-19 1.742665019861532872e-11 0.000000000000000000e+00 0.000000000000000000e+00 0.000000000000000000e+00 0.000000000000000000e+00 0.000000000000000000e+00 0.000000000000000000e+00
1.675000000000000000e+03 9.780022744775379806e+01 3.108186601499476898e-01 0.000000000000000000e+00 1.805551347122991424e-01 0.000000000000000000e+00 5.086261970783109154e-01 7.665810044506543456e-09 3.631214194271721536e-10 2.185115865032038546e-12 0.000000000000000000e+00 3.897041052592454619e-15 0.000000000000000000e+00 0.000000000000000000e+00 0.000000000000000000e+00 8.161696999905759504e-13 2.035518863276678676e-18 1.651408568207806440e-18 2.750562639814322120e-11 0.000000000000000000e+00 0.000000000000000000e+00 0.000000000000000000e+00 0.000000000000000000e+00 0.000000000000000000e+00 0.000000000000000000e+00
1.700000000000000000e+03 9.780030710681791106e+01 3.108504291196508285e-01 0.000000000000000000e+00 1.805735910282994516e-01 0.000000000000000000e+00 5.085759689127923311e-01 1.039259047400119154e-08 4.986369587170158309e-10 3.790989009479691378e-12 0.000000000000000000e+00 6.960310963152869091e-15 0.000000000000000000e+00 0.000000000000000000e+00 0.000000000000000000e+00 1.338421108749963063e-12 4.394249125904079454e-18 3.174027863706562789e-18 4.289362388559161372e-11 0.000000000000000000e+00 0.000000000000000000e+00 0.000000000000000000e+00 0.000000000000000000e+00 0.000000000000000000e+00 0.000000000000000000e+00
1.725000000000000000e+03 9.780041139759083535e+01 3.108823049636646463e-01 0.000000000000000000e+00 1.805921056335778874e-01 0.000000000000000000e+00 5.085255746892893836e-01 1.396050355166265270e-08 6.781979708091645662e-10 6.473475148602147993e-12 0.000000000000000000e+00 1.220802403267409804e-14 0.000000000000000000e+00 0.000000000000000000e+00 0.000000000000000000e+00 2.162513221722583272e-12 9.275466364730561467e-18 5.995630911406998551e-18 6.611840038192768779e-11 0.000000000000000000e+00 0.000000000000000000e+00 0.000000000000000000e+00 0.000000000000000000e+00 0.000000000000000000e+00 0.000000000000000000e+00
1.750000000000000000e+03 9.780054763665508233e+01 3.109142476849051651e-01 0.000000000000000000e+00 1.806106617454719954e-01 0.000000000000000000e+00 5.084750709510690303e-01 1.858940545043047763e-08 9.140106354021630813e-10 1.088747281955186685e-11 0.000000000000000000e+00 2.104414078287524365e-14 0.000000000000000000e+00 0.000000000000000000e+00 0.000000000000000000e+00 3.445140214807218089e-12 1.916320552659966504e-17 1.114022690145107163e-17 1.007839941732111987e-10 0.000000000000000000e+00 0.000000000000000000e+00 0.000000000000000000e+00 0.000000000000000000e+00 0.000000000000000000e+00 0.000000000000000000e+00
1.775000000000000000e+03 9.780072350025679384e+01 3.109462226008600783e-01 0.000000000000000000e+00 1.806292368580589836e-01 0.000000000000000000e+00 5.084245145984013226e-01 2.454613306512069331e-08 1.221074013226731563e-09 1.804686340357257090e-11 0.000000000000000000e+00 3.567897610212586389e-14 0.000000000000000000e+00 0.000000000000000000e+00 0.000000000000000000e+00 5.415654999708994700e-12 3.878791418099115161e-17 2.037633690058634087e-17 1.519741775449560941e-10 0.000000000000000000e+00 0.000000000000000000e+00 0.000000000000000000e+00 0.000000000000000000e+00 0.000000000000000000e+00 0.000000000000000000e+00
1.800000000000000000e+03 9.780095075079383093e+01 3.109781938911455601e-01 0.000000000000000000e+00 1.806478090147392856e-01 0.000000000000000000e+00 5.083739630594634740e-01 3.215221936118512161e-08 1.617680350317677111e-09 2.950025447867263082e-11 0.000000000000000000e+00 5.953835768452930820e-14 0.000000000000000000e+00 0.000000000000000000e+00 0.000000000000000000e+00 8.406034708829720228e-12 7.698596746231376619e-17 3.671485985132617981e-17 2.267858579914503900e-10 0.000000000000000000e+00 0.000000000000000000e+00 0.000000000000000000e+00 0.000000000000000000e+00 0.000000000000000000e+00 0.000000000000000000e+00
1.825000000000000000e+03 9.780124126162809262e+01 3.110101239296901854e-01 0.000000000000000000e+00 1.806663592277168717e-01 0.000000000000000000e+00 5.083234725432624890e-01 4.179247093334185138e-08 2.111260031271472075e-09 4.758265352571229119e-11 0.000000000000000000e+00 9.785328693860750185e-14 0.000000000000000000e+00 0.000000000000000000e+00 0.000000000000000000e+00 1.289183838980401830e-11 1.499624857343164949e-16 6.521190569379888239e-17 3.350270763080132356e-10 0.000000000000000000e+00 0.000000000000000000e+00 0.000000000000000000e+00 0.000000000000000000e+00 0.000000000000000000e+00 0.000000000000000000e+00
1.850000000000000000e+03 9.780161223694034334e+01 3.110419754186216079e-01 0.000000000000000000e+00 1.806848620793100879e-01 0.000000000000000000e+00 5.082731052390734305e-01 5.392444086180953789e-08 2.752954727137478903e-09 7.577151140946290796e-11 0.000000000000000000e+00 1.584977014924102434e-13 0.000000000000000000e+00 0.000000000000000000e+00 0.000000000000000000e+00 1.954776734763931226e-11 2.869181150966948525e-16 1.142466199432987487e-16 4.901210947000731780e-10 0.000000000000000000e+00 0.000000000000000000e+00 0.000000000000000000e+00 0.000000000000000000e+00 0.000000000000000000e+00 0.000000000000000000e+00
1.875000000000000000e+03 9.780208448153669565e+01 3.110737016868736493e-01 0.000000000000000000e+00 1.807032934494851861e-01 0.000000000000000000e+00 5.082229313523786152e-01 6.908886086127587161e-08 3.563374511178957263e-09 1.191846512051296238e-10 0.000000000000000000e+00 2.531625780846360979e-13 0.000000000000000000e+00 0.000000000000000000e+00 0.000000000000000000e+00 2.932254554619810943e-11 5.395934863347405441e-16 1.975296169907272970e-16 7.102662080982875151e-10 0.000000000000000000e+00 0.000000000000000000e+00 0.000000000000000000e+00 0.000000000000000000e+00 0.000000000000000000e+00 0.000000000000000000e+00
1.900000000000000000e+03 9.780268196305866013e+01 3.111052592728605348e-01 0.000000000000000000e+00 1.807216234675375621e-01 0.000000000000000000e+00 5.081730235094754633e-01 8.792104073717130140e-08 4.579968251811167492e-09 1.852688052281978299e-10 0.000000000000000000e+00 3.989800368088836348e-13 0.000000000000000000e+00 0.000000000000000000e+00 0.000000000000000000e+00 4.353919896186167659e-11 9.982049221807352026e-16 3.372212019908853586e-16 1.019909231610405808e-09 0.000000000000000000e+00 0.000000000000000000e+00 0.000000000000000000e+00 0.000000000000000000e+00 0.000000000000000000e+00 0.000000000000000000e+00
1.925000000000000000e+03 9.780343660307160292e+01 3.111365850828254342e-01 0.000000000000000000e+00 1.807398213351558980e-01 0.000000000000000000e+00 5.081234747707039645e-01 1.111633701362560820e-07 5.846949610241686125e-09 2.847418269655565532e-10 0.000000000000000000e+00 6.207419744901763046e-13 0.000000000000000000e+00 0.000000000000000000e+00 0.000000000000000000e+00 6.402868396620389509e-11 1.817653004286568509e-15 5.687158271445402244e-16 1.451601105115640359e-09 0.000000000000000000e+00 0.000000000000000000e+00 0.000000000000000000e+00 0.000000000000000000e+00 0.000000000000000000e+00 0.000000000000000000e+00
1.950000000000000000e+03 9.780438784077404080e+01 3.111676145077743039e-01 0.000000000000000000e+00 1.807578444349533797e-01 0.000000000000000000e+00 5.080743913867373784e-01 1.396788545815837166e-07 7.416234925742991885e-09 4.328685514892447855e-10 0.000000000000000000e+00 9.538944970912775980e-13 0.000000000000000000e+00 0.000000000000000000e+00 0.000000000000000000e+00 9.330696044633263694e-11 3.260005856924613781e-15 9.478982380713244268e-16 2.048311760074250125e-09 0.000000000000000000e+00 0.000000000000000000e+00 0.000000000000000000e+00 0.000000000000000000e+00 0.000000000000000000e+00 0.000000000000000000e+00
1.975000000000000000e+03 9.780558371155075292e+01 3.111982613301632061e-01 0.000000000000000000e+00 1.807756486764384163e-01 0.000000000000000000e+00 5.080259025253287541e-01 1.744658628486726684e-07 9.348475951153090512e-09 6.511718140441468480e-10 0.000000000000000000e+00 1.448533419615362634e-12 0.000000000000000000e+00 0.000000000000000000e+00 0.000000000000000000e+00 1.348086211677619183e-10 5.762418223849075398e-15 1.562026018616644828e-15 2.866294653667278226e-09 0.000000000000000000e+00 0.000000000000000000e+00 0.000000000000000000e+00 0.000000000000000000e+00 0.000000000000000000e+00 0.000000000000000000e+00
2.000000000000000000e+03 9.780708520031896569e+01 3.112284281433874145e-01 0.000000000000000000e+00 1.807931712564440629e-01 0.000000000000000000e+00 5.079781670681627892e-01 2.166741264735318954e-07 1.171419224711498836e-08 9.697053788093045793e-10 0.000000000000000000e+00 2.174676212109482311e-12 0.000000000000000000e+00 0.000000000000000000e+00 0.000000000000000000e+00 1.931938021083335876e-10 1.004428207047813137e-14 2.545873055518188463e-15 3.978600582992334956e-09 0.000000000000000000e+00 0.000000000000000000e+00 0.000000000000000000e+00 0.000000000000000000e+00 0.000000000000000000e+00 0.000000000000000000e+00
2.025000000000000000e+03 9.780896725590621088e+01 3.112579815057828769e-01 0.000000000000000000e+00 1.808103397747393148e-01 0.000000000000000000e+00 5.079313893157210158e-01 2.676213974172865419e-07 1.459497411644541037e-08 1.430040474122466114e-09 0.000000000000000000e+00 3.229145152917584620e-12 0.000000000000000000e+00 0.000000000000000000e+00 0.000000000000000000e+00 2.747483337014260454e-10 1.743004021762094725e-14 4.105412704345514541e-15 5.479345721672578705e-09 0.000000000000000000e+00 0.000000000000000000e+00 0.000000000000000000e+00 0.000000000000000000e+00 0.000000000000000000e+00 0.000000000000000000e+00
2.050000000000000000e+03 9.781132514505016218e+01 3.112867686166840842e-01 0.000000000000000000e+00 1.808270603573903790e-01 0.000000000000000000e+00 5.078858141554883909e-01 3.288146768369411445e-07 1.808497497422227092e-08 2.089187853917221776e-09 0.000000000000000000e+00 4.744462107374224043e-12 0.000000000000000000e+00 0.000000000000000000e+00 0.000000000000000000e+00 3.879106914449879363e-10 2.958870755113482137e-14 6.552272247536933147e-15 7.488906025072582117e-09 0.000000000000000000e+00 0.000000000000000000e+00 0.000000000000000000e+00 0.000000000000000000e+00 0.000000000000000000e+00 0.000000000000000000e+00
2.075000000000000000e+03 9.781427561543090121e+01 3.113145767067854730e-01 0.000000000000000000e+00 1.808432174448693641e-01 0.000000000000000000e+00 5.078417678536063518e-01 4.019669504937328507e-07 2.229220288011363065e-08 3.024622459795710421e-09 0.000000000000000000e+00 6.900229684385810996e-12 0.000000000000000000e+00 0.000000000000000000e+00 0.000000000000000000e+00 5.439438227511640912e-10 4.960750312780401575e-14 1.035317302085474461e-14 1.016005882121033551e-08 0.000000000000000000e+00 0.000000000000000000e+00 0.000000000000000000e+00 0.000000000000000000e+00 0.000000000000000000e+00 0.000000000000000000e+00
2.100000000000000000e+03 9.781796698030680659e+01 3.113411591239122478e-01 0.000000000000000000e+00 1.808586566851994315e-01 0.000000000000000000e+00 5.077996490351006642e-01 4.890215206985873815e-07 2.734026995006435911e-08 4.340779560754187384e-09 0.000000000000000000e+00 9.937557328989347890e-12 0.000000000000000000e+00 0.000000000000000000e+00 0.000000000000000000e+00 7.578141053738375339e-10 8.217929504307403055e-14 1.620043175293237203e-14 1.368536724144946401e-08 0.000000000000000000e+00 0.000000000000000000e+00 0.000000000000000000e+00 0.000000000000000000e+00 0.000000000000000000e+00 0.000000000000000000e+00
2.125000000000000000e+03 9.782258246534004797e+01 3.113661819125645436e-01 0.000000000000000000e+00 1.808731945142229014e-01 0.000000000000000000e+00 5.077599724808755655e-01 5.921753707535306073e-07 3.337015073319082765e-08 6.177302058709306906e-09 0.000000000000000000e+00 1.417717756782881563e-11 0.000000000000000000e+00 0.000000000000000000e+00 0.000000000000000000e+00 1.049315709899182574e-09 1.345737862985100289e-13 2.511133942049681674e-14 1.830586106374839176e-08 0.000000000000000000e+00 0.000000000000000000e+00 0.000000000000000000e+00 0.000000000000000000e+00 0.000000000000000000e+00 0.000000000000000000e+00
2.150000000000000000e+03 9.782835200261743580e+01 3.113892386285492808e-01 0.000000000000000000e+00 1.808865859453142044e-01 0.000000000000000000e+00 5.077233864732966229e-01 7.139052074941532997e-07 4.054213972415688983e-08 8.719465011846114287e-09 0.000000000000000000e+00 2.004199823337008412e-11 0.000000000000000000e+00 0.000000000000000000e+00 0.000000000000000000e+00 1.444510631959140185e-09 2.179319799832867595e-13 3.856702650628264809e-14 2.432121866158776897e-08 0.000000000000000000e+00 0.000000000000000000e+00 0.000000000000000000e+00 0.000000000000000000e+00 0.000000000000000000e+00 0.000000000000000000e+00
2.175000000000000000e+03 9.783556014033160864e+01 3.114098005670601355e-01 0.000000000000000000e+00 1.808985295815509209e-01 0.000000000000000000e+00 5.076907174987700389e-01 8.569956869531478905e-07 4.903800766196324063e-08 1.221124768049094244e-08 0.000000000000000000e+00 2.808493271941642254e-11 0.000000000000000000e+00 0.000000000000000000e+00 0.000000000000000000e+00 1.977562733184512911e-09 3.491514617307526434e-13 5.870472558585766742e-14 3.210162111226563448e-08 0.000000000000000000e+00 0.000000000000000000e+00 0.000000000000000000e+00 0.000000000000000000e+00 0.000000000000000000e+00 0.000000000000000000e+00
2.200000000000000000e+03 9.784456486140373954e+01 3.114272032986619143e-01 0.000000000000000000e+00 1.809086436092141037e-01 0.000000000000000000e+00 5.076630076525636692e-01 1.024570392946495859e-06 5.906336988947514050e-08 1.697161059751418957e-08 0.000000000000000000e+00 3.902296043420185137e-11 0.000000000000000000e+00 0.000000000000000000e+00 0.000000000000000000e+00 2.693062762588207289e-09 5.536053438866237808e-13 8.858161608290153042e-14 4.210145874142321975e-08 0.000000000000000000e+00 0.000000000000000000e+00 0.000000000000000000e+00 0.000000000000000000e+00 0.000000000000000000e+00 0.000000000000000000e+00
2.225000000000000000e+03 9.785580478024587592e+01 3.114406256509932303e-01 0.000000000000000000e+00 1.809164385626088611e-01 0.000000000000000000e+00 5.076415628172418204e-01 1.220125369333716149e-06 7.085031774747158384e-08 2.341461899206718494e-08 0.000000000000000000e+00 5.377847468525389872e-11 0.000000000000000000e+00 0.000000000000000000e+00 0.000000000000000000e+00 3.649001513040927296e-09 8.690261977254589104e-13 1.325337847391997429e-13 5.487506857373054243e-08 0.000000000000000000e+00 0.000000000000000000e+00 0.000000000000000000e+00 0.000000000000000000e+00 0.000000000000000000e+00 0.000000000000000000e+00
2.250000000000000000e+03 9.786982768673956912e+01 3.114490217390539217e-01 0.000000000000000000e+00 1.809213140724347246e-01 0.000000000000000000e+00 5.076280237978935128e-01 1.447566121153054561e-06 8.466029603666601161e-08 3.207415135077715370e-08 0.000000000000000000e+00 7.352907180916270960e-11 0.000000000000000000e+00 0.000000000000000000e+00 0.000000000000000000e+00 4.920287361068393097e-09 1.351003185241155763e-12 1.966604429088069921e-13 7.109468532106145732e-08 0.000000000000000000e+00 0.000000000000000000e+00 0.000000000000000000e+00 0.000000000000000000e+00 0.000000000000000000e+00 0.000000000000000000e+00
2.275000000000000000e+03 9.788730872415189310e+01 3.114510858790453529e-01 0.000000000000000000e+00 1.809225144534056529e-01 0.000000000000000000e+00 5.076244457222818252e-01 1.711247478996098554e-06 1.007872918775229417e-07 4.363402838799978772e-08 0.000000000000000000e+00 9.976703732491987640e-11 0.000000000000000000e+00 0.000000000000000000e+00 0.000000000000000000e+00 6.603566917513876933e-09 2.080692445694667783e-12 2.894717464874295587e-13 9.157076383714098590e-08 0.000000000000000000e+00 0.000000000000000000e+00 0.000000000000000000e+00 0.000000000000000000e+00 0.000000000000000000e+00 0.000000000000000000e+00
2.300000000000000000e+03 9.790907858183052781e+01 3.114452046008346353e-01 0.000000000000000000e+00 1.809190978192493360e-01 0.000000000000000000e+00 5.076333768007028624e-01 2.016017722434310179e-06 1.195613793011413284e-07 5.896452044503808340e-08 0.000000000000000000e+00 1.343698765763163297e-10 0.000000000000000000e+00 0.000000000000000000e+00 0.000000000000000000e+00 8.822771460132762090e-09 3.175537986632084041e-12 4.227485059023701149e-13 1.172748511690426814e-07 0.000000000000000000e+00 0.000000000000000000e+00 0.000000000000000000e+00 0.000000000000000000e+00 0.000000000000000000e+00 0.000000000000000000e+00
2.325000000000000000e+03 9.793615623235504586e+01 3.114293740000595445e-01 0.000000000000000000e+00 1.809099010669259211e-01 0.000000000000000000e+00 5.076579758618706695e-01 2.367265937198277469e-06 1.413525750843157263e-07 7.916626706640697084e-08 0.000000000000000000e+00 1.796832824939423867e-10 0.000000000000000000e+00 0.000000000000000000e+00 0.000000000000000000e+00 1.173617187433828507e-08 4.804051030902568292e-12 6.126738503146955272e-13 1.493650926106604663e-07 0.000000000000000000e+00 0.000000000000000000e+00 0.000000000000000000e+00 0.000000000000000000e+00 0.000000000000000000e+00 0.000000000000000000e+00
2.350000000000000000e+03 9.796978976928787120e+01 3.114011237133923471e-01 0.000000000000000000e+00 1.808934918276738635e-01 0.000000000000000000e+00 5.077021362810836269e-01 2.770973750584289350e-06 1.665751265593019446e-07 1.056227695793824355e-07 0.000000000000000000e+00 2.386179431374111988e-10 0.000000000000000000e+00 0.000000000000000000e+00 0.000000000000000000e+00 1.554498920959328780e-08 7.206014371511173521e-12 8.813114304543766774e-13 1.892145088685546045e-07 0.000000000000000000e+00 0.000000000000000000e+00 0.000000000000000000e+00 0.000000000000000000e+00 0.000000000000000000e+00 0.000000000000000000e+00
2.375000000000000000e+03 9.801150020903551763e+01 3.113574316674947995e-01 0.000000000000000000e+00 1.808681098765571871e-01 0.000000000000000000e+00 5.077706296576368628e-01 3.233770774261979594e-06 1.956921746542567441e-07 1.400627136968656452e-07 0.000000000000000000e+00 3.147616436233250063e-10 0.000000000000000000e+00 0.000000000000000000e+00 0.000000000000000000e+00 2.050388044834455544e-08 1.071987608093055694e-11 1.258521106155087897e-12 2.384420279740408300e-07 0.000000000000000000e+00 0.000000000000000000e+00 0.000000000000000000e+00 0.000000000000000000e+00 0.000000000000000000e+00 0.000000000000000000e+00
2.400000000000000000e+03 9.806313270768757206e+01 3.112946005705609642e-01 0.000000000000000000e+00 1.808316117734250494e-01 0.000000000000000000e+00 5.078692844971950393e-01 3.762994515114129982e-06 2.292208596748803064e-07 1.846334348374211572e-07 0.000000000000000000e+00 4.125079732286121373e-10 0.000000000000000000e+00 0.000000000000000000e+00 0.000000000000000000e+00 2.693362960854022215e-08 1.581959049333122419e-11 1.784422315208182566e-12 2.989462677997077587e-07 0.000000000000000000e+00 0.000000000000000000e+00 0.000000000000000000e+00 0.000000000000000000e+00 0.000000000000000000e+00 0.000000000000000000e+00
2.425000000000000000e+03 9.812692183235790822e+01 3.112081467165392357e-01 0.000000000000000000e+00 1.807813908767249012e-01 0.000000000000000000e+00 5.080051771885983891e-01 4.366752365277503405e-06 2.677377917997326369e-07 2.419868452425011935e-07 0.000000000000000000e+00 5.372027119144467048e-10 0.000000000000000000e+00 0.000000000000000000e+00 0.000000000000000000e+00 3.523639529327430093e-08 2.316376646789662319e-11 2.512537211607464972e-12 3.729418606845124448e-07 0.000000000000000000e+00 0.000000000000000000e+00 0.000000000000000000e+00 0.000000000000000000e+00 0.000000000000000000e+00 0.000000000000000000e+00
2.450000000000000000e+03 9.820556209772010448e+01 3.110926496171156908e-01 0.000000000000000000e+00 1.807142990525073267e-01 0.000000000000000000e+00 5.081868604342156814e-01 5.053987475690595921e-06 3.118849332469394442e-07 3.153792581946060487e-07 0.000000000000000000e+00 6.953089392481033532e-10 0.000000000000000000e+00 0.000000000000000000e+00 0.000000000000000000e+00 4.591390614884729313e-08 3.366070484480162354e-11 3.513769781745129752e-12 4.629981045746932807e-07 0.000000000000000000e+00 0.000000000000000000e+00 0.000000000000000000e+00 0.000000000000000000e+00 0.000000000000000000e+00 0.000000000000000000e+00
2.475000000000000000e+03 9.830228989356065483e+01 3.109415953473627647e-01 0.000000000000000000e+00 1.806265503308941700e-01 0.000000000000000000e+00 5.084246159978369484e-01 5.834545488036571119e-06 3.623757818430160406e-07 4.087862676104194890e-07 0.000000000000000000e+00 8.945910752586106160e-10 0.000000000000000000e+00 0.000000000000000000e+00 0.000000000000000000e+00 5.958898268388361449e-08 4.855377736812176383e-11 4.881403211051441571e-12 5.720793596043794771e-07 0.000000000000000000e+00 0.000000000000000000e+00 0.000000000000000000e+00 0.000000000000000000e+00 0.000000000000000000e+00 0.000000000000000000e+00
2.500000000000000000e+03 9.842097409456857804e+01 3.107471908016972151e-01 0.000000000000000000e+00 1.805136186546531796e-01 0.000000000000000000e+00 5.087307424294781333e-01 6.719240534263138248e-06 4.200017934706990093e-07 5.270338336953962713e-07 0.000000000000000000e+00 1.144317692149737445e-09 0.000000000000000000e+00 0.000000000000000000e+00 0.000000000000000000e+00 7.703080794650521240e-08 6.953259143876768812e-11 6.737324754447187251e-12 7.035866144572947332e-07 0.000000000000000000e+00 0.000000000000000000e+00 0.000000000000000000e+00 0.000000000000000000e+00 0.000000000000000000e+00 0.000000000000000000e+00
2.525000000000000000e+03 9.856623150147574108e+01 3.105001633134759631e-01 0.000000000000000000e+00 1.803701222999521958e-01 0.000000000000000000e+00 5.091198707366187959e-01 7.719918031227410832e-06 4.856388001916816379e-07 6.759462518676048568e-07 0.000000000000000000e+00 1.455482061459185579e-09 0.000000000000000000e+00 0.000000000000000000e+00 0.000000000000000000e+00 9.918427132656330932e-08 9.887651474345322556e-11 9.239712601746658812e-12 8.613990002777261120e-07 0.000000000000000000e+00 0.000000000000000000e+00 0.000000000000000000e+00 0.000000000000000000e+00 0.000000000000000000e+00 0.000000000000000000e+00
2.550000000000000000e+03 9.874354323711918369e+01 3.101895581755667597e-01 0.000000000000000000e+00 1.801896886246761031e-01 0.000000000000000000e+00 5.096093018130924968e-01 8.849511169116354271e-06 5.602532718804747191e-07 8.625111877807327436e-07 0.000000000000000000e+00 1.841037744183765539e-09 0.000000000000000000e+00 0.000000000000000000e+00 0.000000000000000000e+00 1.272037355340761872e-07 1.396384166966306114e-10 1.259244492368796758e-11 1.049914031777370278e-06 0.000000000000000000e+00 0.000000000000000000e+00 0.000000000000000000e+00 0.000000000000000000e+00 0.000000000000000000e+00 0.000000000000000000e+00
2.575000000000000000e+03 9.895939315782135282e+01 3.098024744948081888e-01 0.000000000000000000e+00 1.799648337794090280e-01 0.000000000000000000e+00 5.102193905666395635e-01 1.012208458106492752e-05 6.449080787737166723e-07 1.095061403120770560e-06 0.000000000000000000e+00 2.316145494582193141e-09 0.000000000000000000e+00 0.000000000000000000e+00 0.000000000000000000e+00 1.624914098415066366e-07 1.958777811657789679e-10 1.705650550668500817e-11 1.274084590625878585e-06 0.000000000000000000e+00 0.000000000000000000e+00 0.000000000000000000e+00 0.000000000000000000e+00 0.000000000000000000e+00 0.000000000000000000e+00
2.600000000000000000e+03 9.922142823967706704e+01 3.093238564514200206e-01 0.000000000000000000e+00 1.796868021839012897e-01 0.000000000000000000e+00 5.109739148802278086e-01 1.155286122594600728e-05 7.407673233981732599e-07 1.383471058441188346e-06 0.000000000000000000e+00 2.898424743213796059e-09 0.000000000000000000e+00 0.000000000000000000e+00 0.000000000000000000e+00 2.067402988148557863e-07 2.729536616970115796e-10 2.296366515661668079e-11 1.539450202245733181e-06 0.000000000000000000e+00 0.000000000000000000e+00 0.000000000000000000e+00 0.000000000000000000e+00 0.000000000000000000e+00 0.000000000000000000e+00
2.625000000000000000e+03 9.953863155402737561e+01 3.087362045136570754e-01 0.000000000000000000e+00 1.793454320773981425e-01 0.000000000000000000e+00 5.119004985654947992e-01 1.315822234310113141e-05 8.490995933815929542e-07 1.739363882301361067e-06 0.000000000000000000e+00 3.608201270411749500e-09 0.000000000000000000e+00 0.000000000000000000e+00 0.000000000000000000e+00 2.619816079672462190e-07 3.778891885944378858e-10 3.073270880157143630e-11 1.852159199698992912e-06 0.000000000000000000e+00 0.000000000000000000e+00 0.000000000000000000e+00 0.000000000000000000e+00 0.000000000000000000e+00 0.000000000000000000e+00
2.650000000000000000e+03 9.992151648784208362e+01 3.080193479541848967e-01 0.000000000000000000e+00 1.789290109519332816e-01 0.000000000000000000e+00 5.130309831726138636e-01 1.495567087799526026e-05 9.712789741543722673e-07 2.176327685900318705e-06 0.000000000000000000e+00 4.468738123165762394e-09 0.000000000000000000e+00 0.000000000000000000e+00 0.000000000000000000e+00 3.306358618449923081e-07 5.198201974027233230e-10 4.088843352364190524e-11 2.218978421197253034e-06 0.000000000000000000e+00 0.000000000000000000e+00 0.000000000000000000e+00 0.000000000000000000e+00 0.000000000000000000e+00 0.000000000000000000e+00
2.675000000000000000e+03 1.003823487680416235e+02 3.071502179923722986e-01 0.000000000000000000e+00 1.784241311701765809e-01 0.000000000000000000e+00 5.144017990548680475e-01 1.696374948449532987e-05 1.108783068617112066e-06 2.710127489032001519e-06 0.000000000000000000e+00 5.506433882678981056e-09 0.000000000000000000e+00 0.000000000000000000e+00 0.000000000000000000e+00 4.155667518676583334e-07 7.105407834721695853e-10 5.408356512058030730e-11 2.647284730903927652e-06 0.000000000000000000e+00 0.000000000000000000e+00 0.000000000000000000e+00 0.000000000000000000e+00 0.000000000000000000e+00 0.000000000000000000e+00
2.700000000000000000e+03 1.009353873403561863e+02 3.061026326796169594e-01 0.000000000000000000e+00 1.778155846754741753e-01 0.000000000000000000e+00 5.160542857032867081e-01 1.920189213526529143e-05 1.263186474600870236e-06 3.358906559572121533e-06 0.000000000000000000e+00 6.750965497916641524e-09 0.000000000000000000e+00 0.000000000000000000e+00 0.000000000000000000e+00 5.201359547847727284e-07 9.651581160928832091e-10 7.112362085174148368e-11 3.145033250646162977e-06 0.000000000000000000e+00 0.000000000000000000e+00 0.000000000000000000e+00 0.000000000000000000e+00 0.000000000000000000e+00 0.000000000000000000e+00
2.725000000000000000e+03 1.015971537926183998e+02 3.048471550571219546e-01 0.000000000000000000e+00 1.770862800236318590e-01 0.000000000000000000e+00 5.180349166244777592e-01 2.169020297866447266e-05 1.436148980266403626e-06 4.143360226636913228e-06 0.000000000000000000e+00 8.235352370454199199e-09 0.000000000000000000e+00 0.000000000000000000e+00 0.000000000000000000e+00 6.482563152584021534e-07 1.302866562909589451e-09 9.299453277090764383e-11 3.720695054363730205e-06 0.000000000000000000e+00 0.000000000000000000e+00 0.000000000000000000e+00 0.000000000000000000e+00 0.000000000000000000e+00 0.000000000000000000e+00
2.750000000000000000e+03 1.023867263877061191e+02 3.033510595768637574e-01 0.000000000000000000e+00 1.762171935427343794e-01 0.000000000000000000e+00 5.203953820238720329e-01 2.444913455541484405e-05 1.629396765611778900e-06 5.086863407435481960e-06 0.000000000000000000e+00 9.995904855806777378e-09 0.000000000000000000e+00 0.000000000000000000e+00 0.000000000000000000e+00 8.044400151944278075e-07 1.747847622319835539e-09 1.208925963005434948e-10 4.383157140854573847e-06 0.000000000000000000e+00 0.000000000000000000e+00 0.000000000000000000e+00 0.000000000000000000e+00 0.000000000000000000e+00 0.000000000000000000e+00
2.775000000000000000e+03 1.033260687096203156e+02 3.015783495019605520e-01 0.000000000000000000e+00 1.751874256582882927e-01 0.000000000000000000e+00 5.231925155875469802e-01 2.749905705938158500e-05 1.844694876091544928e-06 6.215528516286725452e-06 0.000000000000000000e+00 1.207202387962648511e-08 0.000000000000000000e+00 0.000000000000000000e+00 0.000000000000000000e+00 9.938369446295092643e-07 2.330294924618661200e-09 1.562559176219515712e-10 5.141576233254834634e-06 0.000000000000000000e+00 0.000000000000000000e+00 0.000000000000000000e+00 0.000000000000000000e+00 0.000000000000000000e+00 0.000000000000000000e+00
2.800000000000000000e+03 1.044403818440612497e+02 2.994900079952969585e-01 0.000000000000000000e+00 1.739743014806653942e-01 0.000000000000000000e+00 5.264879436271439062e-01 3.085969231608303294e-05 2.083809951269614455e-06 7.558164203385507317e-06 0.000000000000000000e+00 1.450580701224335404e-08 0.000000000000000000e+00 0.000000000000000000e+00 0.000000000000000000e+00 1.222257578298927234e-06 3.087554567465082309e-09 2.007960709511740173e-10 6.005178686933447767e-06 0.000000000000000000e+00 0.000000000000000000e+00 0.000000000000000000e+00 0.000000000000000000e+00 0.000000000000000000e+00 0.000000000000000000e+00
2.825000000000000000e+03 1.057584986905965536e+02 2.970443787149802950e-01 0.000000000000000000e+00 1.725536302986425963e-01 0.000000000000000000e+00 5.303474461756828573e-01 3.454941143084194830e-05 2.348460909135800149e-06 9.146102683108452483e-06 0.000000000000000000e+00 1.734141742668921435e-08 0.000000000000000000e+00 0.000000000000000000e+00 0.000000000000000000e+00 1.496173059254864765e-06 4.065356772893178752e-09 2.565281384017725735e-10 6.982999309789081311e-06 0.000000000000000000e+00 0.000000000000000000e+00 0.000000000000000000e+00 0.000000000000000000e+00 0.000000000000000000e+00 0.000000000000000000e+00
2.850000000000000000e+03 1.073133031131790460e+02 2.941978404547349046e-01 0.000000000000000000e+00 1.709000692025430257e-01 0.000000000000000000e+00 5.348399203457808726e-01 3.858437265336131636e-05 2.640257777212071204e-06 1.101285941001843819e-05 0.000000000000000000e+00 2.062417267746176390e-08 0.000000000000000000e+00 0.000000000000000000e+00 0.000000000000000000e+00 1.822684726655951636e-06 5.319097859946169511e-09 3.257965835081680183e-10 8.083553306953316750e-06 0.000000000000000000e+00 0.000000000000000000e+00 0.000000000000000000e+00 0.000000000000000000e+00 0.000000000000000000e+00 0.000000000000000000e+00
2.875000000000000000e+03 1.091421912500559586e+02 2.909057317976890822e-01 0.000000000000000000e+00 1.689876785466318532e-01 0.000000000000000000e+00 5.400359022985761204e-01 4.297751855336213414e-05 2.960626814150421768e-06 1.319359145993598392e-05 0.000000000000000000e+00 2.439931569401164782e-08 0.000000000000000000e+00 0.000000000000000000e+00 0.000000000000000000e+00 2.209454010971616263e-06 6.915109519064882296e-09 4.112938863566497938e-10 9.314440545386023550e-06 0.000000000000000000e+00 0.000000000000000000e+00 0.000000000000000000e+00 0.000000000000000000e+00 0.000000000000000000e+00 0.000000000000000000e+00
2.900000000000000000e+03 1.112875667212319399e+02 2.871236102575043803e-01 0.000000000000000000e+00 1.667906395912859829e-01 0.000000000000000000e+00 5.460055930483496134e-01 4.773743272139441594e-05 3.310723760915564394e-06 1.572431946957646495e-05 0.000000000000000000e+00 2.871044794911837438e-08 0.000000000000000000e+00 0.000000000000000000e+00 0.000000000000000000e+00 2.664584051006887363e-06 8.931828101484309407e-09 5.160680699223942690e-10 1.068188451300604803e-05 0.000000000000000000e+00 0.000000000000000000e+00 0.000000000000000000e+00 0.000000000000000000e+00 0.000000000000000000e+00 0.000000000000000000e+00
2.925000000000000000e+03 1.137973807682708980e+02 2.828088355334347770e-01 0.000000000000000000e+00 1.642841767781657858e-01 0.000000000000000000e+00 5.528163559861472010e-01 5.286710779396027501e-05 3.691336135791492177e-06 1.864089261858216894e-05 0.000000000000000000e+00 3.359761449693000719e-08 0.000000000000000000e+00 0.000000000000000000e+00 0.000000000000000000e+00 3.196445679028994581e-06 1.146075326877462998e-08 6.435149399252166345e-10 1.219021814219461571e-05 0.000000000000000000e+00 0.000000000000000000e+00 0.000000000000000000e+00 0.000000000000000000e+00 0.000000000000000000e+00 0.000000000000000000e+00
2.950000000000000000e+03 1.167257059066612470e+02 2.779224525477070329e-01 0.000000000000000000e+00 1.614456710884568935e-01 0.000000000000000000e+00 5.605297239419547717e-01 5.836267447936485745e-05 4.102779196401807281e-06 2.197769105455347550e-05 0.000000000000000000e+00 3.909508571706669103e-08 0.000000000000000000e+00 0.000000000000000000e+00 0.000000000000000000e+00 3.813442209630658274e-06 1.460706015240073442e-08 7.973507153151185101e-10 1.384133544476488618e-05 0.000000000000000000e+00 0.000000000000000000e+00 0.000000000000000000e+00 0.000000000000000000e+00 0.000000000000000000e+00 0.000000000000000000e+00
2.975000000000000000e+03 1.201333544614656148e+02 2.724314081679962141e-01 0.000000000000000000e+00 1.582559098465562142e-01 0.000000000000000000e+00 5.691979363926592539e-01 6.421216784448797034e-05 4.544790472767927103e-06 2.576608246549132137e-05 0.000000000000000000e+00 4.522889385125752724e-08 0.000000000000000000e+00 0.000000000000000000e+00 0.000000000000000000e+00 4.523712809015280235e-06 1.848971944009058425e-08 9.815610011678518233e-10 1.563413902236304875e-05 0.000000000000000000e+00 0.000000000000000000e+00 0.000000000000000000e+00 0.000000000000000000e+00 0.000000000000000000e+00 0.000000000000000000e+00
3.000000000000000000e+03 1.240885429809657552e+02 2.663108716262259645e-01 0.000000000000000000e+00 1.547004790618745629e-01 0.000000000000000000e+00 5.788602304920761332e-01 7.039445141311960258e-05 5.016430833491528440e-06 3.003267849263400750e-05 0.000000000000000000e+00 5.201425605407511338e-08 0.000000000000000000e+00 0.000000000000000000e+00 0.000000000000000000e+00 5.334778688055740619e-06 2.324097434778813266e-08 1.200323372297510246e-09 1.756402484252380687e-05 0.000000000000000000e+00 0.000000000000000000e+00 0.000000000000000000e+00 0.000000000000000000e+00 0.000000000000000000e+00 0.000000000000000000e+00
3.025000000000000000e+03 1.286675962696172633e+02 2.595466845462356398e-01 0.000000000000000000e+00 1.507711499697053648e-01 0.000000000000000000e+00 5.895390080763893703e-01 7.687841098683469816e-05 5.516001886934953762e-06 3.479747913149524062e-05 0.000000000000000000e+00 5.945304791050047234e-08 0.000000000000000000e+00 0.000000000000000000e+00 0.000000000000000000e+00 6.253145368253337959e-06 2.900504630233891988e-08 1.457902172819816367e-09 1.962245429964122012e-05 0.000000000000000000e+00 0.000000000000000000e+00 0.000000000000000000e+00 0.000000000000000000e+00 0.000000000000000000e+00 0.000000000000000000e+00
3.050000000000000000e+03 1.339557035707973682e+02 2.521376336725686396e-01 0.000000000000000000e+00 1.464672186760261896e-01 0.000000000000000000e+00 6.012362263078723235e-01 8.362255843253814673e-05 6.040989394824468536e-06 4.007202011281545080e-05 0.000000000000000000e+00 6.753154166575351161e-08 0.000000000000000000e+00 0.000000000000000000e+00 0.000000000000000000e+00 7.283882287870098141e-06 3.593597918556774803e-08 1.758517359454664502e-09 2.179666726649701658e-05 0.000000000000000000e+00 0.000000000000000000e+00 0.000000000000000000e+00 0.000000000000000000e+00 0.000000000000000000e+00 0.000000000000000000e+00
3.075000000000000000e+03 1.400477100061200986e+02 2.440973962096116556e-01 0.000000000000000000e+00 1.417966305909836022e-01 0.000000000000000000e+00 6.139303299898158928e-01 9.057515981298046867e-05 6.588044524627745867e-06 4.585768570894333972e-05 0.000000000000000000e+00 7.621866359254580011e-08 0.000000000000000000e+00 0.000000000000000000e+00 0.000000000000000000e+00 8.430207891665703648e-06 4.419461445817312682e-08 2.106192003224752409e-09 2.406959218044386466e-05 0.000000000000000000e+00 0.000000000000000000e+00 0.000000000000000000e+00 0.000000000000000000e+00 0.000000000000000000e+00 0.000000000000000000e+00
3.100000000000000000e+03 1.470489686707585406e+02 2.354559087081240232e-01 0.000000000000000000e+00 1.367767738932522958e-01 0.000000000000000000e+00 6.275740900224479057e-01 9.767498941611182581e-05 7.153010182000849406e-06 5.214434505866787827e-05 0.000000000000000000e+00 8.546500600003650174e-08 0.000000000000000000e+00 0.000000000000000000e+00 0.000000000000000000e+00 9.693117021687999347e-06 5.394475333078516770e-08 2.504586743558640066e-09 2.642000015137584430e-05 0.000000000000000000e+00 0.000000000000000000e+00 0.000000000000000000e+00 0.000000000000000000e+00 0.000000000000000000e+00 0.000000000000000000e+00
3.125000000000000000e+03 1.550762302555530709e+02 2.262599382703751327e-01 0.000000000000000000e+00 1.314348179567019770e-01 0.000000000000000000e+00 6.420936929956274630e-01 1.048527561357885901e-04 7.731000294837160543e-06 5.890949566656015899e-05 0.000000000000000000e+00 9.520280899898132796e-08 0.000000000000000000e+00 0.000000000000000000e+00 0.000000000000000000e+00 1.107108875483741769e-05 6.534870758065892031e-08 2.956832668426341945e-09 2.882292809418099172e-05 0.000000000000000000e+00 0.000000000000000000e+00 0.000000000000000000e+00 0.000000000000000000e+00 0.000000000000000000e+00 0.000000000000000000e+00
3.150000000000000000e+03 1.642585857027501106e+02 2.165727186896274081e-01 0.000000000000000000e+00 1.258074942095421811e-01 0.000000000000000000e+00 6.573893216824823194e-01 1.120331668559985169e-04 8.316530671358738673e-06 6.611805453334332859e-05 0.000000000000000000e+00 1.053470691075276521e-07 0.000000000000000000e+00 0.000000000000000000e+00 0.000000000000000000e+00 1.255991144993880742e-05 7.856249993319177138e-08 3.465376429233076910e-09 3.125037989211961392e-05 0.000000000000000000e+00 0.000000000000000000e+00 0.000000000000000000e+00 0.000000000000000000e+00 0.000000000000000000e+00 0.000000000000000000e+00
3.175000000000000000e+03 1.747384567872953198e+02 2.064725226009383463e-01 0.000000000000000000e+00 1.199402716043184158e-01 0.000000000000000000e+00 6.733374031590231290e-01 1.191375532748918924e-04 8.903699093728589762e-06 7.372289469731723322e-05 0.000000000000000000e+00 1.157977931179196711e-07 0.000000000000000000e+00 0.000000000000000000e+00 0.000000000000000000e+00 1.415265364627953085e-05 9.373109082663323365e-08 4.031852289502735779e-09 3.367227427149304840e-05 0.000000000000000000e+00 0.000000000000000000e+00 0.000000000000000000e+00 0.000000000000000000e+00 0.000000000000000000e+00 0.000000000000000000e+00
3.200000000000000000e+03 1.866726354239697798e+02 1.960502455566753566e-01 0.000000000000000000e+00 1.138859521598271363e-01 0.000000000000000000e+00 6.897944234024485644e-01 1.260868649562697200e-04 9.486401680432932605e-06 8.166614834866912410e-05 0.000000000000000000e+00 1.264433334190549191e-07 0.000000000000000000e+00 0.000000000000000000e+00 0.000000000000000000e+00 1.583979774493632104e-05 1.109840300027022462e-07 4.656993994528597808e-09 3.605758396125773084e-05 0.000000000000000000e+00 0.000000000000000000e+00 0.000000000000000000e+00 0.000000000000000000e+00 0.000000000000000000e+00 0.000000000000000000e+00
3.225000000000000000e+03 2.002333696248830961e+02 1.854061144149138363e-01 0.000000000000000000e+00 1.077027561510204151e-01 0.000000000000000000e+00 7.066021267787103710e-01 1.328048150250231495e-04 1.005857080740939327e-05 8.988121710217217948e-05 0.000000000000000000e+00 1.371645695440804394e-07 0.000000000000000000e+00 0.000000000000000000e+00 0.000000000000000000e+00 1.760953455962353253e-05 1.304319198291113549e-07 5.340596641317156362e-09 3.837558077493776940e-05 0.000000000000000000e+00 0.000000000000000000e+00 0.000000000000000000e+00 0.000000000000000000e+00 0.000000000000000000e+00 0.000000000000000000e+00
3.250000000000000000e+03 2.156095015653703513e+02 1.746457627533682389e-01 0.000000000000000000e+00 1.014520477730953552e-01 0.000000000000000000e+00 7.235937074319489515e-01 1.392209164826453476e-04 1.061441511989188490e-05 9.829534190710192119e-05 0.000000000000000000e+00 1.478396276138083305e-07 0.000000000000000000e+00 0.000000000000000000e+00 0.000000000000000000e+00 1.944820017827421929e-05 1.521640177666198949e-07 6.081533317031266247e-09 4.059708272069240164e-05 0.000000000000000000e+00 0.000000000000000000e+00 0.000000000000000000e+00 0.000000000000000000e+00 0.000000000000000000e+00 0.000000000000000000e+00
3.275000000000000000e+03 2.330076544918034358e+02 1.638760199023256425e-01 0.000000000000000000e+00 9.519588410711880833e-02 0.000000000000000000e+00 7.406004637839246341e-01 1.452731469244346579e-04 1.114864112494113997e-05 1.068325221477648681e-04 0.000000000000000000e+00 1.583487346226386451e-07 0.000000000000000000e+00 0.000000000000000000e+00 0.000000000000000000e+00 2.134081940321357095e-05 1.762471730153756816e-07 6.877825272714774345e-09 4.269560329751137789e-05 0.000000000000000000e+00 0.000000000000000000e+00 0.000000000000000000e+00 0.000000000000000000e+00 0.000000000000000000e+00 0.000000000000000000e+00
3.300000000000000000e+03 2.526534602979640454e+02 1.532007446584377486e-01 0.000000000000000000e+00 8.899459696308613388e-02 0.000000000000000000e+00 7.574583760915364339e-01 1.509100530973921551e-04 1.165663966701443209e-05 1.154165432386019776e-04 0.000000000000000000e+00 1.685788248236900564e-07 0.000000000000000000e+00 0.000000000000000000e+00 0.000000000000000000e+00 2.327171033705439986e-05 2.027261551371760243e-07 7.726759047073448651e-09 4.464830886072625735e-05 0.000000000000000000e+00 0.000000000000000000e+00 0.000000000000000000e+00 0.000000000000000000e+00 0.000000000000000000e+00 0.000000000000000000e+00
3.325000000000000000e+03 2.747928428654863637e+02 1.427170415495688793e-01 0.000000000000000000e+00 8.290459449428998207e-02 0.000000000000000000e+00 7.740140828550741148e-01 1.560921273072040131e-04 1.213462333212666210e-05 1.239738594976531850e-04 0.000000000000000000e+00 1.784275195022236918e-07 0.000000000000000000e+00 0.000000000000000000e+00 0.000000000000000000e+00 2.522509764966761819e-05 2.316252752753796254e-07 8.625038503321921114e-09 4.643671544699904226e-05 0.000000000000000000e+00 0.000000000000000000e+00 0.000000000000000000e+00 0.000000000000000000e+00 0.000000000000000000e+00 0.000000000000000000e+00
3.350000000000000000e+03 2.996933432413015908e+02 1.325121305985016706e-01 0.000000000000000000e+00 7.697654272266023223e-02 0.000000000000000000e+00 7.901298253327512233e-01 1.607924212342726027e-04 1.257970747702541008e-05 1.324361149801525596e-04 0.000000000000000000e+00 1.878062262228969916e-07 0.000000000000000000e+00 0.000000000000000000e+00 0.000000000000000000e+00 2.718568599226313463e-05 2.629510719090736399e-07 9.568957391073830326e-09 4.804709014748680194e-05 0.000000000000000000e+00 0.000000000000000000e+00 0.000000000000000000e+00 0.000000000000000000e+00 0.000000000000000000e+00 0.000000000000000000e+00
3.375000000000000000e+03 3.276454907226448654e+02 1.226610463134831519e-01 0.000000000000000000e+00 7.125402959445921447e-02 0.000000000000000000e+00 8.056870819915921134e-01 1.649964143606541501e-04 1.298993476352817748e-05 1.407421503248811664e-04 0.000000000000000000e+00 1.966421977630182057e-07 0.000000000000000000e+00 0.000000000000000000e+00 0.000000000000000000e+00 2.913915416305416214e-05 2.966957505487363635e-07 1.055457732313704754e-08 4.947055432768297740e-05 0.000000000000000000e+00 0.000000000000000000e+00 0.000000000000000000e+00 0.000000000000000000e+00 0.000000000000000000e+00 0.000000000000000000e+00
3.400000000000000000e+03 3.589642171902291352e+02 1.132252417905286607e-01 0.000000000000000000e+00 6.577275317231526253e-02 0.000000000000000000e+00 8.205887753913368998e-01 1.687012375790618074e-04 1.336424756390971311e-05 1.488394026748667606e-04 0.000000000000000000e+00 2.048795248384093968e-07 0.000000000000000000e+00 0.000000000000000000e+00 0.000000000000000000e+00 3.107254277596517464e-05 3.328410274776362949e-07 1.157789715697498113e-08 5.070291677568136761e-05 0.000000000000000000e+00 0.000000000000000000e+00 0.000000000000000000e+00 0.000000000000000000e+00 0.000000000000000000e+00 0.000000000000000000e+00
3.425000000000000000e+03 3.939903148670477435e+02 1.042520673842007722e-01 0.000000000000000000e+00 6.056021952631868849e-02 0.000000000000000000e+00 8.347600963082587588e-01 1.719143981724195226e-04 1.370241767707282275e-05 1.566846819785887876e-04 0.000000000000000000e+00 2.124791327827339173e-07 0.000000000000000000e+00 0.000000000000000000e+00 0.000000000000000000e+00 3.297452161110347156e-05 3.713620322743116438e-07 1.263500276201862530e-08 5.174428561474919550e-05 0.000000000000000000e+00 0.000000000000000000e+00 0.000000000000000000e+00 0.000000000000000000e+00 0.000000000000000000e+00 0.000000000000000000e+00
3.450000000000000000e+03 4.330919352233005952e+02 9.577502779293277368e-02 0.000000000000000000e+00 5.563589150040891551e-02 0.000000000000000000e+00 8.481480997861657878e-01 1.746521746670870218e-04 1.400494506937290653e-05 1.642443706370044537e-04 0.000000000000000000e+00 2.194179456256792553e-07 0.000000000000000000e+00 0.000000000000000000e+00 0.000000000000000000e+00 3.483553756076147618e-05 4.122309918773097969e-07 1.372218969144122967e-08 5.259852143104668334e-05 0.000000000000000000e+00 0.000000000000000000e+00 0.000000000000000000e+00 0.000000000000000000e+00 0.000000000000000000e+00 0.000000000000000000e+00
3.475000000000000000e+03 4.766661268415542168e+02 8.781466077782219826e-02 0.000000000000000000e+00 5.101169949843187973e-02 0.000000000000000000e+00 8.607203184133755958e-01 1.769378460900784551e-04 1.427293785653555719e-05 1.714941315165878033e-04 0.000000000000000000e+00 2.256874136039425553e-07 0.000000000000000000e+00 0.000000000000000000e+00 0.000000000000000000e+00 3.664785451375475537e-05 4.554204741326562220e-07 1.483605550212105235e-08 5.327259645038984534e-05 0.000000000000000000e+00 0.000000000000000000e+00 0.000000000000000000e+00 0.000000000000000000e+00 0.000000000000000000e+00 0.000000000000000000e+00
3.500000000000000000e+03 5.251404117349508169e+02 8.037986350989807793e-02 0.000000000000000000e+00 4.669281196784383359e-02 0.000000000000000000e+00 8.724626688033472188e-01 1.787999040070972821e-04 1.450798484629712659e-05 1.784182377382673168e-04 0.000000000000000000e+00 2.312916243683720778e-07 0.000000000000000000e+00 0.000000000000000000e+00 0.000000000000000000e+00 3.840550238974794897e-05 5.009060629610762047e-07 1.597356125271565834e-08 5.377591868081289285e-05 0.000000000000000000e+00 0.000000000000000000e+00 0.000000000000000000e+00 0.000000000000000000e+00 0.000000000000000000e+00 0.000000000000000000e+00
3.525000000000000000e+03 5.789743934130806338e+02 7.346949335914383650e-02 0.000000000000000000e+00 4.267856511049281792e-02 0.000000000000000000e+00 8.833769246176527146e-01 1.802703624950497991e-04 1.471203031574495096e-05 1.850086449180353041e-04 0.000000000000000000e+00 2.362451997017891268e-07 0.000000000000000000e+00 0.000000000000000000e+00 0.000000000000000000e+00 4.010415804851132494e-05 5.486684112036417639e-07 1.713206484375169518e-08 5.411967125747906639e-05 0.000000000000000000e+00 0.000000000000000000e+00 0.000000000000000000e+00 0.000000000000000000e+00 0.000000000000000000e+00 0.000000000000000000e+00
3.550000000000000000e+03 6.386614007684077023e+02 6.707408566275215034e-02 0.000000000000000000e+00 3.896346090144849755e-02 0.000000000000000000e+00 8.934780042634122843e-01 1.813832445952419500e-04 1.488725776560880807e-05 1.912639131449145834e-04 0.000000000000000000e+00 2.405711468593985869e-07 0.000000000000000000e+00 0.000000000000000000e+00 0.000000000000000000e+00 4.174097910104449308e-05 5.986946756526396675e-07 1.830933003735109705e-08 5.431620262764507025e-05 0.000000000000000000e+00 0.000000000000000000e+00 0.000000000000000000e+00 0.000000000000000000e+00 0.000000000000000000e+00 0.000000000000000000e+00
3.575000000000000000e+03 7.047301707196913867e+02 6.117756534909649102e-02 0.000000000000000000e+00 3.553816131038927545e-02 0.000000000000000000e+00 9.027912682982009995e-01 1.821732933649879746e-04 1.503598754333529369e-05 1.971880774901832120e-04 0.000000000000000000e+00 2.442988012352528947e-07 0.000000000000000000e+00 0.000000000000000000e+00 0.000000000000000000e+00 4.331441115204871930e-05 6.509793866628191294e-07 1.950351633650511508e-08 5.437849105826542785e-05 0.000000000000000000e+00 0.000000000000000000e+00 0.000000000000000000e+00 0.000000000000000000e+00 0.000000000000000000e+00 0.000000000000000000e+00
3.600000000000000000e+03 7.777465410922000046e+02 5.575885911743545115e-02 0.000000000000000000e+00 3.239042479076740394e-02 0.000000000000000000e+00 9.113499736473036350e-01 1.826749279136969902e-04 1.516059070274428414e-05 2.027895430444799207e-04 0.000000000000000000e+00 2.474619529812878354e-07 0.000000000000000000e+00 0.000000000000000000e+00 0.000000000000000000e+00 4.482398607584519846e-05 7.055248414700249006e-07 2.071315494014439498e-08 5.431969680758434954e-05 0.000000000000000000e+00 0.000000000000000000e+00 0.000000000000000000e+00 0.000000000000000000e+00 0.000000000000000000e+00 0.000000000000000000e+00
3.625000000000000000e+03 8.583151877103878178e+02 5.079334627991381051e-02 0.000000000000000000e+00 2.950594916334410914e-02 0.000000000000000000e+00 9.191929823481659323e-01 1.829214356789146635e-04 1.526341952144148737e-05 2.080800523393068252e-04 0.000000000000000000e+00 2.500972072722484355e-07 0.000000000000000000e+00 0.000000000000000000e+00 0.000000000000000000e+00 4.627012290120201499e-05 7.623411032749717895e-07 2.193711501551926165e-08 5.415280270966118430e-05 0.000000000000000000e+00 0.000000000000000000e+00 0.000000000000000000e+00 0.000000000000000000e+00 0.000000000000000000e+00 0.000000000000000000e+00
3.650000000000000000e+03 9.470813753058391740e+02 4.625411660479610693e-02 0.000000000000000000e+00 2.686910221496389972e-02 0.000000000000000000e+00 9.263627751317431436e-01 1.829443866221154959e-04 1.534675426984031025e-05 2.130737625392453542e-04 0.000000000000000000e+00 2.522426068929374390e-07 0.000000000000000000e+00 0.000000000000000000e+00 0.000000000000000000e+00 4.765394185671195215e-05 8.214457084563961572e-07 2.317456484170123621e-08 5.389034032884958874e-05 0.000000000000000000e+00 0.000000000000000000e+00 0.000000000000000000e+00 0.000000000000000000e+00 0.000000000000000000e+00 0.000000000000000000e+00
3.675000000000000000e+03 1.044732731511161774e+03 4.211302269007156929e-02 0.000000000000000000e+00 2.446353307394843329e-02 0.000000000000000000e+00 9.329037892691575129e-01 1.827732392544492669e-04 1.541276445917378997e-05 2.177864488014890059e-04 0.000000000000000000e+00 2.539365143331935553e-07 0.000000000000000000e+00 0.000000000000000000e+00 0.000000000000000000e+00 4.897709665309154511e-05 8.828631648614728954e-07 2.442493083359147028e-08 5.354419304422527298e-05 0.000000000000000000e+00 0.000000000000000000e+00 0.000000000000000000e+00 0.000000000000000000e+00 0.000000000000000000e+00 0.000000000000000000e+00
3.700000000000000000e+03 1.152001039309780936e+03 3.834153206245652368e-02 0.000000000000000000e+00 2.227266716833095975e-02 0.000000000000000000e+00 9.388610727218043017e-01 1.824351067856539387e-04 1.546348274968338898e-05 2.222348361299438196e-04 0.000000000000000000e+00 2.552167386348048230e-07 0.000000000000000000e+00 0.000000000000000000e+00 0.000000000000000000e+00 5.024162800358685942e-05 9.466243159365830419e-07 2.568785691828038764e-08 5.312546482807652576e-05 0.000000000000000000e+00 0.000000000000000000e+00 0.000000000000000000e+00 0.000000000000000000e+00 0.000000000000000000e+00 0.000000000000000000e+00
3.725000000000000000e+03 1.269664044251377391e+03 3.491139372663909501e-02 0.000000000000000000e+00 2.028009343523965238e-02 0.000000000000000000e+00 9.442792312467611637e-01 1.819546527283146355e-04 1.550078922484615857e-05 2.264360573175976880e-04 0.000000000000000000e+00 2.561198806978607387e-07 0.000000000000000000e+00 0.000000000000000000e+00 0.000000000000000000e+00 5.144983960574272034e-05 1.012765631328016489e-06 2.696316599667453999e-08 5.264440380550264591e-05 0.000000000000000000e+00 0.000000000000000000e+00 0.000000000000000000e+00 0.000000000000000000e+00 0.000000000000000000e+00 0.000000000000000000e+00
3.750000000000000000e+03 1.398547274741387128e+03 3.179514038259954184e-02 0.000000000000000000e+00 1.846985608639749310e-02 0.000000000000000000e+00 9.492016349923988461e-01 1.813540847635234288e-04 1.552640402630885882e-05 2.304072251783668838e-04 0.000000000000000000e+00 2.566808670105564803e-07 0.000000000000000000e+00 0.000000000000000000e+00 0.000000000000000000e+00 5.260419555784509084e-05 1.081328472553946284e-06 2.825082455563773762e-08 5.211036891393141374e-05 0.000000000000000000e+00 0.000000000000000000e+00 0.000000000000000000e+00 0.000000000000000000e+00 0.000000000000000000e+00 0.000000000000000000e+00
3.775000000000000000e+03 1.539525867974745324e+03 2.896645006802626293e-02 0.000000000000000000e+00 1.682666462850894093e-02 0.000000000000000000e+00 9.536698471782379949e-01 1.806532221501370105e-04 1.554188640308179641e-05 2.341651070248609162e-04 0.000000000000000000e+00 2.569326405148215494e-07 0.000000000000000000e+00 0.000000000000000000e+00 0.000000000000000000e+00 5.370723781594801809e-05 1.152358367597364092e-06 2.955091116572483415e-08 5.153182991337498629e-05 0.000000000000000000e+00 0.000000000000000000e+00 0.000000000000000000e+00 0.000000000000000000e+00 0.000000000000000000e+00 0.000000000000000000e+00
3.800000000000000000e+03 1.693526404474556330e+03 2.640039078134390552e-02 0.000000000000000000e+00 1.533603602582800894e-02 0.000000000000000000e+00 9.577232374695030526e-01 1.798696129596129257e-04 1.554863844347666217e-05 2.377258851627957268e-04 0.000000000000000000e+00 2.569059778114005016e-07 0.000000000000000000e+00 0.000000000000000000e+00 0.000000000000000000e+00 5.476152133717838316e-05 1.225904316800020685e-06 3.086358885710244712e-08 5.091639153834968029e-05 0.000000000000000000e+00 0.000000000000000000e+00 0.000000000000000000e+00 0.000000000000000000e+00 0.000000000000000000e+00 0.000000000000000000e+00
