# T Ptot H He C N O Na K Si Ar Ti V S Cl Mg Al Ca Fe Cr Li Cs Rb F P
1.500000000000000000e+03 1.555297948644986405e+01 2.242296820364338694e-01 0.000000000000000000e+00 7.502568437640962928e-01 0.000000000000000000e+00 1.452075596280689128e-02 1.552805315700313369e-04 6.635786933349996544e-06 3.609001319838226786e-03 0.000000000000000000e+00 1.497587042184723163e-10 0.000000000000000000e+00 0.000000000000000000e+00 0.000000000000000000e+00 1.734641084331753260e-04 5.748181744855377101e-09 1.015734640375922835e-10 7.048330490374292608e-03 0.000000000000000000e+00 0.000000000000000000e+00 0.000000000000000000e+00 0.000000000000000000e+00 0.000000000000000000e+00 0.000000000000000000e+00
1.525000000000000000e+03 1.590170879124482006e+01 2.226802527443104973e-01 0.000000000000000000e+00 7.450726380734871146e-01 0.000000000000000000e+00 1.851081074345616376e-02 1.923137386424780468e-04 8.352009718953293791e-06 4.874854813795142898e-03 0.000000000000000000e+00 2.288739249276346384e-10 0.000000000000000000e+00 0.000000000000000000e+00 0.000000000000000000e+00 2.324239100865901214e-04 9.316283663835661914e-09 1.616680437119851758e-10 8.428344259677318651e-03 0.000000000000000000e+00 0.000000000000000000e+00 0.000000000000000000e+00 0.000000000000000000e+00 0.000000000000000000e+00 0.000000000000000000e+00
1.550000000000000000e+03 1.631921426264371533e+01 2.208151839352321122e-01 0.000000000000000000e+00 7.388321583371838530e-01 0.000000000000000000e+00 2.334854812677442104e-02 2.358974920120530017e-04 1.040559433178404316e-05 6.467604415414975917e-03 0.000000000000000000e+00 3.435708956950748431e-10 0.000000000000000000e+00 0.000000000000000000e+00 0.000000000000000000e+00 3.071767503724945965e-04 1.481549068603654596e-08 2.524181742667486208e-10 9.983009937198587119e-03 0.000000000000000000e+00 0.000000000000000000e+00 0.000000000000000000e+00 0.000000000000000000e+00 0.000000000000000000e+00 0.000000000000000000e+00
1.575000000000000000e+03 1.681570651216645729e+01 2.185994577613971923e-01 0.000000000000000000e+00 7.314184951649786992e-01 0.000000000000000000e+00 2.913314961041037210e-02 2.866443344223557630e-04 1.283569176404015949e-05 8.434016192147505281e-03 0.000000000000000000e+00 5.069201565642780622e-10 0.000000000000000000e+00 0.000000000000000000e+00 0.000000000000000000e+00 4.006015771050470682e-04 2.313223235201263174e-08 3.868709352967324406e-10 1.171477564175144384e-02 0.000000000000000000e+00 0.000000000000000000e+00 0.000000000000000000e+00 0.000000000000000000e+00 0.000000000000000000e+00 0.000000000000000000e+00
1.600000000000000000e+03 1.740138004683827688e+01 2.160041383664778325e-01 0.000000000000000000e+00 7.227347884928588817e-01 0.000000000000000000e+00 3.594787100825700549e-02 3.450994097496049300e-04 1.567952500300997184e-05 1.081509423847198947e-02 0.000000000000000000e+00 7.355356594882750822e-10 0.000000000000000000e+00 0.000000000000000000e+00 0.000000000000000000e+00 5.157106033285875635e-04 3.547887364962869502e-08 5.824002149226738134e-10 1.362158155904359853e-02 0.000000000000000000e+00 0.000000000000000000e+00 0.000000000000000000e+00 0.000000000000000000e+00 0.000000000000000000e+00 0.000000000000000000e+00
1.625000000000000000e+03 1.808572940106503424e+01 2.130104548204366788e-01 0.000000000000000000e+00 7.127181198253251804e-01 0.000000000000000000e+00 4.384830276153885154e-02 4.117126739707542104e-04 1.897083551951641344e-05 1.364057317328886895e-02 0.000000000000000000e+00 1.050043616749609314e-09 0.000000000000000000e+00 0.000000000000000000e+00 0.000000000000000000e+00 6.555441229593451631e-04 5.347619802685945989e-08 8.616317600025221088e-10 1.569626639908763138e-02 0.000000000000000000e+00 0.000000000000000000e+00 0.000000000000000000e+00 0.000000000000000000e+00 0.000000000000000000e+00 0.000000000000000000e+00
1.650000000000000000e+03 1.887658292650850100e+01 2.096144158958301862e-01 0.000000000000000000e+00 7.013552135159497603e-01 0.000000000000000000e+00 5.284895891136998092e-02 4.868183426250649029e-04 2.273857328850771150e-05 1.692240476672892888e-02 0.000000000000000000e+00 1.475437993377125908e-09 0.000000000000000000e+00 0.000000000000000000e+00 0.000000000000000000e+00 8.230479189315102403e-04 7.924155016796459322e-08 1.253391068511516778e-09 1.792632010489690966e-02 0.000000000000000000e+00 0.000000000000000000e+00 0.000000000000000000e+00 0.000000000000000000e+00 0.000000000000000000e+00 0.000000000000000000e+00
1.675000000000000000e+03 1.977885568421761420e+01 2.058315551937286714e-01 0.000000000000000000e+00 6.886980643017170944e-01 0.000000000000000000e+00 6.290966335163622469e-02 5.706269512609105045e-04 2.700612708087801874e-05 2.064788198998853547e-02 0.000000000000000000e+00 2.041269466847860607e-09 0.000000000000000000e+00 0.000000000000000000e+00 0.000000000000000000e+00 1.020949079447049362e-03 1.154777182224967414e-07 1.793633441879509406e-09 2.029413369251936369e-02 0.000000000000000000e+00 0.000000000000000000e+00 0.000000000000000000e+00 0.000000000000000000e+00 0.000000000000000000e+00 0.000000000000000000e+00
1.700000000000000000e+03 2.079313497350617368e+01 2.017006027282000624e-01 0.000000000000000000e+00 6.748761407968190129e-01 0.000000000000000000e+00 7.392467485023522522e-02 6.632381659583092915e-04 3.179154015550838294e-05 2.477377760206711868e-02 0.000000000000000000e+00 2.781651349094534416e-09 0.000000000000000000e+00 0.000000000000000000e+00 0.000000000000000000e+00 1.251654624407233215e-03 1.655578388418724525e-07 2.526342294784119687e-09 2.277794882632477175e-02 0.000000000000000000e+00 0.000000000000000000e+00 0.000000000000000000e+00 0.000000000000000000e+00 0.000000000000000000e+00 0.000000000000000000e+00
1.725000000000000000e+03 2.191443509334453665e+01 1.972844147378681190e-01 0.000000000000000000e+00 6.600998829089965714e-01 0.000000000000000000e+00 8.571918604520833984e-02 7.646755023985512883e-04 3.710887905312626115e-05 2.922379843456855003e-02 0.000000000000000000e+00 3.735129500320929483e-09 0.000000000000000000e+00 0.000000000000000000e+00 0.000000000000000000e+00 1.517197854385208275e-03 2.336039334140919884e-07 3.504424000226881389e-09 2.535349479403459227e-02 0.000000000000000000e+00 0.000000000000000000e+00 0.000000000000000000e+00 0.000000000000000000e+00 0.000000000000000000e+00 0.000000000000000000e+00
1.750000000000000000e+03 2.313174387267629939e+01 1.926664628470395046e-01 0.000000000000000000e+00 6.446485410452780229e-01 0.000000000000000000e+00 9.805901253526039252e-02 8.749404460243575795e-04 4.297065623003039570e-05 3.389230764365604859e-02 0.000000000000000000e+00 4.944556357830990626e-09 0.000000000000000000e+00 0.000000000000000000e+00 0.000000000000000000e+00 1.819256526541315972e-03 3.245619668816570871e-07 4.790683154484833090e-09 2.799617400276403420e-02 0.000000000000000000e+00 0.000000000000000000e+00 0.000000000000000000e+00 0.000000000000000000e+00 0.000000000000000000e+00 0.000000000000000000e+00
1.775000000000000000e+03 2.442910643244719182e+01 1.879412962956290845e-01 0.000000000000000000e+00 6.288384750389900413e-01 0.000000000000000000e+00 1.106772798539329000e-01 9.940664299913633088e-04 4.939048728772942683e-05 3.865650004451760130e-02 0.000000000000000000e+00 6.457183442459443965e-09 0.000000000000000000e+00 0.000000000000000000e+00 0.000000000000000000e+00 2.159231560794303527e-03 4.442823119163035902e-07 6.458978462171877395e-09 3.068330309038316134e-02 0.000000000000000000e+00 0.000000000000000000e+00 0.000000000000000000e+00 0.000000000000000000e+00 0.000000000000000000e+00 0.000000000000000000e+00
1.800000000000000000e+03 2.578842062802040047e+01 1.832008341954536879e-01 0.000000000000000000e+00 6.129771833257744440e-01 0.000000000000000000e+00 1.233136697691591677e-01 1.122149347883679999e-03 5.638473804286231304e-05 4.339522192733082789e-02 0.000000000000000000e+00 8.325079994831663822e-09 0.000000000000000000e+00 0.000000000000000000e+00 0.000000000000000000e+00 2.538344587729652810e-03 5.996118747758686559e-07 8.595556096513783242e-09 3.339559557611503776e-02 0.000000000000000000e+00 0.000000000000000000e+00 0.000000000000000000e+00 0.000000000000000000e+00 0.000000000000000000e+00 0.000000000000000000e+00
1.825000000000000000e+03 2.719278678282942963e+01 1.785218773063509123e-01 0.000000000000000000e+00 5.973217398449390814e-01 0.000000000000000000e+00 1.357506212146767366e-01 1.259340756991409946e-03 6.352895177916564569e-05 4.800708999438788038e-02 0.000000000000000000e+00 1.060573613132228352e-08 0.000000000000000000e+00 0.000000000000000000e+00 0.000000000000000000e+00 2.957686040266296976e-03 7.984905991719588595e-07 1.130039860259670352e-08 3.611729549387477506e-02 0.000000000000000000e+00 0.000000000000000000e+00 0.000000000000000000e+00 0.000000000000000000e+00 0.000000000000000000e+00 0.000000000000000000e+00
1.850000000000000000e+03 2.862869180872420927e+01 1.739606685909475814e-01 0.000000000000000000e+00 5.820602715510778680e-01 0.000000000000000000e+00 1.478288892017790290e-01 1.405810461823548546e-03 7.166083993805525353e-05 5.241850288641097116e-02 0.000000000000000000e+00 1.336233651567897413e-08 0.000000000000000000e+00 0.000000000000000000e+00 0.000000000000000000e+00 3.418158738433406136e-03 1.050015868633297174e-06 1.468825609738370662e-08 3.883495966312843634e-02 0.000000000000000000e+00 0.000000000000000000e+00 0.000000000000000000e+00 0.000000000000000000e+00 0.000000000000000000e+00 0.000000000000000000e+00
1.875000000000000000e+03 3.008556929189235163e+01 1.695562023189289280e-01 0.000000000000000000e+00 5.673232509823256109e-01 0.000000000000000000e+00 1.594395751605355571e-01 1.561719004450710891e-03 8.041805766601015212e-05 5.658103439195685119e-02 0.000000000000000000e+00 1.666341949926229529e-08 0.000000000000000000e+00 0.000000000000000000e+00 0.000000000000000000e+00 3.920372710990803651e-03 1.364446351771336065e-06 1.888926060806360968e-08 4.153602737411373619e-02 0.000000000000000000e+00 0.000000000000000000e+00 0.000000000000000000e+00 0.000000000000000000e+00 0.000000000000000000e+00 0.000000000000000000e+00
1.900000000000000000e+03 3.155434854542509981e+01 1.653362605775484107e-01 0.000000000000000000e+00 5.532035844461146157e-01 0.000000000000000000e+00 1.705064261145532167e-01 1.727198849777374871e-03 8.981797156079136997e-05 6.046296010270352933e-02 0.000000000000000000e+00 2.058167071052173195e-08 0.000000000000000000e+00 0.000000000000000000e+00 0.000000000000000000e+00 4.464497254368707951e-03 1.753103892518975530e-06 2.404890608977816587e-08 4.420745694890406557e-02 0.000000000000000000e+00 0.000000000000000000e+00 0.000000000000000000e+00 0.000000000000000000e+00 0.000000000000000000e+00 0.000000000000000000e+00
1.925000000000000000e+03 3.302610495541439661e+01 1.613219162202605417e-01 0.000000000000000000e+00 5.397718820473328405e-01 0.000000000000000000e+00 1.809731899617474660e-01 1.902345141222648106e-03 9.987585382150256964e-05 6.404352648982346297e-02 0.000000000000000000e+00 2.519205388015134841e-08 0.000000000000000000e+00 0.000000000000000000e+00 0.000000000000000000e+00 5.050116620982949417e-03 2.228161646776374839e-06 3.032735570750303116e-08 4.683486398375221599e-02 0.000000000000000000e+00 0.000000000000000000e+00 0.000000000000000000e+00 0.000000000000000000e+00 0.000000000000000000e+00 0.000000000000000000e+00
1.950000000000000000e+03 3.449189631866402550e+01 1.575285094966313304e-01 0.000000000000000000e+00 5.270794041364169624e-01 0.000000000000000000e+00 1.908013218033312586e-01 2.087190553642077982e-03 1.106034892711974346e-04 6.731226395028198917e-02 0.000000000000000000e+00 3.056926111539947206e-08 0.000000000000000000e+00 0.000000000000000000e+00 0.000000000000000000e+00 5.676061428682507501e-03 2.802289309608055641e-06 3.789769549568618709e-08 4.940177438547644490e-02 0.000000000000000000e+00 0.000000000000000000e+00 0.000000000000000000e+00 0.000000000000000000e+00 0.000000000000000000e+00 0.000000000000000000e+00
1.975000000000000000e+03 3.594373407714359558e+01 1.539638868050149378e-01 0.000000000000000000e+00 5.151524278736355766e-01 0.000000000000000000e+00 1.999753112124192655e-01 2.281652977231292748e-03 1.220062364525882734e-04 7.027226676029686703e-02 0.000000000000000000e+00 3.678436402039464483e-08 0.000000000000000000e+00 0.000000000000000000e+00 0.000000000000000000e+00 6.340183902259476437e-03 3.488119910429998096e-06 4.694257876246256724e-08 5.188869238583673771e-02 0.000000000000000000e+00 0.000000000000000000e+00 0.000000000000000000e+00 0.000000000000000000e+00 0.000000000000000000e+00 0.000000000000000000e+00
2.000000000000000000e+03 3.737628371408624162e+01 1.506257040404886116e-01 0.000000000000000000e+00 5.039830963380175222e-01 0.000000000000000000e+00 2.085110799390403891e-01 2.485450979570859482e-03 1.340782113079476065e-04 7.294503334903082448e-02 0.000000000000000000e+00 4.390058763130097568e-08 0.000000000000000000e+00 0.000000000000000000e+00 0.000000000000000000e+00 7.039074092511893310e-03 4.297503943441420577e-06 5.764864712385879451e-08 5.427208399685380658e-02 0.000000000000000000e+00 0.000000000000000000e+00 0.000000000000000000e+00 0.000000000000000000e+00 0.000000000000000000e+00 0.000000000000000000e+00
2.025000000000000000e+03 3.878888752094530901e+01 1.474988496730131327e-01 0.000000000000000000e+00 4.935208650393354546e-01 0.000000000000000000e+00 2.164638369107423355e-01 2.697995114862477076e-03 1.467959469485609261e-04 7.537504644880189952e-02 0.000000000000000000e+00 5.196836704491206954e-08 0.000000000000000000e+00 0.000000000000000000e+00 0.000000000000000000e+00 7.767740967251398308e-03 5.240559752519974009e-06 7.019825073140553638e-08 5.652350717267431296e-02 0.000000000000000000e+00 0.000000000000000000e+00 0.000000000000000000e+00 0.000000000000000000e+00 0.000000000000000000e+00 0.000000000000000000e+00
2.050000000000000000e+03 4.018768501941235627e+01 1.445534269347010237e-01 0.000000000000000000e+00 4.836656774577511864e-01 0.000000000000000000e+00 2.239342105497383328e-01 2.918267162826766389e-03 1.601111100459493757e-04 7.763306257787522258e-02 0.000000000000000000e+00 6.102056253868493647e-08 0.000000000000000000e+00 0.000000000000000000e+00 0.000000000000000000e+00 8.519345847210976069e-03 6.324601046420028561e-06 8.475854697874367776e-08 5.860942797969470597e-02 0.000000000000000000e+00 0.000000000000000000e+00 0.000000000000000000e+00 0.000000000000000000e+00 0.000000000000000000e+00 0.000000000000000000e+00
2.075000000000000000e+03 4.158719752147698756e+01 1.417445583002057419e-01 0.000000000000000000e+00 4.742673965535063041e-01 0.000000000000000000e+00 2.310684530936398806e-01 3.144724107373967573e-03 1.739442405738228124e-04 7.981577947590888511e-02 0.000000000000000000e+00 7.106917619830339887e-08 0.000000000000000000e+00 0.000000000000000000e+00 0.000000000000000000e+00 9.285107789787010873e-03 7.553157695728164912e-06 1.014691781535930707e-07 6.049231074295422644e-02 0.000000000000000000e+00 0.000000000000000000e+00 0.000000000000000000e+00 0.000000000000000000e+00 0.000000000000000000e+00 0.000000000000000000e+00
2.100000000000000000e+03 4.301151331216104978e+01 1.390132197929012936e-01 0.000000000000000000e+00 4.651285446969798398e-01 0.000000000000000000e+00 2.380550195857858153e-01 3.375251826166925789e-03 1.881811357626112695e-04 8.204248560128640788e-02 0.000000000000000000e+00 8.210636522794558704e-08 0.000000000000000000e+00 0.000000000000000000e+00 0.000000000000000000e+00 1.005456329167856572e-02 8.925479574524061135e-06 1.204312712299290046e-07 6.213360605222768146e-02 0.000000000000000000e+00 0.000000000000000000e+00 0.000000000000000000e+00 0.000000000000000000e+00 0.000000000000000000e+00 0.000000000000000000e+00
2.125000000000000000e+03 4.449413620635825595e+01 1.362898399418463469e-01 0.000000000000000000e+00 4.560163064381279607e-01 0.000000000000000000e+00 2.451122103516835682e-01 3.607224478670664758e-03 2.026750608795086352e-04 8.444600231215319830e-02 0.000000000000000000e+00 9.411188625158260188e-08 0.000000000000000000e+00 0.000000000000000000e+00 0.000000000000000000e+00 1.081631398900334724e-02 1.043697364354433173e-05 1.417020946056341200e-07 6.349875464001114578e-02 0.000000000000000000e+00 0.000000000000000000e+00 0.000000000000000000e+00 0.000000000000000000e+00 0.000000000000000000e+00 0.000000000000000000e+00
2.150000000000000000e+03 4.607586975231768633e+01 1.335010837948094053e-01 0.000000000000000000e+00 4.466853093308851830e-01 0.000000000000000000e+00 2.524658960250990014e-01 3.837696237310363450e-03 2.172565851359132280e-04 8.715779681758145658e-02 0.000000000000000000e+00 1.070674601689906329e-07 0.000000000000000000e+00 0.000000000000000000e+00 0.000000000000000000e+00 1.155924860521663836e-02 1.208084261898612405e-05 1.652993185833621444e-07 6.456335939456425699e-02 0.000000000000000000e+00 0.000000000000000000e+00 0.000000000000000000e+00 0.000000000000000000e+00 0.000000000000000000e+00 0.000000000000000000e+00
2.175000000000000000e+03 4.780014615308856918e+01 1.305800604651917163e-01 0.000000000000000000e+00 4.369117743693155531e-01 0.000000000000000000e+00 2.603176363939718740e-01 4.063708165948178019e-03 2.317506534662387436e-04 9.028876143575474689e-02 0.000000000000000000e+00 1.209734827470109646e-07 0.000000000000000000e+00 0.000000000000000000e+00 0.000000000000000000e+00 1.227390507343172413e-02 1.385051348143902721e-05 1.912151645033945604e-07 6.531824074079130293e-02 0.000000000000000000e+00 0.000000000000000000e+00 0.000000000000000000e+00 0.000000000000000000e+00 0.000000000000000000e+00 0.000000000000000000e+00
2.200000000000000000e+03 4.970646878577057493e+01 1.274777187336091633e-01 0.000000000000000000e+00 4.265315483340206271e-01 0.000000000000000000e+00 2.688108516170413798e-01 4.282617874299309013e-03 2.459955964699937227e-04 9.391109946884063087e-02 0.000000000000000000e+00 1.358592952968662120e-07 0.000000000000000000e+00 0.000000000000000000e+00 0.000000000000000000e+00 1.295338038969702857e-02 1.574167633221188836e-05 2.194336037902940157e-07 6.577069101679061669e-02 0.000000000000000000e+00 0.000000000000000000e+00 0.000000000000000000e+00 0.000000000000000000e+00 0.000000000000000000e+00 0.000000000000000000e+00
2.225000000000000000e+03 5.182408519665466429e+01 1.241711808926149185e-01 0.000000000000000000e+00 4.154681123907634777e-01 0.000000000000000000e+00 2.780076178058449865e-01 4.492323014637851150e-03 2.598570670220447633e-04 9.804847705343273934e-02 0.000000000000000000e+00 1.517796928199850355e-07 0.000000000000000000e+00 0.000000000000000000e+00 0.000000000000000000e+00 1.359354934378857738e-02 1.775265630672337967e-05 2.499401197033310366e-07 6.594072805577616547e-02 0.000000000000000000e+00 0.000000000000000000e+00 0.000000000000000000e+00 0.000000000000000000e+00 0.000000000000000000e+00 0.000000000000000000e+00
2.250000000000000000e+03 5.416827277419493925e+01 1.206655976046613066e-01 0.000000000000000000e+00 4.037386739268314373e-01 0.000000000000000000e+00 2.878860898810307600e-01 4.691319986166428251e-03 2.732326037922016638e-04 1.026787243917618025e-01 0.000000000000000000e+00 1.687995381041120962e-07 0.000000000000000000e+00 0.000000000000000000e+00 0.000000000000000000e+00 1.419139313464200247e-02 1.988294762275457167e-05 2.827191554470496811e-07 6.585463400479757423e-02 0.000000000000000000e+00 0.000000000000000000e+00 0.000000000000000000e+00 0.000000000000000000e+00 0.000000000000000000e+00 0.000000000000000000e+00
2.275000000000000000e+03 5.674054255255066437e+01 1.169891214587246153e-01 0.000000000000000000e+00 3.914374389536260379e-01 0.000000000000000000e+00 2.983569711407721980e-01 4.878612013962231597e-03 2.860476712455429214e-04 1.077451012151943860e-01 0.000000000000000000e+00 1.869740170224103206e-07 0.000000000000000000e+00 0.000000000000000000e+00 0.000000000000000000e+00 1.474534188621541737e-02 2.213070119000885405e-05 3.177409453182826076e-07 6.553873024410740433e-02 0.000000000000000000e+00 0.000000000000000000e+00 0.000000000000000000e+00 0.000000000000000000e+00 0.000000000000000000e+00 0.000000000000000000e+00
2.300000000000000000e+03 5.953109047629388328e+01 1.131850050781336159e-01 0.000000000000000000e+00 3.787091363046241610e-01 0.000000000000000000e+00 3.092881300077287565e-01 5.053593928609835181e-03 2.982499111990041048e-04 1.131709615100382899e-01 0.000000000000000000e+00 2.063345512962094997e-07 0.000000000000000000e+00 0.000000000000000000e+00 0.000000000000000000e+00 1.525365087464726141e-02 2.449058567747800633e-05 3.549484268595267824e-07 6.501622051636349320e-02 0.000000000000000000e+00 0.000000000000000000e+00 0.000000000000000000e+00 0.000000000000000000e+00 0.000000000000000000e+00 0.000000000000000000e+00
2.325000000000000000e+03 6.252199468383926018e+01 1.093040578031048010e-01 0.000000000000000000e+00 3.657237515317032228e-01 0.000000000000000000e+00 3.205267432864636334e-01 5.215961772059702489e-03 3.098045555809937038e-04 1.188712988394203668e-01 0.000000000000000000e+00 2.268813209204919603e-07 0.000000000000000000e+00 0.000000000000000000e+00 0.000000000000000000e+00 1.571435831008075393e-02 2.695236495998640133e-05 3.942477549822882588e-07 6.430645040755070263e-02 0.000000000000000000e+00 0.000000000000000000e+00 0.000000000000000000e+00 0.000000000000000000e+00 0.000000000000000000e+00 0.000000000000000000e+00
2.350000000000000000e+03 6.568952635466330037e+01 1.053995746085581858e-01 0.000000000000000000e+00 3.526596121726839894e-01 0.000000000000000000e+00 3.319138189366667713e-01 5.365672443191389987e-03 3.206926165148720029e-04 1.247596929597000193e-01 0.000000000000000000e+00 2.485800053460021971e-07 0.000000000000000000e+00 0.000000000000000000e+00 0.000000000000000000e+00 1.612528955276623654e-02 2.949998092533109818e-05 4.355031240973866654e-07 6.342546264586372551e-02 0.000000000000000000e+00 0.000000000000000000e+00 0.000000000000000000e+00 0.000000000000000000e+00 0.000000000000000000e+00 0.000000000000000000e+00
2.375000000000000000e+03 6.900481750223526944e+01 1.015249772483709928e-01 0.000000000000000000e+00 3.396955027748088662e-01 0.000000000000000000e+00 3.432907201149827392e-01 5.502945822279760313e-03 3.309114805014500742e-04 1.307511649284755773e-01 0.000000000000000000e+00 2.713589843015007784e-07 0.000000000000000000e+00 0.000000000000000000e+00 0.000000000000000000e+00 1.648413110227215858e-02 3.211068797083348897e-05 4.785333897704981695e-07 6.238678594796350646e-02 0.000000000000000000e+00 0.000000000000000000e+00 0.000000000000000000e+00 0.000000000000000000e+00 0.000000000000000000e+00 0.000000000000000000e+00
2.400000000000000000e+03 7.243260192869222180e+01 9.773351653872769385e-02 0.000000000000000000e+00 3.270095354874051896e-01 0.000000000000000000e+00 3.544999459540181808e-01 5.628293950995040019e-03 3.404771375205140733e-04 1.367623163365123407e-01 0.000000000000000000e+00 2.951046286685542065e-07 0.000000000000000000e+00 0.000000000000000000e+00 0.000000000000000000e+00 1.678846353700463520e-02 3.475378597249203675e-05 5.231078041964904201e-07 6.120187905941108786e-02 0.000000000000000000e+00 0.000000000000000000e+00 0.000000000000000000e+00 0.000000000000000000e+00 0.000000000000000000e+00 0.000000000000000000e+00
2.425000000000000000e+03 7.592828496727898369e+01 9.407887019551676444e-02 0.000000000000000000e+00 3.147813329771723123e-01 0.000000000000000000e+00 3.653832068795072052e-01 5.742561917876729677e-03 3.494271942638929769e-04 1.427102486261108971e-01 0.000000000000000000e+00 3.196547896361035205e-07 0.000000000000000000e+00 0.000000000000000000e+00 0.000000000000000000e+00 1.703574252024737598e-02 3.738897912525847994e-05 5.689401541510336381e-07 5.988033211523560717e-02 0.000000000000000000e+00 0.000000000000000000e+00 0.000000000000000000e+00 0.000000000000000000e+00 0.000000000000000000e+00 0.000000000000000000e+00
2.450000000000000000e+03 7.943401245166593583e+01 9.061584716103884829e-02 0.000000000000000000e+00 3.031943023740567567e-01 0.000000000000000000e+00 3.757793512451055862e-01 5.846970083364906937e-03 3.578239578428737077e-04 1.485114776631520639e-01 0.000000000000000000e+00 3.447926148232262510e-07 0.000000000000000000e+00 0.000000000000000000e+00 0.000000000000000000e+00 1.722327035769986511e-02 3.996470004328832391e-05 6.156820473637510784e-07 5.843003198303373807e-02 0.000000000000000000e+00 0.000000000000000000e+00 0.000000000000000000e+00 0.000000000000000000e+00 0.000000000000000000e+00 0.000000000000000000e+00
2.475000000000000000e+03 8.287511534116573841e+01 8.740033130089051860e-02 0.000000000000000000e+00 2.924354153910720400e-01 0.000000000000000000e+00 3.855243983288922927e-01 5.943134966814595486e-03 3.657563647884878410e-04 1.540816985083640622e-01 0.000000000000000000e+00 3.702451395628110077e-07 0.000000000000000000e+00 0.000000000000000000e+00 0.000000000000000000e+00 1.734825125972644377e-02 4.241723884401867717e-05 6.629185695904452337e-07 5.685756347689835399e-02 0.000000000000000000e+00 0.000000000000000000e+00 0.000000000000000000e+00 0.000000000000000000e+00 0.000000000000000000e+00 0.000000000000000000e+00
2.500000000000000000e+03 8.615912230944971384e+01 8.448762985339504372e-02 0.000000000000000000e+00 2.826897135217817936e-01 0.000000000000000000e+00 3.944559535499386760e-01 6.033047610588281040e-03 3.733391886790196038e-04 1.593374259982747732e-01 0.000000000000000000e+00 3.956927615947781991e-07 0.000000000000000000e+00 0.000000000000000000e+00 0.000000000000000000e+00 1.740802176606036714e-02 4.467203031536277083e-05 7.101715428951355192e-07 5.516909061666221137e-02 0.000000000000000000e+00 0.000000000000000000e+00 0.000000000000000000e+00 0.000000000000000000e+00 0.000000000000000000e+00 0.000000000000000000e+00
2.525000000000000000e+03 8.918051585569200768e+01 8.192825744705814484e-02 0.000000000000000000e+00 2.741262304996892052e-01 0.000000000000000000e+00 4.024246856666925942e-01 6.118967412540785716e-03 3.807069371859468187e-04 1.642006804551051635e-01 0.000000000000000000e+00 4.207987793083126083e-07 0.000000000000000000e+00 0.000000000000000000e+00 0.000000000000000000e+00 1.740059312607219327e-02 4.664912584978754111e-05 7.569197805062629901e-07 5.337205161124628644e-02 0.000000000000000000e+00 0.000000000000000000e+00 0.000000000000000000e+00 0.000000000000000000e+00 0.000000000000000000e+00 0.000000000000000000e+00
2.550000000000000000e+03 9.183445233430299481e+01 7.976035375934512062e-02 0.000000000000000000e+00 2.668725774356183744e-01 0.000000000000000000e+00 4.093153020536305364e-01 6.203194933827104601e-03 3.879997850009675323e-04 1.686077635298192101e-01 0.000000000000000000e+00 4.452662131818030655e-07 0.000000000000000000e+00 0.000000000000000000e+00 0.000000000000000000e+00 1.732558925812077363e-02 4.827465423789390050e-05 8.026470425310647970e-07 5.147769667714434394e-02 0.000000000000000000e+00 0.000000000000000000e+00 0.000000000000000000e+00 0.000000000000000000e+00 0.000000000000000000e+00 0.000000000000000000e+00
2.575000000000000000e+03 9.403978330146827602e+01 7.799931305957076566e-02 0.000000000000000000e+00 2.609802588256996403e-01 0.000000000000000000e+00 4.150753481937424771e-01 6.287718523117101152e-03 3.953411951543682598e-04 1.725216737274192780e-01 0.000000000000000000e+00 4.689188723805311701e-07 0.000000000000000000e+00 0.000000000000000000e+00 0.000000000000000000e+00 1.718549017611299343e-02 4.949794735193701364e-05 8.469224500835774916e-07 4.950404251050914695e-02 0.000000000000000000e+00 0.000000000000000000e+00 0.000000000000000000e+00 0.000000000000000000e+00 0.000000000000000000e+00 0.000000000000000000e+00
2.600000000000000000e+03 9.576374361614755060e+01 7.662892116695925460e-02 0.000000000000000000e+00 2.563950253254562717e-01 0.000000000000000000e+00 4.197402057729205382e-01 6.373837977398805373e-03 4.028132530300620388e-04 1.759433887170883393e-01 0.000000000000000000e+00 4.917764854716480967e-07 0.000000000000000000e+00 0.000000000000000000e+00 0.000000000000000000e+00 1.698659455486437042e-02 5.030826875045831627e-05 8.894925539189666936e-07 4.747752369449236703e-02 0.000000000000000000e+00 0.000000000000000000e+00 0.000000000000000000e+00 0.000000000000000000e+00 0.000000000000000000e+00 0.000000000000000000e+00
2.625000000000000000e+03 9.703309666691930602e+01 7.560102303182653083e-02 0.000000000000000000e+00 2.529557483901220261e-01 0.000000000000000000e+00 4.234348076161188468e-01 6.461965233860175219e-03 4.104428225400263909e-04 1.789137439170623844e-01 0.000000000000000000e+00 5.140728713934977671e-07 0.000000000000000000e+00 0.000000000000000000e+00 0.000000000000000000e+00 1.673883894130326691e-02 5.074032453418692371e-05 9.303340057382132641e-07 4.543124531575531977e-02 0.000000000000000000e+00 0.000000000000000000e+00 0.000000000000000000e+00 0.000000000000000000e+00 0.000000000000000000e+00 0.000000000000000000e+00
2.650000000000000000e+03 9.792168860659492680e+01 7.484695830665892557e-02 0.000000000000000000e+00 2.504327005703724240e-01 0.000000000000000000e+00 4.263427644601005539e-01 6.551750643683990939e-03 4.182082327801310453e-04 1.815014642680798096e-01 0.000000000000000000e+00 5.361913900730243503e-07 0.000000000000000000e+00 0.000000000000000000e+00 0.000000000000000000e+00 1.645413888385446888e-02 5.086238008889896203e-05 9.696235159312327489e-07 4.339964643947469281e-02 0.000000000000000000e+00 0.000000000000000000e+00 0.000000000000000000e+00 0.000000000000000000e+00 0.000000000000000000e+00 0.000000000000000000e+00
2.675000000000000000e+03 9.852244921881323592e+01 7.429484382266760001e-02 0.000000000000000000e+00 2.485853618922234110e-01 0.000000000000000000e+00 4.286589135086453783e-01 6.642440353797262644e-03 4.260612903044991751e-04 1.837834878248302273e-01 0.000000000000000000e+00 5.585556396712941013e-07 0.000000000000000000e+00 0.000000000000000000e+00 0.000000000000000000e+00 1.614411198966137287e-02 5.075413016524288502e-05 1.007642499148797432e-06 4.141245898956621985e-02 0.000000000000000000e+00 0.000000000000000000e+00 0.000000000000000000e+00 0.000000000000000000e+00 0.000000000000000000e+00 0.000000000000000000e+00
2.700000000000000000e+03 9.892205804737861286e+01 7.388294896247782351e-02 0.000000000000000000e+00 2.472071929753835162e-01 0.000000000000000000e+00 4.305520701100513659e-01 6.733227405422989933e-03 4.339495315186218016e-04 1.858288217935520070e-01 0.000000000000000000e+00 5.815417112992758689e-07 0.000000000000000000e+00 0.000000000000000000e+00 0.000000000000000000e+00 1.581843706102055783e-02 5.048791848089976159e-05 1.044678878125325262e-06 3.949123802150293627e-02 0.000000000000000000e+00 0.000000000000000000e+00 0.000000000000000000e+00 0.000000000000000000e+00 0.000000000000000000e+00 0.000000000000000000e+00
2.725000000000000000e+03 9.918850651580832789e+01 7.356488914224872111e-02 0.000000000000000000e+00 2.461429872961544696e-01 0.000000000000000000e+00 4.321501403007784181e-01 6.823448984716651289e-03 4.418290288391566226e-04 1.876913922132471824e-01 0.000000000000000000e+00 6.054426966090785617e-07 0.000000000000000000e+00 0.000000000000000000e+00 0.000000000000000000e+00 1.548433510690999486e-02 5.012021855973268443e-05 1.080970062767138613e-06 3.764917129578626565e-02 0.000000000000000000e+00 0.000000000000000000e+00 0.000000000000000000e+00 0.000000000000000000e+00 0.000000000000000000e+00 0.000000000000000000e+00
2.750000000000000000e+03 9.936977601244967673e+01 7.330866210939429584e-02 0.000000000000000000e+00 2.452856680680778889e-01 0.000000000000000000e+00 4.335422189001613136e-01 6.912635236572539643e-03 4.496678345097618063e-04 1.894100980019614300e-01 0.000000000000000000e+00 6.304733903972803383e-07 0.000000000000000000e+00 0.000000000000000000e+00 0.000000000000000000e+00 1.514683512060332853e-02 4.969139323327721470e-05 1.116687859395864386e-06 3.589277617423634187e-02 0.000000000000000000e+00 0.000000000000000000e+00 0.000000000000000000e+00 0.000000000000000000e+00 0.000000000000000000e+00 0.000000000000000000e+00
2.775000000000000000e+03 9.949768518404388828e+01 7.309325737474765827e-02 0.000000000000000000e+00 2.445649399361470577e-01 0.000000000000000000e+00 4.347875441139993913e-01 7.000484111278482482e-03 4.574446212990379806e-04 1.910119733466229541e-01 0.000000000000000000e+00 6.567914769176507203e-07 0.000000000000000000e+00 0.000000000000000000e+00 0.000000000000000000e+00 1.480931790093511190e-02 4.922910174619463244e-05 1.151946683815793287e-06 3.422400075506321776e-02 0.000000000000000000e+00 0.000000000000000000e+00 0.000000000000000000e+00 0.000000000000000000e+00 0.000000000000000000e+00 0.000000000000000000e+00
2.800000000000000000e+03 9.959264303865271017e+01 7.290520362313185343e-02 0.000000000000000000e+00 2.439357254196697078e-01 0.000000000000000000e+00 4.359247795309745821e-01 7.086815687777423337e-03 4.651458666886694330e-04 1.925157220720850881e-01 0.000000000000000000e+00 6.845196820657905336e-07 0.000000000000000000e+00 0.000000000000000000e+00 0.000000000000000000e+00 1.447403243396791495e-02 4.875214643521830443e-05 1.186818455708544691e-06 3.264195188113163532e-02 0.000000000000000000e+00 0.000000000000000000e+00 0.000000000000000000e+00 0.000000000000000000e+00 0.000000000000000000e+00 0.000000000000000000e+00
2.825000000000000000e+03 9.966755795926218298e+01 7.273589925395701483e-02 0.000000000000000000e+00 2.433692436463384956e-01 0.000000000000000000e+00 4.369792352638567356e-01 7.171530844336180578e-03 4.727633145504564417e-04 1.939345411264410957e-01 0.000000000000000000e+00 7.137632719718496187e-07 0.000000000000000000e+00 0.000000000000000000e+00 0.000000000000000000e+00 1.414248252130079382e-02 4.827356535704956347e-05 1.221346570969327577e-06 3.114409535401923765e-02 0.000000000000000000e+00 0.000000000000000000e+00 0.000000000000000000e+00 0.000000000000000000e+00 0.000000000000000000e+00 0.000000000000000000e+00
2.850000000000000000e+03 9.973058912251195807e+01 7.257978936432575578e-02 0.000000000000000000e+00 2.428469125953446883e-01 0.000000000000000000e+00 4.379678181572621565e-01 7.254581364576425002e-03 4.802920697387158349e-04 1.952780900201751269e-01 0.000000000000000000e+00 7.446224331213991886e-07 0.000000000000000000e+00 0.000000000000000000e+00 0.000000000000000000e+00 1.381569004834992329e-02 4.780277881500612561e-05 1.255556503732728572e-06 2.972702342247503585e-02 0.000000000000000000e+00 0.000000000000000000e+00 0.000000000000000000e+00 0.000000000000000000e+00 0.000000000000000000e+00 0.000000000000000000e+00
2.875000000000000000e+03 9.978695062512645109e+01 7.243319934075295730e-02 0.000000000000000000e+00 2.423564339770872822e-01 0.000000000000000000e+00 4.389022215634456603e-01 7.335949993070685175e-03 4.877293172987686451e-04 1.965537731033338009e-01 0.000000000000000000e+00 7.772006460679810233e-07 0.000000000000000000e+00 0.000000000000000000e+00 0.000000000000000000e+00 1.349436247366029087e-02 4.734698826281652875e-05 1.289463087618244830e-06 2.838691657935391716e-02 0.000000000000000000e+00 0.000000000000000000e+00 0.000000000000000000e+00 0.000000000000000000e+00 0.000000000000000000e+00 0.000000000000000000e+00
2.900000000000000000e+03 9.984004636906568919e+01 7.229360080508880071e-02 0.000000000000000000e+00 2.418893429064349065e-01 0.000000000000000000e+00 4.397909193078830548e-01 7.415637602305004579e-03 4.950735377785749894e-04 1.977675612186041432e-01 0.000000000000000000e+00 8.116104115405762763e-07 0.000000000000000000e+00 0.000000000000000000e+00 0.000000000000000000e+00 1.317900074997469494e-02 4.691207357563443670e-05 1.323075514238120436e-06 2.711981711242948331e-02 0.000000000000000000e+00 0.000000000000000000e+00 0.000000000000000000e+00 0.000000000000000000e+00 0.000000000000000000e+00 0.000000000000000000e+00
2.925000000000000000e+03 9.989216964055862036e+01 7.215916285937855335e-02 0.000000000000000000e+00 2.414395255788825689e-01 0.000000000000000000e+00 4.406403949286831767e-01 7.493655204894844254e-03 5.023239446355140655e-04 1.989244798111766410e-01 0.000000000000000000e+00 8.479772163615226745e-07 0.000000000000000000e+00 0.000000000000000000e+00 0.000000000000000000e+00 1.286996460041679204e-02 4.650314798289907902e-05 1.356400529389609489e-06 2.592178554620336306e-02 0.000000000000000000e+00 0.000000000000000000e+00 0.000000000000000000e+00 0.000000000000000000e+00 0.000000000000000000e+00 0.000000000000000000e+00
2.950000000000000000e+03 9.994493905825925140e+01 7.202848565489319843e-02 0.000000000000000000e+00 2.410022866343120573e-01 0.000000000000000000e+00 4.414558911243504080e-01 7.570019219848178604e-03 5.094802017466751190e-04 2.000289319742634131e-01 0.000000000000000000e+00 8.864424331252307243e-07 0.000000000000000000e+00 0.000000000000000000e+00 0.000000000000000000e+00 1.256751569914094785e-02 4.612491028954135723e-05 1.389444570234799320e-06 2.478898869415234810e-02 0.000000000000000000e+00 0.000000000000000000e+00 0.000000000000000000e+00 0.000000000000000000e+00 0.000000000000000000e+00 0.000000000000000000e+00
2.975000000000000000e+03 9.999956340972951807e+01 7.190042041156101404e-02 0.000000000000000000e+00 2.405737925201836269e-01 0.000000000000000000e+00 4.422418791342392907e-01 7.644748214739682454e-03 5.165421992919908304e-04 2.010848920675792073e-01 0.000000000000000000e+00 9.271657474956476166e-07 0.000000000000000000e+00 0.000000000000000000e+00 0.000000000000000000e+00 1.227184558247963568e-02 4.578188547763093716e-05 1.422215289781974037e-06 2.371774860341058916e-02 0.000000000000000000e+00 0.000000000000000000e+00 0.000000000000000000e+00 0.000000000000000000e+00 0.000000000000000000e+00 0.000000000000000000e+00
3.000000000000000000e+03 1.000570065506617539e+02 7.177397676619443057e-02 0.000000000000000000e+00 2.401507184726617283e-01 0.000000000000000000e+00 4.430023420174912241e-01 7.717861538921993309e-03 5.235099576947271427e-04 2.020960291881483961e-01 0.000000000000000000e+00 9.703269144204761114e-07 0.000000000000000000e+00 0.000000000000000000e+00 0.000000000000000000e+00 1.198309417132759763e-02 4.547857444365419825e-05 1.454722560081532759e-06 2.270456426364174385e-02 0.000000000000000000e+00 0.000000000000000000e+00 0.000000000000000000e+00 0.000000000000000000e+00 0.000000000000000000e+00 0.000000000000000000e+00
3.025000000000000000e+03 1.001180909543728745e+02 7.164824895327971677e-02 0.000000000000000000e+00 2.397300419437449481e-01 0.000000000000000000e+00 4.437409582414268971e-01 7.789377874691580557e-03 5.303835239868741206e-04 2.030657804972385017e-01 0.000000000000000000e+00 1.016127517953567537e-06 0.000000000000000000e+00 0.000000000000000000e+00 0.000000000000000000e+00 1.170136263589102374e-02 4.521956266772841112e-05 1.486979282095932974e-06 2.174612366027266208e-02 0.000000000000000000e+00 0.000000000000000000e+00 0.000000000000000000e+00 0.000000000000000000e+00 0.000000000000000000e+00 0.000000000000000000e+00
3.050000000000000000e+03 1.001835626202964278e+02 7.152238084021951547e-02 0.000000000000000000e+00 2.393088975685117303e-01 0.000000000000000000e+00 4.444612147786133893e-01 7.859314547544269530e-03 5.371629459222281239e-04 2.039974098194748675e-01 0.000000000000000000e+00 1.064792379949210897e-06 0.000000000000000000e+00 0.000000000000000000e+00 0.000000000000000000e+00 1.142672257438902272e-02 4.500960502380856184e-05 1.519002079487848845e-06 2.083930352584189780e-02 0.000000000000000000e+00 0.000000000000000000e+00 0.000000000000000000e+00 0.000000000000000000e+00 0.000000000000000000e+00 0.000000000000000000e+00
3.075000000000000000e+03 1.002541312155969706e+02 7.139553858669368813e-02 0.000000000000000000e+00 2.388844902310001961e-01 0.000000000000000000e+00 4.451664797950506403e-01 7.927687583539693231e-03 5.438482537139416621e-04 2.048940443660177968e-01 0.000000000000000000e+00 1.116570971345659614e-06 0.000000000000000000e+00 0.000000000000000000e+00 0.000000000000000000e+00 1.115922328737096840e-02 4.485368595187043823e-05 1.550811843043488276e-06 1.998116682784691761e-02 0.000000000000000000e+00 0.000000000000000000e+00 0.000000000000000000e+00 0.000000000000000000e+00 0.000000000000000000e+00 0.000000000000000000e+00
3.100000000000000000e+03 1.003305004124578801e+02 7.126689298066757328e-02 0.000000000000000000e+00 2.384540517622062705e-01 0.000000000000000000e+00 4.458600508099574977e-01 7.994511123029056712e-03 5.504394072776294883e-04 2.057586892615057839e-01 0.000000000000000000e+00 1.171738596155757896e-06 0.000000000000000000e+00 0.000000000000000000e+00 0.000000000000000000e+00 1.089889732305348441e-02 4.475706886454673369e-05 1.582434296927986833e-06 1.916895609054490579e-02 0.000000000000000000e+00 0.000000000000000000e+00 0.000000000000000000e+00 0.000000000000000000e+00 0.000000000000000000e+00 0.000000000000000000e+00
3.125000000000000000e+03 1.004133786366694778e+02 7.113561294195001883e-02 0.000000000000000000e+00 2.380147971271018292e-01 0.000000000000000000e+00 4.465451817845101368e-01 8.059797939880063156e-03 5.569363644677486876e-04 2.065942520138105420e-01 0.000000000000000000e+00 1.230597574677703447e-06 0.000000000000000000e+00 0.000000000000000000e+00 0.000000000000000000e+00 1.064576504594143616e-02 4.472534427552710265e-05 1.613900574653512055e-06 1.840008693991322317e-02 0.000000000000000000e+00 0.000000000000000000e+00 0.000000000000000000e+00 0.000000000000000000e+00 0.000000000000000000e+00 0.000000000000000000e+00
3.150000000000000000e+03 1.005034942733543772e+02 7.100085776471973253e-02 0.000000000000000000e+00 2.375639155365937560e-01 0.000000000000000000e+00 4.472251036214476838e-01 8.123558914446512777e-03 5.633390155109619215e-04 2.074035465327248307e-01 0.000000000000000000e+00 1.293478183784791205e-06 0.000000000000000000e+00 0.000000000000000000e+00 0.000000000000000000e+00 1.039983781350096829e-02 4.476446286299679169e-05 1.645247752720726296e-06 1.767213761225617727e-02 0.000000000000000000e+00 0.000000000000000000e+00 0.000000000000000000e+00 0.000000000000000000e+00 0.000000000000000000e+00 0.000000000000000000e+00
3.175000000000000000e+03 1.006016048184130653e+02 7.086177403520042828e-02 0.000000000000000000e+00 2.370985509896792465e-01 0.000000000000000000e+00 4.479030318201219774e-01 8.185803516961229209e-03 5.696472329404602720e-04 2.081893105809070332e-01 0.000000000000000000e+00 1.360739588517444574e-06 0.000000000000000000e+00 0.000000000000000000e+00 0.000000000000000000e+00 1.016112201768082889e-02 4.488077516128473332e-05 1.676519476930399080e-06 1.698284177228215341e-02 0.000000000000000000e+00 0.000000000000000000e+00 0.000000000000000000e+00 0.000000000000000000e+00 0.000000000000000000e+00 0.000000000000000000e+00
3.200000000000000000e+03 1.007084963597131946e+02 7.071749582522739164e-02 0.000000000000000000e+00 2.366158083079777097e-01 0.000000000000000000e+00 4.485821709646617417e-01 8.246540209880404843e-03 5.758608995680708368e-04 2.089542017258101958e-01 0.000000000000000000e+00 1.432770576677489201e-06 0.000000000000000000e+00 0.000000000000000000e+00 0.000000000000000000e+00 9.929620943518364246e-03 4.508106212193132835e-05 1.707766657251865718e-06 1.633007952400015311e-02 0.000000000000000000e+00 0.000000000000000000e+00 0.000000000000000000e+00 0.000000000000000000e+00 0.000000000000000000e+00 0.000000000000000000e+00
3.225000000000000000e+03 1.008249886050774364e+02 7.056714774061777218e-02 0.000000000000000000e+00 2.361127540557732829e-01 0.000000000000000000e+00 4.492657118636780855e-01 8.305776681113805071e-03 5.819798881870048932e-04 2.097008033942603655e-01 0.000000000000000000e+00 1.509990017112872903e-06 0.000000000000000000e+00 0.000000000000000000e+00 0.000000000000000000e+00 9.705337665463857275e-03 4.537256258893320176e-05 1.739047989562617610e-06 1.571186711031007099e-02 0.000000000000000000e+00 0.000000000000000000e+00 0.000000000000000000e+00 0.000000000000000000e+00 0.000000000000000000e+00 0.000000000000000000e+00
3.250000000000000000e+03 1.009519375211318675e+02 7.040984403650725476e-02 0.000000000000000000e+00 2.355864269194228033e-01 0.000000000000000000e+00 4.499568253761772607e-01 8.363520022363280654e-03 5.880041609058158422e-04 2.104316256415796060e-01 0.000000000000000000e+00 1.592847364362655349e-06 0.000000000000000000e+00 0.000000000000000000e+00 0.000000000000000000e+00 9.488277101364900670e-03 4.576300796618674695e-05 1.770430909074586777e-06 1.512635045543926117e-02 0.000000000000000000e+00 0.000000000000000000e+00 0.000000000000000000e+00 0.000000000000000000e+00 0.000000000000000000e+00 0.000000000000000000e+00
3.275000000000000000e+03 1.010902304777647203e+02 7.024469679667241784e-02 0.000000000000000000e+00 2.350338542858124158e-01 0.000000000000000000e+00 4.506586546943348592e-01 8.419777211716088922e-03 5.939337349421666343e-04 2.111490962915319736e-01 0.000000000000000000e+00 1.681822609961202926e-06 0.000000000000000000e+00 0.000000000000000000e+00 0.000000000000000000e+00 9.278447505871008708e-03 4.626063859113077473e-05 1.801992141610560025e-06 1.457179502577657555e-02 0.000000000000000000e+00 0.000000000000000000e+00 0.000000000000000000e+00 0.000000000000000000e+00 0.000000000000000000e+00 0.000000000000000000e+00
3.300000000000000000e+03 1.012407944032936484e+02 7.007081555653829619e-02 0.000000000000000000e+00 2.344520581324023578e-01 0.000000000000000000e+00 4.513743017057582629e-01 8.474556028121252998e-03 5.997687646760476148e-04 2.118555716516284937e-01 0.000000000000000000e+00 1.777426433178022376e-06 0.000000000000000000e+00 0.000000000000000000e+00 0.000000000000000000e+00 9.075862985227271806e-03 4.687424204622977158e-05 1.833818747095882277e-06 1.404657968842171721e-02 0.000000000000000000e+00 0.000000000000000000e+00 0.000000000000000000e+00 0.000000000000000000e+00 0.000000000000000000e+00 0.000000000000000000e+00
3.325000000000000000e+03 1.014045874119728552e+02 6.988731612417999062e-02 0.000000000000000000e+00 2.338380845353073556e-01 0.000000000000000000e+00 4.521068147860529685e-01 8.527865137237590140e-03 6.055095847207778246e-04 2.125533179449902721e-01 0.000000000000000000e+00 1.880199683060787137e-06 0.000000000000000000e+00 0.000000000000000000e+00 0.000000000000000000e+00 8.880544113877817530e-03 4.761317008152843029e-05 1.866008882146825153e-06 1.354918839498645694e-02 0.000000000000000000e+00 0.000000000000000000e+00 0.000000000000000000e+00 0.000000000000000000e+00 0.000000000000000000e+00 0.000000000000000000e+00
3.350000000000000000e+03 1.015826002086637914e+02 6.969333006497967220e-02 0.000000000000000000e+00 2.331890208020274968e-01 0.000000000000000000e+00 4.528591650852117345e-01 8.579715036359422328e-03 6.111567625295302557e-04 2.132445125898419780e-01 0.000000000000000000e+00 1.990712916785327556e-06 0.000000000000000000e+00 0.000000000000000000e+00 0.000000000000000000e+00 8.692520101670769481e-03 4.848736402431603316e-05 1.898672733491561603e-06 1.307820280770479598e-02 0.000000000000000000e+00 0.000000000000000000e+00 0.000000000000000000e+00 0.000000000000000000e+00 0.000000000000000000e+00 0.000000000000000000e+00
3.375000000000000000e+03 1.017758575457987291e+02 6.948800252936168653e-02 0.000000000000000000e+00 2.325020086283161591e-01 0.000000000000000000e+00 4.536342435684245777e-01 8.630118424329081411e-03 6.167111276580950711e-04 2.139312416709547859e-01 0.000000000000000000e+00 2.109565338622030860e-06 0.000000000000000000e+00 0.000000000000000000e+00 0.000000000000000000e+00 8.511829179230927245e-03 4.950737694506402153e-05 1.931933618491559329e-06 1.263229599582285992e-02 0.000000000000000000e+00 0.000000000000000000e+00 0.000000000000000000e+00 0.000000000000000000e+00 0.000000000000000000e+00 0.000000000000000000e+00
3.400000000000000000e+03 1.019854202141275437e+02 6.927050288702035763e-02 0.000000000000000000e+00 2.317742702815704381e-01 0.000000000000000000e+00 4.544348356515389153e-01 8.679091260077008430e-03 6.221738927899570426e-04 2.146154903463914354e-01 0.000000000000000000e+00 2.237383824895457969e-06 0.000000000000000000e+00 0.000000000000000000e+00 0.000000000000000000e+00 8.338521095589149223e-03 5.068440205459110159e-05 1.965928999476588538e-06 1.221022687014378105e-02 0.000000000000000000e+00 0.000000000000000000e+00 0.000000000000000000e+00 0.000000000000000000e+00 0.000000000000000000e+00 0.000000000000000000e+00
3.425000000000000000e+03 1.022123833832963413e+02 6.904003143602081838e-02 0.000000000000000000e+00 2.310031268348610445e-01 0.000000000000000000e+00 4.552636101299679106e-01 8.726652923714163859e-03 6.275466445699834188e-04 2.152991360356242556e-01 0.000000000000000000e+00 2.374821380484529695e-06 0.000000000000000000e+00 0.000000000000000000e+00 0.000000000000000000e+00 8.172656722503531326e-03 5.203028842104706365e-05 2.000811570588198537e-06 1.181083335136614773e-02 0.000000000000000000e+00 0.000000000000000000e+00 0.000000000000000000e+00 0.000000000000000000e+00 0.000000000000000000e+00 0.000000000000000000e+00
3.450000000000000000e+03 1.024578810960377950e+02 6.879581942122066363e-02 0.000000000000000000e+00 2.301860109224642126e-01 0.000000000000000000e+00 4.561231081402475351e-01 8.772827627453355301e-03 6.328314624680728834e-04 2.159839473711914204e-01 0.000000000000000000e+00 2.522555276520038598e-06 0.000000000000000000e+00 0.000000000000000000e+00 0.000000000000000000e+00 8.014310315797579243e-03 5.355756996985148338e-05 2.036750540030580719e-06 1.143302786337082287e-02 0.000000000000000000e+00 0.000000000000000000e+00 0.000000000000000000e+00 0.000000000000000000e+00 0.000000000000000000e+00 0.000000000000000000e+00
3.475000000000000000e+03 1.027230944750540402e+02 6.853713460053806328e-02 0.000000000000000000e+00 2.293204715326923882e-01 0.000000000000000000e+00 4.570157357663365838e-01 8.817644577689914484e-03 6.380309613488757648e-04 2.166715865293165066e-01 0.000000000000000000e+00 2.681285026963867755e-06 0.000000000000000000e+00 0.000000000000000000e+00 0.000000000000000000e+00 7.863569798671589742e-03 5.527948186922442399e-05 2.073932829218530829e-06 1.107579153368065672e-02 0.000000000000000000e+00 0.000000000000000000e+00 0.000000000000000000e+00 0.000000000000000000e+00 0.000000000000000000e+00 0.000000000000000000e+00
3.500000000000000000e+03 1.030092579506663384e+02 6.826328328262010192e-02 0.000000000000000000e+00 2.284041830063121281e-01 0.000000000000000000e+00 4.579437610671772130e-01 8.861138573106512942e-03 6.431483624891062931e-04 2.173636031466139595e-01 0.000000000000000000e+00 2.851729822232547518e-06 0.000000000000000000e+00 0.000000000000000000e+00 0.000000000000000000e+00 7.720538120147287832e-03 5.720999200120345854e-05 2.112564341302495830e-06 1.073817015536886188e-02 0.000000000000000000e+00 0.000000000000000000e+00 0.000000000000000000e+00 0.000000000000000000e+00 0.000000000000000000e+00 0.000000000000000000e+00
3.525000000000000000e+03 1.033176712590884847e+02 6.797360593710044530e-02 0.000000000000000000e+00 2.274349420112613818e-01 0.000000000000000000e+00 4.589093202132192295e-01 8.903351327324971268e-03 6.481875366894177806e-04 2.180614391932535201e-01 0.000000000000000000e+00 3.034625626905824788e-06 0.000000000000000000e+00 0.000000000000000000e+00 0.000000000000000000e+00 7.585333184584089859e-03 5.936381258823882371e-05 2.152871366932813522e-06 1.041926928698505388e-02 0.000000000000000000e+00 0.000000000000000000e+00 0.000000000000000000e+00 0.000000000000000000e+00 0.000000000000000000e+00 0.000000000000000000e+00
3.550000000000000000e+03 1.036497174723572101e+02 6.766747502687588123e-02 0.000000000000000000e+00 2.264106503398207182e-01 0.000000000000000000e+00 4.599144266647385293e-01 8.944331019933079302e-03 6.531531028417426757e-04 2.187664402963742649e-01 0.000000000000000000e+00 3.230722005485598411e-06 0.000000000000000000e+00 0.000000000000000000e+00 0.000000000000000000e+00 7.458089858175134465e-03 6.175643666810625191e-05 2.195102028175886928e-06 1.011825143053872444e-02 0.000000000000000000e+00 0.000000000000000000e+00 0.000000000000000000e+00 0.000000000000000000e+00 0.000000000000000000e+00 0.000000000000000000e+00
3.575000000000000000e+03 1.040068819920953445e+02 6.734429021146970396e-02 0.000000000000000000e+00 2.253292947496216836e-01 0.000000000000000000e+00 4.609609919629465979e-01 8.984133124854928529e-03 6.580504186852061642e-04 2.194798639491199743e-01 0.000000000000000000e+00 3.440778286255193616e-06 0.000000000000000000e+00 0.000000000000000000e+00 0.000000000000000000e+00 7.338959718058222191e-03 6.440415112334392988e-05 2.239527572275819733e-06 9.834331408261938121e-03 0.000000000000000000e+00 0.000000000000000000e+00 0.000000000000000000e+00 0.000000000000000000e+00 0.000000000000000000e+00 0.000000000000000000e+00
3.600000000000000000e+03 1.043907772936244385e+02 6.700346574445117942e-02 0.000000000000000000e+00 2.241889219281258672e-01 0.000000000000000000e+00 4.620508533423405284e-01 9.022821014192277875e-03 6.628856406265570041e-04 2.202028918828069781e-01 0.000000000000000000e+00 3.665559031872860081e-06 0.000000000000000000e+00 0.000000000000000000e+00 0.000000000000000000e+00 7.228111628831864789e-03 6.732406461926360196e-05 2.286443971440576336e-06 9.566772751002148786e-03 0.000000000000000000e+00 0.000000000000000000e+00 0.000000000000000000e+00 0.000000000000000000e+00 0.000000000000000000e+00 0.000000000000000000e+00
3.625000000000000000e+03 1.048031784495103551e+02 6.664442233157187589e-02 0.000000000000000000e+00 2.229875862168579082e-01 0.000000000000000000e+00 4.631858092767563995e-01 9.060465256245849378e-03 6.676657680428136048e-04 2.209366577978093549e-01 0.000000000000000000e+00 3.905829243697307416e-06 0.000000000000000000e+00 0.000000000000000000e+00 0.000000000000000000e+00 7.125731967297680922e-03 7.053412705811397507e-05 2.336173232225542492e-06 9.314885255884182078e-03 0.000000000000000000e+00 0.000000000000000000e+00 0.000000000000000000e+00 0.000000000000000000e+00 0.000000000000000000e+00 0.000000000000000000e+00
3.650000000000000000e+03 1.052460597364467674e+02 6.626656713415107758e-02 0.000000000000000000e+00 2.217233102917668397e-01 0.000000000000000000e+00 4.643676659541142726e-01 9.097143944750755301e-03 6.723986232771497762e-04 2.216822627170783599e-01 0.000000000000000000e+00 4.162348292289197586e-06 0.000000000000000000e+00 0.000000000000000000e+00 0.000000000000000000e+00 7.032025164621074492e-03 7.405315232513875329e-05 2.389064687075782385e-06 9.078021604935983604e-03 0.000000000000000000e+00 0.000000000000000000e+00 0.000000000000000000e+00 0.000000000000000000e+00 0.000000000000000000e+00 0.000000000000000000e+00
3.675000000000000000e+03 1.057216380824914950e+02 6.586928085587112625e-02 0.000000000000000000e+00 2.203940175687502667e-01 0.000000000000000000e+00 4.655982900529289092e-01 9.132942330520199548e-03 6.770928352813035574e-04 2.224408075153326836e-01 0.000000000000000000e+00 4.435863416706547048e-06 0.000000000000000000e+00 0.000000000000000000e+00 0.000000000000000000e+00 6.947212631878943619e-03 7.790082844628434778e-05 2.445496366464259474e-06 8.855574021207230154e-03 0.000000000000000000e+00 0.000000000000000000e+00 0.000000000000000000e+00 0.000000000000000000e+00 0.000000000000000000e+00 0.000000000000000000e+00
3.700000000000000000e+03 1.062324330147846894e+02 6.545189187777013251e-02 0.000000000000000000e+00 2.189974644020547812e-01 0.000000000000000000e+00 4.668796705782359280e-01 9.167951921124968540e-03 6.817578071169442004e-04 2.232134287641857617e-01 0.000000000000000000e+00 4.727101470937636312e-06 0.000000000000000000e+00 0.000000000000000000e+00 0.000000000000000000e+00 6.871532462624491307e-03 8.209773584513052559e-05 2.505875843139317171e-06 8.646971473727685376e-03 0.000000000000000000e+00 0.000000000000000000e+00 0.000000000000000000e+00 0.000000000000000000e+00 0.000000000000000000e+00 0.000000000000000000e+00
3.725000000000000000e+03 1.067813255169579634e+02 6.501365724875146634e-02 0.000000000000000000e+00 2.175311623382130133e-01 0.000000000000000000e+00 4.682139870278940741e-01 9.202269467942626388e-03 6.864036558505774406e-04 2.240013323532270006e-01 0.000000000000000000e+00 5.036759893380328686e-06 0.000000000000000000e+00 0.000000000000000000e+00 0.000000000000000000e+00 6.805238305663273250e-03 8.666535299557398531e-05 2.570641238260757279e-06 8.451676848330759786e-03 0.000000000000000000e+00 0.000000000000000000e+00 0.000000000000000000e+00 0.000000000000000000e+00 0.000000000000000000e+00 0.000000000000000000e+00
3.750000000000000000e+03 1.073716298213920766e+02 6.455373836914764241e-02 0.000000000000000000e+00 2.159923039850986104e-01 0.000000000000000000e+00 4.696036826560277544e-01 9.235995514264072614e-03 6.910410889134833328e-04 2.248058260863128044e-01 0.000000000000000000e+00 5.365495695838123719e-06 0.000000000000000000e+00 0.000000000000000000e+00 0.000000000000000000e+00 6.748597185736034468e-03 9.162604467658231884e-05 2.640261361929417774e-06 8.269183312765274879e-03 0.000000000000000000e+00 0.000000000000000000e+00 0.000000000000000000e+00 0.000000000000000000e+00 0.000000000000000000e+00 0.000000000000000000e+00
3.775000000000000000e+03 1.080071809528406988e+02 6.407116924363119581e-02 0.000000000000000000e+00 2.143776618064302808e-01 0.000000000000000000e+00 4.710515441280036519e-01 9.269232569802972679e-03 6.956812572586878454e-04 2.256283799138829038e-01 0.000000000000000000e+00 5.713912689049858282e-06 0.000000000000000000e+00 0.000000000000000000e+00 0.000000000000000000e+00 6.701887222717965720e-03 9.700305254548879962e-05 2.715235762769839644e-06 8.099011657275036191e-03 0.000000000000000000e+00 0.000000000000000000e+00 0.000000000000000000e+00 0.000000000000000000e+00 0.000000000000000000e+00 0.000000000000000000e+00
3.800000000000000000e+03 1.086924247268996453e+02 6.356483847739753668e-02 0.000000000000000000e+00 2.126835150407427322e-01 0.000000000000000000e+00 4.725607774899789892e-01 9.302082481855386900e-03 7.003355586542951965e-04 2.264706519624132275e-01 0.000000000000000000e+00 6.082546513323016284e-06 0.000000000000000000e+00 0.000000000000000000e+00 0.000000000000000000e+00 6.665393793962927013e-03 1.028204615612744521e-04 2.796093788113448756e-06 7.940706093132359963e-03 0.000000000000000000e+00 0.000000000000000000e+00 0.000000000000000000e+00 0.000000000000000000e+00 0.000000000000000000e+00 0.000000000000000000e+00
