# T Ptot H He C N O Na K Si Ar Ti V S Cl Mg Al Ca Fe Cr Li Cs Rb F P
1.500000000000000000e+03 2.112101547655149858e+01 9.320559393832462680e-01 0.000000000000000000e+00 6.766903594310595682e-02 0.000000000000000000e+00 1.342262070312206840e-04 2.104531811189369860e-05 8.996972404908878694e-07 4.400262321118336477e-06 0.000000000000000000e+00 1.511872609111617838e-13 0.000000000000000000e+00 0.000000000000000000e+00 0.000000000000000000e+00 2.749096714985634865e-06 9.290620663306095814e-12 1.609767130625917346e-12 1.117040811763581564e-04 0.000000000000000000e+00 0.000000000000000000e+00 0.000000000000000000e+00 0.000000000000000000e+00 0.000000000000000000e+00 0.000000000000000000e+00
1.525000000000000000e+03 2.114237449480312492e+01 9.319266522911916484e-01 0.000000000000000000e+00 6.765965003065654848e-02 0.000000000000000000e+00 2.031149307005330334e-04 2.929248289715485670e-05 1.272683641462465759e-06 7.814792046253191135e-06 0.000000000000000000e+00 3.300837984609679325e-13 0.000000000000000000e+00 0.000000000000000000e+00 0.000000000000000000e+00 4.621271356836319652e-06 2.089993039835744106e-11 3.214459465175365957e-12 1.675814930651635750e-04 0.000000000000000000e+00 0.000000000000000000e+00 0.000000000000000000e+00 0.000000000000000000e+00 0.000000000000000000e+00 0.000000000000000000e+00
1.550000000000000000e+03 2.117279417373115891e+01 9.317401093452301053e-01 0.000000000000000000e+00 6.764610990712083272e-02 0.000000000000000000e+00 3.031708654037127337e-04 4.027404147050348487e-05 1.777343039655101282e-06 1.358673274960560058e-05 0.000000000000000000e+00 7.012579487539981238e-13 0.000000000000000000e+00 0.000000000000000000e+00 0.000000000000000000e+00 7.611202302814420651e-06 4.565501098178145962e-11 6.254454915262730214e-12 2.473605100720187105e-04 0.000000000000000000e+00 0.000000000000000000e+00 0.000000000000000000e+00 0.000000000000000000e+00 0.000000000000000000e+00 0.000000000000000000e+00
1.575000000000000000e+03 2.121554480464828885e+01 9.314749499785465181e-01 0.000000000000000000e+00 6.762685575552970785e-02 0.000000000000000000e+00 4.463726334153784721e-04 5.470774306448392268e-05 2.451018580713887386e-06 2.313049047659327336e-05 0.000000000000000000e+00 1.450099906518827840e-12 0.000000000000000000e+00 0.000000000000000000e+00 0.000000000000000000e+00 1.228478234655263967e-05 9.687897114943834576e-11 1.186385580959796032e-11 3.592474878471308948e-04 0.000000000000000000e+00 0.000000000000000000e+00 0.000000000000000000e+00 0.000000000000000000e+00 0.000000000000000000e+00 0.000000000000000000e+00
1.600000000000000000e+03 2.127466162014479423e+01 9.311038001488376459e-01 0.000000000000000000e+00 6.759991248378986739e-02 0.000000000000000000e+00 6.482329450505387985e-04 7.343008050577909255e-05 3.338138589778701498e-06 3.856285573924853321e-05 0.000000000000000000e+00 2.918715115085260424e-12 0.000000000000000000e+00 0.000000000000000000e+00 0.000000000000000000e+00 1.943280105423871878e-05 1.997161039619095569e-10 2.194608567559182730e-11 5.132903218519758570e-04 0.000000000000000000e+00 0.000000000000000000e+00 0.000000000000000000e+00 0.000000000000000000e+00 0.000000000000000000e+00 0.000000000000000000e+00
1.625000000000000000e+03 2.135485566520260292e+01 9.305926126806857157e-01 0.000000000000000000e+00 6.756279742245833997e-02 0.000000000000000000e+00 9.283035939568862844e-04 9.738981612370462622e-05 4.490218910033898258e-06 6.295773123919297680e-05 0.000000000000000000e+00 5.716937512101457930e-12 0.000000000000000000e+00 0.000000000000000000e+00 0.000000000000000000e+00 3.012504449401640896e-05 3.999337117586047149e-10 3.959634808670979847e-11 7.213230468852806568e-04 0.000000000000000000e+00 0.000000000000000000e+00 0.000000000000000000e+00 0.000000000000000000e+00 0.000000000000000000e+00 0.000000000000000000e+00
1.650000000000000000e+03 2.146124179008918276e+01 9.299002797362747597e-01 0.000000000000000000e+00 6.751253458708536548e-02 0.000000000000000000e+00 1.310512985265786931e-03 1.276316351326969086e-04 5.965358164465623281e-06 1.006395998014138958e-04 0.000000000000000000e+00 1.089300967044328058e-11 0.000000000000000000e+00 0.000000000000000000e+00 0.000000000000000000e+00 4.575922570978225836e-05 7.777537097821640653e-10 6.968663287976404611e-11 9.966760142323196920e-04 0.000000000000000000e+00 0.000000000000000000e+00 0.000000000000000000e+00 0.000000000000000000e+00 0.000000000000000000e+00 0.000000000000000000e+00
1.675000000000000000e+03 2.159889453758654199e+01 9.289787712397800101e-01 0.000000000000000000e+00 6.744562923601822579e-02 0.000000000000000000e+00 1.823273163525541236e-03 1.652707259194415230e-04 7.827227024529614108e-06 1.574973578251201607e-04 0.000000000000000000e+00 2.018199307642950974e-11 0.000000000000000000e+00 0.000000000000000000e+00 0.000000000000000000e+00 6.809626839530239536e-05 1.468440615763885887e-09 1.196366290952800905e-10 1.353633173252491483e-03 0.000000000000000000e+00 0.000000000000000000e+00 0.000000000000000000e+00 0.000000000000000000e+00 0.000000000000000000e+00 0.000000000000000000e+00
1.700000000000000000e+03 2.177232051535084878e+01 9.277736458840321054e-01 0.000000000000000000e+00 6.735813467631038276e-02 0.000000000000000000e+00 2.499354665253594471e-03 2.114617045082000421e-04 1.014368410838451349e-05 2.412953799817728394e-04 0.000000000000000000e+00 3.634790698654522500e-11 0.000000000000000000e+00 0.000000000000000000e+00 0.000000000000000000e+00 9.927482403077414279e-05 2.691337717370515370e-09 2.003827420097053909e-10 1.806686253706397309e-03 0.000000000000000000e+00 0.000000000000000000e+00 0.000000000000000000e+00 0.000000000000000000e+00 0.000000000000000000e+00 0.000000000000000000e+00
1.725000000000000000e+03 2.198500164461977846e+01 9.262249155526837141e-01 0.000000000000000000e+00 6.724569495972362865e-02 0.000000000000000000e+00 3.375583707266465155e-03 2.673659844555438168e-04 1.298519099599232731e-05 3.619585870216050511e-04 0.000000000000000000e+00 6.363063220033548708e-11 0.000000000000000000e+00 0.000000000000000000e+00 0.000000000000000000e+00 1.418012156398953645e-04 4.788764661873593857e-09 3.275444677470335457e-10 2.369689622273535561e-03 0.000000000000000000e+00 0.000000000000000000e+00 0.000000000000000000e+00 0.000000000000000000e+00 0.000000000000000000e+00 0.000000000000000000e+00
1.750000000000000000e+03 2.223916720191117946e+01 9.242680616245175784e-01 0.000000000000000000e+00 6.710362245762693800e-02 0.000000000000000000e+00 4.492422733526386588e-03 3.341197911576605610e-04 1.642314938489223479e-05 5.318096988506030957e-04 0.000000000000000000e+00 1.083009974171796277e-10 0.000000000000000000e+00 0.000000000000000000e+00 0.000000000000000000e+00 1.985136524523462888e-04 8.275623720871834753e-09 5.227722609976831975e-10 3.055017985786656447e-03 0.000000000000000000e+00 0.000000000000000000e+00 0.000000000000000000e+00 0.000000000000000000e+00 0.000000000000000000e+00 0.000000000000000000e+00
1.775000000000000000e+03 2.253585173946098763e+01 9.218352130524969379e-01 0.000000000000000000e+00 6.692699457996550971e-02 0.000000000000000000e+00 5.893422350407739006e-03 4.128018415385724632e-04 2.052811270190591723e-05 7.657316395276999666e-04 0.000000000000000000e+00 1.793158719846571722e-10 0.000000000000000000e+00 0.000000000000000000e+00 0.000000000000000000e+00 2.725194684864168534e-04 1.389955140596336473e-08 8.152369435498026742e-10 3.872774060770912442e-03 0.000000000000000000e+00 0.000000000000000000e+00 0.000000000000000000e+00 0.000000000000000000e+00 0.000000000000000000e+00 0.000000000000000000e+00
1.800000000000000000e+03 2.287517559828065572e+01 9.188566827483617416e-01 0.000000000000000000e+00 6.671074677775382100e-02 0.000000000000000000e+00 7.624439940287325648e-03 5.043971813192793226e-04 2.536770327561668355e-05 1.081215385550107636e-03 0.000000000000000000e+00 2.890469980214103667e-10 0.000000000000000000e+00 0.000000000000000000e+00 0.000000000000000000e+00 3.671011745818615482e-04 2.270964827740701237e-08 1.243180359424928728e-09 4.830024846994603396e-03 0.000000000000000000e+00 0.000000000000000000e+00 0.000000000000000000e+00 0.000000000000000000e+00 0.000000000000000000e+00 0.000000000000000000e+00
1.825000000000000000e+03 2.325669699583126260e+01 9.152632544068076692e-01 0.000000000000000000e+00 6.644985892061193444e-02 0.000000000000000000e+00 9.732410896360821004e-03 6.097556880560565939e-04 3.078926022673331587e-05 1.498244960158936221e-03 0.000000000000000000e+00 4.540340042430564693e-10 0.000000000000000000e+00 0.000000000000000000e+00 0.000000000000000000e+00 4.855873955702284805e-04 3.612925961466788640e-08 1.855400121829552434e-09 5.930060033513888731e-03 0.000000000000000000e+00 0.000000000000000000e+00 0.000000000000000000e+00 0.000000000000000000e+00 0.000000000000000000e+00 0.000000000000000000e+00
1.850000000000000000e+03 2.367977031806046639e+01 9.109885514540142504e-01 0.000000000000000000e+00 6.613950498978682369e-02 0.000000000000000000e+00 1.226369684551992072e-02 7.295306018709544864e-04 3.722462959879368105e-05 2.038885598616971793e-03 0.000000000000000000e+00 6.956460296337541699e-10 0.000000000000000000e+00 0.000000000000000000e+00 0.000000000000000000e+00 6.311610276340671099e-04 5.602141298177484054e-08 2.712378987233632522e-09 7.171385423520266339e-03 0.000000000000000000e+00 0.000000000000000000e+00 0.000000000000000000e+00 0.000000000000000000e+00 0.000000000000000000e+00 0.000000000000000000e+00
1.875000000000000000e+03 2.414363934572935122e+01 9.059742290637929907e-01 0.000000000000000000e+00 6.577545510048367350e-02 0.000000000000000000e+00 1.526125962831128072e-02 8.641273174444586477e-04 4.454268018841455926e-05 2.726625792230751803e-03 0.000000000000000000e+00 1.040565731330565365e-09 0.000000000000000000e+00 0.000000000000000000e+00 0.000000000000000000e+00 8.066428010683984566e-04 8.473664541998968884e-08 3.886914838715598430e-09 8.547027952354046762e-03 0.000000000000000000e+00 0.000000000000000000e+00 0.000000000000000000e+00 0.000000000000000000e+00 0.000000000000000000e+00 0.000000000000000000e+00
1.900000000000000000e+03 2.464744724887771099e+01 9.001750288333794092e-01 0.000000000000000000e+00 6.535442149774609022e-02 0.000000000000000000e+00 1.876121263307735029e-02 1.013624725168360552e-03 5.276689494976803674e-05 3.585200739402399309e-03 0.000000000000000000e+00 1.520832161906787089e-09 0.000000000000000000e+00 0.000000000000000000e+00 0.000000000000000000e+00 1.014187858457323834e-03 1.251147478837198511e-07 5.463633392569351285e-09 1.004342471860581593e-02 0.000000000000000000e+00 0.000000000000000000e+00 0.000000000000000000e+00 0.000000000000000000e+00 0.000000000000000000e+00 0.000000000000000000e+00
1.925000000000000000e+03 2.518998733593044648e+01 8.935661862196889738e-01 0.000000000000000000e+00 6.487460946453257882e-02 0.000000000000000000e+00 2.278807209722102239e-02 1.177699841848554342e-03 6.189908666700973496e-05 4.636925232121417648e-03 0.000000000000000000e+00 2.173233262079036988e-09 0.000000000000000000e+00 0.000000000000000000e+00 0.000000000000000000e+00 1.254934350729289012e-03 1.804139096993369281e-07 7.537006541084067864e-09 1.163948358304163315e-02 0.000000000000000000e+00 0.000000000000000000e+00 0.000000000000000000e+00 0.000000000000000000e+00 0.000000000000000000e+00 0.000000000000000000e+00
1.950000000000000000e+03 2.576925602071261423e+01 8.861524244803501427e-01 0.000000000000000000e+00 6.433635573297900867e-02 0.000000000000000000e+00 2.734881478229875609e-02 1.355548255099757330e-03 7.191419907683397304e-05 5.900402466810806927e-03 0.000000000000000000e+00 3.037723008524164719e-09 0.000000000000000000e+00 0.000000000000000000e+00 0.000000000000000000e+00 1.528594212786825142e-03 2.541270589806322066e-07 1.020721228208334885e-08 1.330567849860367184e-02 0.000000000000000000e+00 0.000000000000000000e+00 0.000000000000000000e+00 0.000000000000000000e+00 0.000000000000000000e+00 0.000000000000000000e+00
1.975000000000000000e+03 2.638178882650609580e+01 8.779785214079638411e-01 0.000000000000000000e+00 6.374291744290219719e-02 0.000000000000000000e+00 3.242574111724281366e-02 1.545807579620266234e-03 8.275514988669976165e-05 7.387561636147457582e-03 0.000000000000000000e+00 4.154534636905961229e-09 0.000000000000000000e+00 0.000000000000000000e+00 0.000000000000000000e+00 1.833001087082220459e-03 3.496418026124255978e-07 1.357318125481458909e-08 1.500332720963604149e-02 0.000000000000000000e+00 0.000000000000000000e+00 0.000000000000000000e+00 0.000000000000000000e+00 0.000000000000000000e+00 0.000000000000000000e+00
2.000000000000000000e+03 2.702182065580303316e+01 8.691411469472396512e-01 0.000000000000000000e+00 6.310130378005587848e-02 0.000000000000000000e+00 3.796835258252413692e-02 1.746490300413414045e-03 9.432794507926128933e-05 9.100045511074321067e-03 0.000000000000000000e+00 5.559701189449933029e-09 0.000000000000000000e+00 0.000000000000000000e+00 0.000000000000000000e+00 2.163642790242720562e-03 4.697035304479923617e-07 1.772220574827043818e-08 1.668419715793326499e-02 0.000000000000000000e+00 0.000000000000000000e+00 0.000000000000000000e+00 0.000000000000000000e+00 0.000000000000000000e+00 0.000000000000000000e+00
2.025000000000000000e+03 2.768030153736564714e+01 8.598007605262300013e-01 0.000000000000000000e+00 6.242317462959039859e-02 0.000000000000000000e+00 4.388491588125519732e-02 1.954935861424571091e-03 1.064978271317851765e-04 1.102511362451381698e-02 0.000000000000000000e+00 7.278876157671406598e-09 0.000000000000000000e+00 0.000000000000000000e+00 0.000000000000000000e+00 2.513233376774437738e-03 6.156642025360205987e-07 2.271578834559726924e-08 1.829072261421285650e-02 0.000000000000000000e+00 0.000000000000000000e+00 0.000000000000000000e+00 0.000000000000000000e+00 0.000000000000000000e+00 0.000000000000000000e+00
2.050000000000000000e+03 2.834398229080186837e+01 8.501904259052130985e-01 0.000000000000000000e+00 6.172544620305266128e-02 0.000000000000000000e+00 5.003577231648796697e-02 2.167811868822290978e-03 1.190879691374207119e-04 1.313167373625989502e-02 0.000000000000000000e+00 9.319930665027099324e-09 0.000000000000000000e+00 0.000000000000000000e+00 0.000000000000000000e+00 2.871456253540100902e-03 7.865636052425660143e-07 2.857246957708717991e-08 1.975750129148112072e-02 0.000000000000000000e+00 0.000000000000000000e+00 0.000000000000000000e+00 0.000000000000000000e+00 0.000000000000000000e+00 0.000000000000000000e+00
2.075000000000000000e+03 2.899480986831204277e+01 8.406178545846962891e-01 0.000000000000000000e+00 6.103045825055947865e-02 0.000000000000000000e+00 5.623073270736735074e-02 2.381180364270011392e-03 1.318818835889700098e-04 1.536731032430841901e-02 0.000000000000000000e+00 1.166547913097525977e-08 0.000000000000000000e+00 0.000000000000000000e+00 0.000000000000000000e+00 3.225023345156725722e-03 9.782081927496210632e-07 3.524953455550350825e-08 2.101453341684634407e-02 0.000000000000000000e+00 0.000000000000000000e+00 0.000000000000000000e+00 0.000000000000000000e+00 0.000000000000000000e+00 0.000000000000000000e+00
2.100000000000000000e+03 2.961044864934507359e+01 8.314494847879306816e-01 0.000000000000000000e+00 6.036481759707749278e-02 0.000000000000000000e+00 6.223779242883944324e-02 2.590724600108420834e-03 1.446350223115606937e-04 1.765877672760120254e-02 0.000000000000000000e+00 1.426865297777429104e-08 0.000000000000000000e+00 0.000000000000000000e+00 0.000000000000000000e+00 3.558469106793923833e-03 1.182649450816186266e-06 4.263023483733193223e-08 2.199406018099855573e-02 0.000000000000000000e+00 0.000000000000000000e+00 0.000000000000000000e+00 0.000000000000000000e+00 0.000000000000000000e+00 0.000000000000000000e+00
2.125000000000000000e+03 3.016670319773081133e+01 8.230674494595677793e-01 0.000000000000000000e+00 5.975626594214210330e-02 0.000000000000000000e+00 6.780940681786255808e-02 2.792190421081184194e-03 1.570990347875879389e-04 1.991859633183555578e-02 0.000000000000000000e+00 1.705659143093594338e-08 0.000000000000000000e+00 0.000000000000000000e+00 0.000000000000000000e+00 3.855989968786150465e-03 1.388657277103091391e-06 5.052619506273433509e-08 2.264154578387359701e-02 0.000000000000000000e+00 0.000000000000000000e+00 0.000000000000000000e+00 0.000000000000000000e+00 0.000000000000000000e+00 0.000000000000000000e+00
2.150000000000000000e+03 3.064235709997823776e+01 8.157951859764930314e-01 0.000000000000000000e+00 5.922828775374285037e-02 0.000000000000000000e+00 7.272962153349459002e-02 2.982070984230780503e-03 1.690609395980479778e-04 2.205990562560462484e-02 0.000000000000000000e+00 1.994585949204008591e-08 0.000000000000000000e+00 0.000000000000000000e+00 0.000000000000000000e+00 4.104434215329637488e-03 1.583723643764438211e-06 5.870620132474928632e-08 2.292977059580188909e-02 0.000000000000000000e+00 0.000000000000000000e+00 0.000000000000000000e+00 0.000000000000000000e+00 0.000000000000000000e+00 0.000000000000000000e+00
2.175000000000000000e+03 3.102518573294040749e+01 8.098127791399312159e-01 0.000000000000000000e+00 5.879395377555834967e-02 0.000000000000000000e+00 7.686933775707735506e-02 3.158351006950177627e-03 1.803874013491856357e-04 2.401657875443700962e-02 0.000000000000000000e+00 2.286762449892772025e-08 0.000000000000000000e+00 0.000000000000000000e+00 0.000000000000000000e+00 4.296573059941452555e-03 1.757303800703265105e-06 6.695095298185769579e-08 2.287019198237698683e-02 0.000000000000000000e+00 0.000000000000000000e+00 0.000000000000000000e+00 0.000000000000000000e+00 0.000000000000000000e+00 0.000000000000000000e+00
2.200000000000000000e+03 3.131572905609360902e+01 8.051103877565350952e-01 0.000000000000000000e+00 5.845254898456567205e-02 0.000000000000000000e+00 8.021890383040984618e-02 3.320896086744573594e-03 1.910503390036998766e-04 2.575867110265116222e-02 0.000000000000000000e+00 2.579018359534077644e-08 0.000000000000000000e+00 0.000000000000000000e+00 0.000000000000000000e+00 4.432788447270485412e-03 1.903684499165561138e-06 7.511005775818682485e-08 2.251274886807897932e-02 0.000000000000000000e+00 0.000000000000000000e+00 0.000000000000000000e+00 0.000000000000000000e+00 0.000000000000000000e+00 0.000000000000000000e+00
2.225000000000000000e+03 3.152587744793839875e+01 8.015168344609640005e-01 0.000000000000000000e+00 5.819165179326118292e-02 0.000000000000000000e+00 8.287314638874788975e-02 3.471166414028100354e-03 2.011143119179732881e-04 2.729300002476509751e-02 0.000000000000000000e+00 2.872434072249046587e-08 0.000000000000000000e+00 0.000000000000000000e+00 0.000000000000000000e+00 4.519906768602264049e-03 2.022627551495064510e-06 8.312660394225882938e-08 2.193104535921733614e-02 0.000000000000000000e+00 0.000000000000000000e+00 0.000000000000000000e+00 0.000000000000000000e+00 0.000000000000000000e+00 0.000000000000000000e+00
2.250000000000000000e+03 3.167330615428532781e+01 7.987830105678185300e-01 0.000000000000000000e+00 5.799316996663226448e-02 0.000000000000000000e+00 8.498028411613482713e-02 3.611440726875277032e-03 2.106944612201165818e-04 2.864999424171230796e-02 0.000000000000000000e+00 3.171078104056734421e-08 0.000000000000000000e+00 0.000000000000000000e+00 0.000000000000000000e+00 4.567620383619564600e-03 2.117698588621406270e-06 9.101948569090897431e-08 2.120154510713161827e-02 0.000000000000000000e+00 0.000000000000000000e+00 0.000000000000000000e+00 0.000000000000000000e+00 0.000000000000000000e+00 0.000000000000000000e+00
2.275000000000000000e+03 3.177575568017867269e+01 7.966627103806958043e-01 0.000000000000000000e+00 5.783923254204131198e-02 0.000000000000000000e+00 8.669050231557269559e-02 3.744032296742120895e-03 2.199121599585059724e-04 2.986717817925331475e-02 0.000000000000000000e+00 3.480145745186973538e-08 0.000000000000000000e+00 0.000000000000000000e+00 0.000000000000000000e+00 4.585791149719217578e-03 2.193854596987878767e-06 9.884479448896079664e-08 2.038831347516820852e-02 0.000000000000000000e+00 0.000000000000000000e+00 0.000000000000000000e+00 0.000000000000000000e+00 0.000000000000000000e+00 0.000000000000000000e+00
2.300000000000000000e+03 3.184782210973314065e+01 7.949554539880647752e-01 0.000000000000000000e+00 5.771528196522305448e-02 0.000000000000000000e+00 8.812787266268545805e-02 3.870870247163657810e-03 2.288700908304833485e-04 3.097867467409691142e-02 0.000000000000000000e+00 3.804714677987070237e-08 0.000000000000000000e+00 0.000000000000000000e+00 0.000000000000000000e+00 4.582494221140770950e-03 2.255805104527016649e-06 1.066649955189140797e-07 1.953808163354797678e-02 0.000000000000000000e+00 0.000000000000000000e+00 0.000000000000000000e+00 0.000000000000000000e+00 0.000000000000000000e+00 0.000000000000000000e+00
2.325000000000000000e+03 3.190024183658092127e+01 7.935143932334626227e-01 0.000000000000000000e+00 5.761065836681842495e-02 0.000000000000000000e+00 8.938423410619267262e-02 3.993400949959007538e-03 2.376455759929457009e-04 3.201142361419714172e-02 0.000000000000000000e+00 4.149286627692857128e-08 0.000000000000000000e+00 0.000000000000000000e+00 0.000000000000000000e+00 4.563779635701702662e-03 2.307366116388123665e-06 1.145337450567342402e-07 1.868200112494779186e-02 0.000000000000000000e+00 0.000000000000000000e+00 0.000000000000000000e+00 0.000000000000000000e+00 0.000000000000000000e+00 0.000000000000000000e+00
2.350000000000000000e+03 3.194045431495997533e+01 7.922371939010640629e-01 0.000000000000000000e+00 5.751793103453153866e-02 0.000000000000000000e+00 9.052421445907417319e-02 4.112660995831224527e-03 2.462939528178234149e-04 3.298546079954680493e-02 0.000000000000000000e+00 4.517838349792484615e-08 0.000000000000000000e+00 0.000000000000000000e+00 0.000000000000000000e+00 4.534002098052262140e-03 2.351437160659426332e-06 1.224925678032779529e-07 1.783972365097015803e-02 0.000000000000000000e+00 0.000000000000000000e+00 0.000000000000000000e+00 0.000000000000000000e+00 0.000000000000000000e+00 0.000000000000000000e+00
2.375000000000000000e+03 3.197349730668542733e+01 7.910529934605033953e-01 0.000000000000000000e+00 5.743195621934562428e-02 0.000000000000000000e+00 9.159305189758318311e-02 4.229395543511735994e-03 2.548547258567784878e-04 3.391565276249967897e-02 0.000000000000000000e+00 4.914073944948515643e-08 0.000000000000000000e+00 0.000000000000000000e+00 0.000000000000000000e+00 4.496295742129779484e-03 2.390209424338447567e-06 1.305731273671373764e-07 1.702322972527868516e-02 0.000000000000000000e+00 0.000000000000000000e+00 0.000000000000000000e+00 0.000000000000000000e+00 0.000000000000000000e+00 0.000000000000000000e+00
2.400000000000000000e+03 3.200279197172314127e+01 7.899112949820554785e-01 0.000000000000000000e+00 5.734906600413778449e-02 0.000000000000000000e+00 9.262341678126084776e-02 4.344165283754731176e-03 2.633575207435851135e-04 3.481346618954336836e-02 0.000000000000000000e+00 5.341709318069599116e-08 0.000000000000000000e+00 0.000000000000000000e+00 0.000000000000000000e+00 4.452980599187085844e-03 2.425398206472455235e-06 1.388010571465821964e-07 1.623963502296032688e-02 0.000000000000000000e+00 0.000000000000000000e+00 0.000000000000000000e+00 0.000000000000000000e+00 0.000000000000000000e+00 0.000000000000000000e+00
2.425000000000000000e+03 3.203072928659126006e+01 7.887738696566023444e-01 0.000000000000000000e+00 5.726648712586007023e-02 0.000000000000000000e+00 9.364043057863255526e-02 4.457425284341848780e-03 2.718265023690321931e-04 3.568839102752730669e-02 0.000000000000000000e+00 5.804740477104807000e-08 0.000000000000000000e+00 0.000000000000000000e+00 0.000000000000000000e+00 4.405853530409742543e-03 2.458431775043849842e-06 1.471996552322208195e-07 1.549305261542206422e-02 0.000000000000000000e+00 0.000000000000000000e+00 0.000000000000000000e+00 0.000000000000000000e+00 0.000000000000000000e+00 0.000000000000000000e+00
2.450000000000000000e+03 3.205906265723827175e+01 7.876094229121458623e-01 0.000000000000000000e+00 5.718194586419209774e-02 0.000000000000000000e+00 9.466502096412722500e-02 4.569579076209781369e-03 2.802834106637564588e-04 3.654892646531825856e-02 0.000000000000000000e+00 6.307672081824368013e-08 0.000000000000000000e+00 0.000000000000000000e+00 0.000000000000000000e+00 4.356374668873696544e-03 2.490582360586492696e-06 1.557928356376107821e-07 1.478573718655220269e-02 0.000000000000000000e+00 0.000000000000000000e+00 0.000000000000000000e+00 0.000000000000000000e+00 0.000000000000000000e+00 0.000000000000000000e+00
2.475000000000000000e+03 3.208916224308692478e+01 7.863901169322355944e-01 0.000000000000000000e+00 5.709342200838083553e-02 0.000000000000000000e+00 9.571610586865607340e-02 4.681014776193618762e-03 2.887497011968923077e-04 3.740325007145623576e-02 0.000000000000000000e+00 6.855732545906580860e-08 0.000000000000000000e+00 0.000000000000000000e+00 0.000000000000000000e+00 4.305790725666970402e-03 2.523057700064710257e-06 1.646075547576292127e-07 1.411879369363359601e-02 0.000000000000000000e+00 0.000000000000000000e+00 0.000000000000000000e+00 0.000000000000000000e+00 0.000000000000000000e+00 0.000000000000000000e+00
2.500000000000000000e+03 3.212218455563060360e+01 7.850894042506989523e-01 0.000000000000000000e+00 5.699898636287875631e-02 0.000000000000000000e+00 9.681196228213312382e-02 4.792125420046100710e-03 2.972478194663470425e-04 3.825965804112805430e-02 0.000000000000000000e+00 7.455071035060945987e-08 0.000000000000000000e+00 0.000000000000000000e+00 0.000000000000000000e+00 4.255206720460631351e-03 2.557062626418628457e-06 1.736756008071082390e-07 1.349260381425043329e-02 0.000000000000000000e+00 0.000000000000000000e+00 0.000000000000000000e+00 0.000000000000000000e+00 0.000000000000000000e+00 0.000000000000000000e+00
2.525000000000000000e+03 3.215917015817353786e+01 7.836807592197378991e-01 0.000000000000000000e+00 5.689671811632559389e-02 0.000000000000000000e+00 9.797103416452797309e-02 4.903323003692724308e-03 3.058018800646355008e-04 3.912680555415497946e-02 0.000000000000000000e+00 8.112944932098321371e-08 0.000000000000000000e+00 0.000000000000000000e+00 0.000000000000000000e+00 4.205626436742763985e-03 2.593836836443824779e-06 1.830349303460700626e-07 1.290707362353745238e-02 0.000000000000000000e+00 0.000000000000000000e+00 0.000000000000000000e+00 0.000000000000000000e+00 0.000000000000000000e+00 0.000000000000000000e+00
2.550000000000000000e+03 3.220110934948628056e+01 7.821370321676741622e-01 0.000000000000000000e+00 5.678463937268866946e-02 0.000000000000000000e+00 9.921234306713908047e-02 5.015040527882188605e-03 3.144380483540149657e-04 4.001383556153356724e-02 0.000000000000000000e+00 8.837899046836205425e-08 0.000000000000000000e+00 0.000000000000000000e+00 0.000000000000000000e+00 4.157974081795426380e-03 2.634680715247276847e-06 1.927305571720310564e-07 1.236178138267012526e-02 0.000000000000000000e+00 0.000000000000000000e+00 0.000000000000000000e+00 0.000000000000000000e+00 0.000000000000000000e+00 0.000000000000000000e+00
2.575000000000000000e+03 3.224897890482050400e+01 7.804301259385737488e-01 0.000000000000000000e+00 5.666071468851587717e-02 0.000000000000000000e+00 1.005556690627100874e-01 5.127733275588109395e-03 3.231843753154934880e-04 4.093042594901589309e-02 0.000000000000000000e+00 9.639943839194365386e-08 0.000000000000000000e+00 0.000000000000000000e+00 0.000000000000000000e+00 4.113103968049692388e-03 2.680974444550608134e-06 2.028152058294432054e-07 1.185606255314230334e-02 0.000000000000000000e+00 0.000000000000000000e+00 0.000000000000000000e+00 0.000000000000000000e+00 0.000000000000000000e+00 0.000000000000000000e+00
2.600000000000000000e+03 3.230375954803029259e+01 7.785311710834033061e-01 0.000000000000000000e+00 5.652284803662265683e-02 0.000000000000000000e+00 1.020214350539420528e-01 5.241869756765844997e-03 3.320704784464128699e-04 4.188670505928767523e-02 0.000000000000000000e+00 1.053071417373655400e-07 0.000000000000000000e+00 0.000000000000000000e+00 0.000000000000000000e+00 4.071797246550713269e-03 2.734186305541938235e-06 2.133492559891074631e-07 1.138905044227817021e-02 0.000000000000000000e+00 0.000000000000000000e+00 0.000000000000000000e+00 0.000000000000000000e+00 0.000000000000000000e+00 0.000000000000000000e+00
2.625000000000000000e+03 3.236644042883474981e+01 7.764108805975109551e-01 0.000000000000000000e+00 5.636890912105813056e-02 0.000000000000000000e+00 1.036304543618066509e-01 5.357920628044684358e-03 3.411266518589513384e-04 4.289312515022208200e-02 0.000000000000000000e+00 1.152361286106926246e-07 0.000000000000000000e+00 0.000000000000000000e+00 0.000000000000000000e+00 4.034755821643043645e-03 2.795876995019968667e-06 2.244004459742547521e-07 1.095969215428589660e-02 0.000000000000000000e+00 0.000000000000000000e+00 0.000000000000000000e+00 0.000000000000000000e+00 0.000000000000000000e+00 0.000000000000000000e+00
2.650000000000000000e+03 3.243801659186881636e+01 7.740400546823412720e-01 0.000000000000000000e+00 5.619678374876369009e-02 0.000000000000000000e+00 1.054035558485966750e-01 5.476345107793116965e-03 3.503831277445743683e-04 4.396028980494229299e-02 0.000000000000000000e+00 1.263394578789170084e-07 0.000000000000000000e+00 0.000000000000000000e+00 0.000000000000000000e+00 4.002592652076196987e-03 2.867706475695935365e-06 2.360431808110832105e-07 1.056676493862794552e-02 0.000000000000000000e+00 0.000000000000000000e+00 0.000000000000000000e+00 0.000000000000000000e+00 0.000000000000000000e+00 0.000000000000000000e+00
2.675000000000000000e+03 3.251947609359250890e+01 7.713904027399439700e-01 0.000000000000000000e+00 5.600441450803091137e-02 0.000000000000000000e+00 1.073610422414234405e-01 5.597570971441073046e-03 3.598685895206754984e-04 4.509868076891238725e-02 0.000000000000000000e+00 1.387901623236144889e-07 0.000000000000000000e+00 0.000000000000000000e+00 0.000000000000000000e+00 3.975817195919180598e-03 2.951429324780049888e-06 2.483571604890477630e-07 1.020886440816070814e-02 0.000000000000000000e+00 0.000000000000000000e+00 0.000000000000000000e+00 0.000000000000000000e+00 0.000000000000000000e+00 0.000000000000000000e+00
2.700000000000000000e+03 3.261178989362179692e+01 7.684352835133885229e-01 0.000000000000000000e+00 5.578986644821207902e-02 0.000000000000000000e+00 1.095221531166021556e-01 5.721976393936380190e-03 3.696090783585178263e-04 4.631840545332521764e-02 0.000000000000000000e+00 1.527820465668054169e-07 0.000000000000000000e+00 0.000000000000000000e+00 0.000000000000000000e+00 3.954826862023436834e-03 3.048899223275231476e-06 2.614259008328196640e-07 9.884416026983013082e-03 0.000000000000000000e+00 0.000000000000000000e+00 0.000000000000000000e+00 0.000000000000000000e+00 0.000000000000000000e+00 0.000000000000000000e+00
2.725000000000000000e+03 3.271588997589960712e+01 7.651505074408362361e-01 0.000000000000000000e+00 5.555138698243013845e-02 0.000000000000000000e+00 1.119045030459377560e-01 5.849871760358699158e-03 3.796266844977194514e-04 4.762891942914424664e-02 0.000000000000000000e+00 1.685302980843689119e-07 0.000000000000000000e+00 0.000000000000000000e+00 0.000000000000000000e+00 3.939896852900286878e-03 3.162070071194917247e-06 2.753349171452505996e-07 9.591681868608441588e-03 0.000000000000000000e+00 0.000000000000000000e+00 0.000000000000000000e+00 0.000000000000000000e+00 0.000000000000000000e+00 0.000000000000000000e+00
2.750000000000000000e+03 3.283266177227118732e+01 7.615151048545413248e-01 0.000000000000000000e+00 5.528744909434683830e-02 0.000000000000000000e+00 1.145235489556106073e-01 5.981482417676988253e-03 3.899382452740640182e-04 4.903875954914017898e-02 0.000000000000000000e+00 1.862717071098390615e-07 0.000000000000000000e+00 0.000000000000000000e+00 0.000000000000000000e+00 3.931175348402982106e-03 3.292998140736985251e-06 2.901696925319504599e-07 9.328772095466595499e-03 0.000000000000000000e+00 0.000000000000000000e+00 0.000000000000000000e+00 0.000000000000000000e+00 0.000000000000000000e+00 0.000000000000000000e+00
2.775000000000000000e+03 3.296292674268441658e+01 7.575118843363460863e-01 0.000000000000000000e+00 5.499680756814702420e-02 0.000000000000000000e+00 1.173921730799606239e-01 6.116937608837864047e-03 4.005545684104364090e-04 5.055532637869681462e-02 0.000000000000000000e+00 2.062649716664994701e-07 0.000000000000000000e+00 0.000000000000000000e+00 0.000000000000000000e+00 3.928685345483434732e-03 3.443852275169409936e-06 3.060138748983143825e-07 9.093674982995892525e-03 0.000000000000000000e+00 0.000000000000000000e+00 0.000000000000000000e+00 0.000000000000000000e+00 0.000000000000000000e+00 0.000000000000000000e+00
2.800000000000000000e+03 3.310743468089166441e+01 7.531278937039989074e-01 0.000000000000000000e+00 5.467852159191219363e-02 0.000000000000000000e+00 1.205203559547560199e-01 6.256261109238269412e-03 4.114796906500014584e-04 5.218470599579381336e-02 0.000000000000000000e+00 2.287906027643332685e-07 0.000000000000000000e+00 0.000000000000000000e+00 0.000000000000000000e+00 3.932329239149101596e-03 3.616923329343884230e-06 3.229475236462436593e-07 8.884284053045908916e-03 0.000000000000000000e+00 0.000000000000000000e+00 0.000000000000000000e+00 0.000000000000000000e+00 0.000000000000000000e+00 0.000000000000000000e+00
2.825000000000000000e+03 3.326686048963661335e+01 7.483546419162706576e-01 0.000000000000000000e+00 5.433197376464851680e-02 0.000000000000000000e+00 1.239150000151082176e-01 6.399370993537431725e-03 4.227105673840538804e-04 5.393155764481373515e-02 0.000000000000000000e+00 2.541510481928497343e-07 0.000000000000000000e+00 0.000000000000000000e+00 0.000000000000000000e+00 3.941898784137394009e-03 3.814640074449893260e-06 3.410454849117591582e-07 8.698436477492436578e-03 0.000000000000000000e+00 0.000000000000000000e+00 0.000000000000000000e+00 0.000000000000000000e+00 0.000000000000000000e+00 0.000000000000000000e+00
2.850000000000000000e+03 3.344180051766760897e+01 7.431881867092647864e-01 0.000000000000000000e+00 5.395687877733229554e-02 0.000000000000000000e+00 1.275798498124341984e-01 6.546080382330734908e-03 4.342371519729113297e-04 5.579904489803206441e-02 0.000000000000000000e+00 2.826705309434428126e-07 0.000000000000000000e+00 0.000000000000000000e+00 0.000000000000000000e+00 3.957089610658553677e-03 4.039587547932524061e-06 3.603764152494896573e-07 8.533950023480113903e-03 0.000000000000000000e+00 0.000000000000000000e+00 0.000000000000000000e+00 0.000000000000000000e+00 0.000000000000000000e+00 0.000000000000000000e+00
2.875000000000000000e+03 3.363277686635888841e+01 7.376290196216745976e-01 0.000000000000000000e+00 5.355327261886583257e-02 0.000000000000000000e+00 1.315155567604899822e-01 6.696104916560941325e-03 4.460427174670014553e-04 5.778883765502062370e-02 0.000000000000000000e+00 3.146950062637466526e-07 0.000000000000000000e+00 0.000000000000000000e+00 0.000000000000000000e+00 3.977515632674904697e-03 4.294527177156080153e-06 3.810018295517328048e-07 8.388659853233370808e-03 0.000000000000000000e+00 0.000000000000000000e+00 0.000000000000000000e+00 0.000000000000000000e+00 0.000000000000000000e+00 0.000000000000000000e+00
2.900000000000000000e+03 3.384023736532813587e+01 7.316818082162144243e-01 0.000000000000000000e+00 5.312149516235882551e-02 0.000000000000000000e+00 1.357198221737330179e-01 6.849077197234675063e-03 4.581045121734608999e-04 5.990116976230895618e-02 0.000000000000000000e+00 3.505922102713328047e-07 0.000000000000000000e+00 0.000000000000000000e+00 0.000000000000000000e+00 4.002729957393213328e-03 4.582424958985500454e-06 4.029759401117987294e-07 8.260457025474184090e-03 0.000000000000000000e+00 0.000000000000000000e+00 0.000000000000000000e+00 0.000000000000000000e+00 0.000000000000000000e+00 0.000000000000000000e+00
2.925000000000000000e+03 3.406456864647007876e+01 7.253551405739642188e-01 0.000000000000000000e+00 5.266216599174045054e-02 0.000000000000000000e+00 1.401875817055770190e-01 7.004555405430500786e-03 4.703945678339066408e-04 6.213488646553338990e-02 0.000000000000000000e+00 3.907514095013997279e-07 0.000000000000000000e+00 0.000000000000000000e+00 0.000000000000000000e+00 4.032238781554922831e-03 4.906470990037439239e-06 4.263452388938957202e-07 8.147312940727067729e-03 0.000000000000000000e+00 0.000000000000000000e+00 0.000000000000000000e+00 0.000000000000000000e+00 0.000000000000000000e+00 0.000000000000000000e+00
2.950000000000000000e+03 3.430609436574479787e+01 7.186611100352652270e-01 0.000000000000000000e+00 5.217616496277691779e-02 0.000000000000000000e+00 1.449112660787163498e-01 7.162039518216559326e-03 4.828804770632995477e-04 6.448755543731730933e-02 0.000000000000000000e+00 4.355833869698414360e-07 0.000000000000000000e+00 0.000000000000000000e+00 0.000000000000000000e+00 4.065520076954596759e-03 5.270108994424509160e-06 4.511488848521863369e-07 8.047306572423414822e-03 0.000000000000000000e+00 0.000000000000000000e+00 0.000000000000000000e+00 0.000000000000000000e+00 0.000000000000000000e+00 0.000000000000000000e+00
2.975000000000000000e+03 3.456508600658582253e+01 7.116149056145520957e-01 0.000000000000000000e+00 5.166459921941166794e-02 0.000000000000000000e+00 1.498810748271180437e-01 7.320988673959439100e-03 4.955265233608938330e-04 6.695558438305632132e-02 0.000000000000000000e+00 4.855203729965098527e-07 0.000000000000000000e+00 0.000000000000000000e+00 0.000000000000000000e+00 4.102038931005545785e-03 5.677061392736436658e-06 4.774191320940027875e-07 7.958641826638095454e-03 0.000000000000000000e+00 0.000000000000000000e+00 0.000000000000000000e+00 0.000000000000000000e+00 0.000000000000000000e+00 0.000000000000000000e+00
3.000000000000000000e+03 3.484176748007371316e+01 7.042345045704810902e-01 0.000000000000000000e+00 5.112876852979057751e-02 0.000000000000000000e+00 1.550851916305047706e-01 7.480832549677347669e-03 5.082944983092811632e-04 6.953431430117718026e-02 0.000000000000000000e+00 5.410157133032468179e-07 0.000000000000000000e+00 0.000000000000000000e+00 0.000000000000000000e+00 4.141260158971897185e-03 6.131353799544372913e-06 5.051818488903293091e-07 7.879656209726167496e-03 0.000000000000000000e+00 0.000000000000000000e+00 0.000000000000000000e+00 0.000000000000000000e+00 0.000000000000000000e+00 0.000000000000000000e+00
3.025000000000000000e+03 3.513632046889314609e+01 6.965401041436422025e-01 0.000000000000000000e+00 5.057013856674130031e-02 0.000000000000000000e+00 1.605101588785894651e-01 7.640987689965066110e-03 5.211448788171019588e-04 7.221819401774781655e-02 0.000000000000000000e+00 6.025440196825792389e-07 0.000000000000000000e+00 0.000000000000000000e+00 0.000000000000000000e+00 4.182662803815283617e-03 6.637346877845438480e-06 5.344576311513784116e-07 7.808834672152880838e-03 0.000000000000000000e+00 0.000000000000000000e+00 0.000000000000000000e+00 0.000000000000000000e+00 0.000000000000000000e+00 0.000000000000000000e+00
3.050000000000000000e+03 3.544888719297502178e+01 6.885538892311164894e-01 0.000000000000000000e+00 4.999032646584927048e-02 0.000000000000000000e+00 1.661410421203131371e-01 7.800869945957350851e-03 5.340373985230088740e-04 7.500084579769566995e-02 0.000000000000000000e+00 6.706006106329203547e-07 0.000000000000000000e+00 0.000000000000000000e+00 0.000000000000000000e+00 4.225746815509847862e-03 7.199754584890548079e-06 5.652625709756749901e-07 7.744806607268739547e-03 0.000000000000000000e+00 0.000000000000000000e+00 0.000000000000000000e+00 0.000000000000000000e+00 0.000000000000000000e+00 0.000000000000000000e+00
3.075000000000000000e+03 3.577957663083583384e+01 6.802996154760623249e-01 0.000000000000000000e+00 4.939104884194227968e-02 0.000000000000000000e+00 1.719617268526275333e-01 7.959904858342093867e-03 5.469321352735467866e-04 7.787521269227937193e-02 0.000000000000000000e+00 7.457015316340256102e-07 0.000000000000000000e+00 0.000000000000000000e+00 0.000000000000000000e+00 4.270044053393948734e-03 7.823675255321675871e-06 5.976094003349184252e-07 7.686348103891714641e-03 0.000000000000000000e+00 0.000000000000000000e+00 0.000000000000000000e+00 0.000000000000000000e+00 0.000000000000000000e+00 0.000000000000000000e+00
3.100000000000000000e+03 3.612846558087863258e+01 6.718022276739692433e-01 0.000000000000000000e+00 4.877412306411876147e-02 0.000000000000000000e+00 1.779551705241459447e-01 8.117538859382307168e-03 5.597899738367683765e-04 8.083367315406062015e-02 0.000000000000000000e+00 8.283832056636028169e-07 0.000000000000000000e+00 0.000000000000000000e+00 0.000000000000000000e+00 4.315124264751286909e-03 8.514616100165483273e-06 6.315089876196028006e-07 7.632377977441440371e-03 0.000000000000000000e+00 0.000000000000000000e+00 0.000000000000000000e+00 0.000000000000000000e+00 0.000000000000000000e+00 0.000000000000000000e+00
3.125000000000000000e+03 3.649560306598262116e+01 6.630875616059961342e-01 0.000000000000000000e+00 4.814142147694213530e-02 0.000000000000000000e+00 1.841036160550981460e-01 8.273247777599889927e-03 5.725735788617184819e-04 8.386815886157707178e-02 0.000000000000000000e+00 9.192025974434116062e-07 0.000000000000000000e+00 0.000000000000000000e+00 0.000000000000000000e+00 4.360601225835838285e-03 9.278520889850980168e-06 6.669716533468688960e-07 7.581954722948463371e-03 0.000000000000000000e+00 0.000000000000000000e+00 0.000000000000000000e+00 0.000000000000000000e+00 0.000000000000000000e+00 0.000000000000000000e+00
3.150000000000000000e+03 3.688101550169518816e+01 6.541820098129168537e-01 0.000000000000000000e+00 4.749486077296941056e-02 0.000000000000000000e+00 1.903888384454253124e-01 8.426542655856197883e-03 5.852475778332684323e-04 8.697025203283906269e-02 0.000000000000000000e+00 1.018736500247360869e-06 0.000000000000000000e+00 0.000000000000000000e+00 0.000000000000000000e+00 4.406136923106367988e-03 1.012179451653402571e-05 7.040087398250101905e-07 7.534267239297005696e-03 0.000000000000000000e+00 0.000000000000000000e+00 0.000000000000000000e+00 0.000000000000000000e+00 0.000000000000000000e+00 0.000000000000000000e+00
3.175000000000000000e+03 3.728470746484865117e+01 6.451121943861598540e-01 0.000000000000000000e+00 4.683637561481022310e-02 0.000000000000000000e+00 1.967923530417373390e-01 8.576978387910258461e-03 5.977793625651604001e-04 9.013131917483024891e-02 0.000000000000000000e+00 1.127582188411916131e-06 0.000000000000000000e+00 0.000000000000000000e+00 0.000000000000000000e+00 4.451446516954929780e-03 1.105133637448161318e-05 7.426344651688178723e-07 7.488631962003951259e-03 0.000000000000000000e+00 0.000000000000000000e+00 0.000000000000000000e+00 0.000000000000000000e+00 0.000000000000000000e+00 0.000000000000000000e+00
3.200000000000000000e+03 3.770666848461726772e+01 6.359046809502230113e-01 0.000000000000000000e+00 4.616789119323601309e-02 0.000000000000000000e+00 2.032956388458332653e-01 8.724156352285282814e-03 6.101393261672132407e-04 9.334260610104634648e-02 0.000000000000000000e+00 1.246356671554548546e-06 0.000000000000000000e+00 0.000000000000000000e+00 0.000000000000000000e+00 4.496299976010687677e-03 1.207456488552067705e-05 7.828676642373911129e-07 7.444483465977026933e-03 0.000000000000000000e+00 0.000000000000000000e+00 0.000000000000000000e+00 0.000000000000000000e+00 0.000000000000000000e+00 0.000000000000000000e+00
3.225000000000000000e+03 3.814687745062630597e+01 6.265856792507937811e-01 0.000000000000000000e+00 4.549131462094628542e-02 0.000000000000000000e+00 2.098803428224871315e-01 8.867728473772566386e-03 6.223011791478167158e-04 9.659534380177937918e-02 0.000000000000000000e+00 1.375697378970774755e-06 0.000000000000000000e+00 0.000000000000000000e+00 0.000000000000000000e+00 4.540524748899027636e-03 1.319945166657913782e-05 8.247338372742270717e-07 7.401365219291248382e-03 0.000000000000000000e+00 0.000000000000000000e+00 0.000000000000000000e+00 0.000000000000000000e+00 0.000000000000000000e+00 0.000000000000000000e+00
3.250000000000000000e+03 3.860531250202011222e+01 6.171807985188769718e-01 0.000000000000000000e+00 4.480850329679378352e-02 0.000000000000000000e+00 2.165284671832671537e-01 9.007399190217065324e-03 6.342422081450744490e-04 9.988084178169651106e-02 0.000000000000000000e+00 1.516261650350682019e-06 0.000000000000000000e+00 0.000000000000000000e+00 0.000000000000000000e+00 4.584006212126948664e-03 1.443455121437314607e-05 8.682672298465881876e-07 7.358922528782175544e-03 0.000000000000000000e+00 0.000000000000000000e+00 0.000000000000000000e+00 0.000000000000000000e+00 0.000000000000000000e+00 0.000000000000000000e+00
3.275000000000000000e+03 3.908195655688479064e+01 6.077147423722226716e-01 0.000000000000000000e+00 4.412124912766007823e-02 0.000000000000000000e+00 2.232225738824382411e-01 9.142928329568587517e-03 6.459435259341036193e-04 1.031906035098920094e-01 0.000000000000000000e+00 1.668727270000479670e-06 0.000000000000000000e+00 0.000000000000000000e+00 0.000000000000000000e+00 4.626690851255129029e-03 1.578904036619258738e-05 9.135130728574643751e-07 7.316897120320068303e-03 0.000000000000000000e+00 0.000000000000000000e+00 0.000000000000000000e+00 0.000000000000000000e+00 0.000000000000000000e+00 0.000000000000000000e+00
3.300000000000000000e+03 3.957681134259112099e+01 5.982110633290362856e-01 0.000000000000000000e+00 4.343126374503228360e-02 0.000000000000000000e+00 2.299459658938008688e-01 9.274129267614492078e-03 6.573901495639799001e-04 1.065164202032137242e-01 0.000000000000000000e+00 1.833792181957644050e-06 0.000000000000000000e+00 0.000000000000000000e+00 0.000000000000000000e+00 4.668584877434683866e-03 1.727275038656039049e-05 9.605299365320259653e-07 7.275115461798360370e-03 0.000000000000000000e+00 0.000000000000000000e+00 0.000000000000000000e+00 0.000000000000000000e+00 0.000000000000000000e+00 0.000000000000000000e+00
3.325000000000000000e+03 4.008990637784598476e+01 5.886919428344751237e-01 0.000000000000000000e+00 4.274015863845133378e-02 0.000000000000000000e+00 2.366828604364184518e-01 9.400871556417908156e-03 6.685709420558855068e-04 1.098504400631445804e-01 0.000000000000000000e+00 2.012174493332905644e-06 0.000000000000000000e+00 0.000000000000000000e+00 0.000000000000000000e+00 4.709754201576235762e-03 1.889620980729996838e-05 1.009392050979174732e-06 7.233483551108600348e-03 0.000000000000000000e+00 0.000000000000000000e+00 0.000000000000000000e+00 0.000000000000000000e+00 0.000000000000000000e+00 0.000000000000000000e+00
3.350000000000000000e+03 4.062132319777060729e+01 5.791779527581681908e-01 0.000000000000000000e+00 4.204942303511318563e-02 0.000000000000000000e+00 2.434185506554067402e-01 9.523076318561486328e-03 6.794786928840419868e-04 1.131852808618528106e-01 0.000000000000000000e+00 2.204611924230001722e-06 0.000000000000000000e+00 0.000000000000000000e+00 0.000000000000000000e+00 4.750324679129840251e-03 2.067068140772967668e-05 1.060191818738650420e-06 7.191977513733197915e-03 0.000000000000000000e+00 0.000000000000000000e+00 0.000000000000000000e+00 0.000000000000000000e+00 0.000000000000000000e+00 0.000000000000000000e+00
3.375000000000000000e+03 4.117120389539192615e+01 5.696878100779234622e-01 0.000000000000000000e+00 4.136042026368734470e-02 0.000000000000000000e+00 2.501395771134424240e-01 9.640718938077334071e-03 6.901102209193691337e-04 1.165141094493873652e-01 0.000000000000000000e+00 2.411861766012343969e-06 0.000000000000000000e+00 0.000000000000000000e+00 0.000000000000000000e+00 4.790481315042229363e-03 2.260821510833179295e-05 1.113042624220869355e-06 7.150639502022050967e-03 0.000000000000000000e+00 0.000000000000000000e+00 0.000000000000000000e+00 0.000000000000000000e+00 0.000000000000000000e+00 0.000000000000000000e+00
3.400000000000000000e+03 4.173978323241203015e+01 5.602382216965944295e-01 0.000000000000000000e+00 4.067436380763224391e-02 0.000000000000000000e+00 2.568338601993166437e-01 9.753821422007456082e-03 7.004659154993532434e-04 1.198307088569629808e-01 0.000000000000000000e+00 2.634698589532822917e-06 0.000000000000000000e+00 0.000000000000000000e+00 0.000000000000000000e+00 4.830466504375913704e-03 2.472168427169371934e-05 1.168081040419572187e-06 7.109567133709491192e-03 0.000000000000000000e+00 0.000000000000000000e+00 0.000000000000000000e+00 0.000000000000000000e+00 0.000000000000000000e+00 0.000000000000000000e+00
3.425000000000000000e+03 4.232741215874277430e+01 5.508436798681446422e-01 0.000000000000000000e+00 3.999230155701213180e-02 0.000000000000000000e+00 2.634908481599655961e-01 9.862454172004219560e-03 7.105500087578581593e-04 1.231295536532643620e-01 0.000000000000000000e+00 2.873913257957830197e-06 0.000000000000000000e+00 0.000000000000000000e+00 0.000000000000000000e+00 4.870579125573147247e-03 2.702484189511052853e-05 1.225469643340828962e-06 7.068909230481570417e-03 0.000000000000000000e+00 0.000000000000000000e+00 0.000000000000000000e+00 0.000000000000000000e+00 0.000000000000000000e+00 0.000000000000000000e+00
3.450000000000000000e+03 4.293458766952780081e+01 5.415162592022634280e-01 0.000000000000000000e+00 3.931511318702853031e-02 0.000000000000000000e+00 2.701016446582153452e-01 9.966730104693280121e-03 7.203700471728558073e-04 1.264059039216443581e-01 0.000000000000000000e+00 3.130310169679900067e-06 0.000000000000000000e+00 0.000000000000000000e+00 0.000000000000000000e+00 4.911172181144935096e-03 2.953237117342737627e-05 1.285399778210487315e-06 7.028858616715732109e-03 0.000000000000000000e+00 0.000000000000000000e+00 0.000000000000000000e+00 0.000000000000000000e+00 0.000000000000000000e+00 0.000000000000000000e+00
3.475000000000000000e+03 4.356199404926563545e+01 5.322654903485893874e-01 0.000000000000000000e+00 3.864349026381778268e-02 0.000000000000000000e+00 2.766591401207355028e-01 1.006680144887488713e-02 7.299368784611843684e-04 1.296558315588099142e-01 0.000000000000000000e+00 3.404702203614690789e-06 0.000000000000000000e+00 0.000000000000000000e+00 0.000000000000000000e+00 4.952651027390643328e-03 3.225993280120874275e-05 1.348093642913481914e-06 6.989645624672928895e-03 0.000000000000000000e+00 0.000000000000000000e+00 0.000000000000000000e+00 0.000000000000000000e+00 0.000000000000000000e+00 0.000000000000000000e+00
3.500000000000000000e+03 4.421054356349829817e+01 5.230981229615427885e-01 0.000000000000000000e+00 3.797792106888277230e-02 0.000000000000000000e+00 2.831581482977985065e-01 1.016285570785429963e-02 7.392642967312137124e-04 1.328763480451664036e-01 0.000000000000000000e+00 3.697906123380425865e-06 0.000000000000000000e+00 0.000000000000000000e+00 0.000000000000000000e+00 4.995470985730810463e-03 3.522422586762028872e-05 1.413807253608921682e-06 6.951532697048463938e-03 0.000000000000000000e+00 0.000000000000000000e+00 0.000000000000000000e+00 0.000000000000000000e+00 0.000000000000000000e+00 0.000000000000000000e+00
3.525000000000000000e+03 4.488142455691324528e+01 5.140180795600934882e-01 0.000000000000000000e+00 3.731869183190959088e-02 0.000000000000000000e+00 2.895954827897176953e-01 1.025510960689605261e-02 7.483686724367745718e-04 1.360653904584109286e-01 0.000000000000000000e+00 4.010734474309532837e-06 0.000000000000000000e+00 0.000000000000000000e+00 0.000000000000000000e+00 5.040133038457933479e-03 3.844303203625197871e-05 1.482832218351979667e-06 6.914807443348442405e-03 0.000000000000000000e+00 0.000000000000000000e+00 0.000000000000000000e+00 0.000000000000000000e+00 0.000000000000000000e+00 0.000000000000000000e+00
3.550000000000000000e+03 4.557615986203016689e+01 5.050261980392022343e-01 0.000000000000000000e+00 3.666586449036041140e-02 0.000000000000000000e+00 2.959701067119517304e-01 1.034380582557193999e-02 7.572688659798567940e-04 1.392219608342993298e-01 0.000000000000000000e+00 4.343986114887457239e-06 0.000000000000000000e+00 0.000000000000000000e+00 0.000000000000000000e+00 5.087181951908405046e-03 4.193527164232402235e-05 1.555497914543938965e-06 6.879778525054223645e-03 0.000000000000000000e+00 0.000000000000000000e+00 0.000000000000000000e+00 0.000000000000000000e+00 0.000000000000000000e+00 0.000000000000000000e+00
3.575000000000000000e+03 4.629666881660238431e+01 4.961201900871280435e-01 0.000000000000000000e+00 3.601927286682733015e-02 0.000000000000000000e+00 3.022832027670620536e-01 1.042920555140077789e-02 7.659853972098825585e-04 1.423461231152520212e-01 0.000000000000000000e+00 4.698432780547362529e-06 0.000000000000000000e+00 0.000000000000000000e+00 0.000000000000000000e+00 5.137200638671415853e-03 4.572104671280691310e-05 1.632173022796626639e-06 6.846767923932415949e-03 0.000000000000000000e+00 0.000000000000000000e+00 0.000000000000000000e+00 0.000000000000000000e+00 0.000000000000000000e+00 0.000000000000000000e+00
3.600000000000000000e+03 4.704533831842698532e+01 4.872945129680633092e-01 0.000000000000000000e+00 3.537851106943720042e-02 0.000000000000000000e+00 3.085382648372237968e-01 1.051158151249388314e-02 7.745403396129254495e-04 1.454390695275921408e-01 0.000000000000000000e+00 5.074803260252960104e-06 0.000000000000000000e+00 0.000000000000000000e+00 0.000000000000000000e+00 5.190805041261526039e-03 4.982166616129987230e-05 1.713266170901953999e-06 6.816104968722571690e-03 0.000000000000000000e+00 0.000000000000000000e+00 0.000000000000000000e+00 0.000000000000000000e+00 0.000000000000000000e+00 0.000000000000000000e+00
3.625000000000000000e+03 4.782510014228711270e+01 4.785402249978095157e-01 0.000000000000000000e+00 3.474293299773618948e-02 0.000000000000000000e+00 3.147411839346712648e-01 1.059121354292819582e-02 7.829565710924795297e-04 1.485031955456113384e-01 0.000000000000000000e+00 5.473763656065122740e-06 0.000000000000000000e+00 0.000000000000000000e+00 0.000000000000000000e+00 5.248638021097633104e-03 5.425968396340069007e-05 1.799226592800064518e-06 6.788121714840954918e-03 0.000000000000000000e+00 0.000000000000000000e+00 0.000000000000000000e+00 0.000000000000000000e+00 0.000000000000000000e+00 0.000000000000000000e+00
3.650000000000000000e+03 4.863951485898805061e+01 4.698450075136974546e-01 0.000000000000000000e+00 3.411164333924777275e-02 0.000000000000000000e+00 3.209002826602531111e-01 1.066837527967476676e-02 7.912570743983407496e-04 1.515420869401840898e-01 0.000000000000000000e+00 5.895892167770033227e-06 0.000000000000000000e+00 0.000000000000000000e+00 0.000000000000000000e+00 5.311360187814593084e-03 5.905888022870198906e-05 1.890542366506605634e-06 6.763141689966909419e-03 0.000000000000000000e+00 0.000000000000000000e+00 0.000000000000000000e+00 0.000000000000000000e+00 0.000000000000000000e+00 0.000000000000000000e+00
3.675000000000000000e+03 4.949285798339379028e+01 4.611931622218213289e-01 0.000000000000000000e+00 3.348350217067829621e-02 0.000000000000000000e+00 3.270263006797805572e-01 1.074332946003959607e-02 7.994643038522992800e-04 1.545605496617037666e-01 0.000000000000000000e+00 6.341650177068833913e-06 0.000000000000000000e+00 0.000000000000000000e+00 0.000000000000000000e+00 5.379641193724256365e-03 6.424424544832917257e-05 1.987738967966565014e-06 6.741476673806393212e-03 0.000000000000000000e+00 0.000000000000000000e+00 0.000000000000000000e+00 0.000000000000000000e+00 0.000000000000000000e+00 0.000000000000000000e+00
3.700000000000000000e+03 5.039021409469767576e+01 4.525656805422317852e-01 0.000000000000000000e+00 3.285713129559349188e-02 0.000000000000000000e+00 3.331323593003275851e-01 1.081631415713692201e-02 8.075992394348897657e-04 1.575646095168074245e-01 0.000000000000000000e+00 6.811348615991770729e-06 0.000000000000000000e+00 0.000000000000000000e+00 0.000000000000000000e+00 5.454147137008832566e-03 6.984191109212891714e-05 2.091374800199832927e-06 6.723414176950596143e-03 0.000000000000000000e+00 0.000000000000000000e+00 0.000000000000000000e+00 0.000000000000000000e+00 0.000000000000000000e+00 0.000000000000000000e+00
3.725000000000000000e+03 5.133755871827940354e+01 4.439405154324651548e-01 0.000000000000000000e+00 3.223092773159150215e-02 0.000000000000000000e+00 3.392337989934645637e-01 1.088753205187922846e-02 8.156802749527821642e-04 1.605614254569876220e-01 0.000000000000000000e+00 7.305109234103134717e-06 0.000000000000000000e+00 0.000000000000000000e+00 0.000000000000000000e+00 5.535525407854274133e-03 7.587903713516584259e-05 2.202035454286658307e-06 6.709208468981304671e-03 0.000000000000000000e+00 0.000000000000000000e+00 0.000000000000000000e+00 0.000000000000000000e+00 0.000000000000000000e+00 0.000000000000000000e+00
3.750000000000000000e+03 5.234184126681105909e+01 4.352929050644315789e-01 0.000000000000000000e+00 3.160309458415368200e-02 0.000000000000000000e+00 3.453479492371046566e-01 1.095713717246022192e-02 8.237222819118658525e-04 1.635592060125006242e-01 0.000000000000000000e+00 7.822822242479848280e-06 0.000000000000000000e+00 0.000000000000000000e+00 0.000000000000000000e+00 5.624388787601566561e-03 8.238362356415782897e-05 2.320325212609195434e-06 6.699070088816502441e-03 0.000000000000000000e+00 0.000000000000000000e+00 0.000000000000000000e+00 0.000000000000000000e+00 0.000000000000000000e+00 0.000000000000000000e+00
3.775000000000000000e+03 5.341104688867272898e+01 4.265959230437992855e-01 0.000000000000000000e+00 3.097167679420887582e-02 0.000000000000000000e+00 3.514937505182886279e-01 1.102522145744600120e-02 8.317352125358311700e-04 1.665670498468090066e-01 0.000000000000000000e+00 8.364103195615625177e-06 0.000000000000000000e+00 0.000000000000000000e+00 0.000000000000000000e+00 5.721295241322438101e-03 8.938427943917424349e-05 2.446856448571128707e-06 6.693152646506660662e-03 0.000000000000000000e+00 0.000000000000000000e+00 0.000000000000000000e+00 0.000000000000000000e+00 0.000000000000000000e+00 0.000000000000000000e+00
3.800000000000000000e+03 5.455424147010658942e+01 4.178213028236624216e-01 0.000000000000000000e+00 3.033462353601270450e-02 0.000000000000000000e+00 3.576912039705573143e-01 1.109180149623048735e-02 8.397229059779991048e-04 1.695946578544813843e-01 0.000000000000000000e+00 8.928248131809631065e-06 0.000000000000000000e+00 0.000000000000000000e+00 0.000000000000000000e+00 5.826725966229630641e-03 9.690987012261204070e-05 2.582235772904408612e-06 6.691541092820729036e-03 0.000000000000000000e+00 0.000000000000000000e+00 0.000000000000000000e+00 0.000000000000000000e+00 0.000000000000000000e+00 0.000000000000000000e+00
