# T Ptot H He C N O Na K Si Ar Ti V S Cl Mg Al Ca Fe Cr Li Cs Rb F P
1.500000000000000000e+03 4.738759880414612269e+01 1.223637806373807212e-03 0.000000000000000000e+00 3.172101077833744953e-01 0.000000000000000000e+00 6.815662543894897007e-01 1.950622604240200026e-11 8.044363796839052516e-13 5.484243318940083671e-15 0.000000000000000000e+00 7.843098802017028986e-17 0.000000000000000000e+00 0.000000000000000000e+00 0.000000000000000000e+00 1.131565191300594376e-16 1.512043956951700748e-20 9.303442245656275099e-22 4.456912449195589210e-13 0.000000000000000000e+00 0.000000000000000000e+00 0.000000000000000000e+00 0.000000000000000000e+00 0.000000000000000000e+00 0.000000000000000000e+00
1.525000000000000000e+03 4.738763565949707868e+01 1.223637805493948310e-03 0.000000000000000000e+00 3.172101027236013393e-01 0.000000000000000000e+00 6.815662594350030412e-01 3.363782719184078643e-11 1.414204477590183540e-12 1.172774850031822726e-14 0.000000000000000000e+00 1.633730643725576577e-16 0.000000000000000000e+00 0.000000000000000000e+00 0.000000000000000000e+00 2.700018427314576694e-16 3.869350911159952399e-20 2.529878023900499163e-21 8.373948607750160179e-13 0.000000000000000000e+00 0.000000000000000000e+00 0.000000000000000000e+00 0.000000000000000000e+00 0.000000000000000000e+00 0.000000000000000000e+00
1.550000000000000000e+03 4.738768470350617434e+01 1.223637800575827711e-03 0.000000000000000000e+00 3.172101009717105402e-01 0.000000000000000000e+00 6.815662611667363535e-01 5.697218574569965741e-11 2.439997848403971643e-12 2.445720130452559371e-14 0.000000000000000000e+00 3.317980981564579338e-16 0.000000000000000000e+00 0.000000000000000000e+00 0.000000000000000000e+00 6.256984928734976992e-16 9.598461170823230120e-20 6.631385088752302109e-21 1.539634490068772980e-12 0.000000000000000000e+00 0.000000000000000000e+00 0.000000000000000000e+00 0.000000000000000000e+00 0.000000000000000000e+00 0.000000000000000000e+00
1.575000000000000000e+03 4.738775035352692555e+01 1.223637804269579830e-03 0.000000000000000000e+00 3.172101053594350573e-01 0.000000000000000000e+00 6.815662567344822342e-01 9.485277744410273194e-11 4.135360866234621061e-12 4.979945876662186515e-14 0.000000000000000000e+00 6.578148125643490162e-16 0.000000000000000000e+00 0.000000000000000000e+00 0.000000000000000000e+00 1.410219769697337252e-15 2.311642238111996516e-19 1.678957334623104848e-20 2.773032633248253945e-12 0.000000000000000000e+00 0.000000000000000000e+00 0.000000000000000000e+00 0.000000000000000000e+00 0.000000000000000000e+00 0.000000000000000000e+00
1.600000000000000000e+03 4.738783662637192151e+01 1.223637804785440404e-03 0.000000000000000000e+00 3.172101053083299926e-01 0.000000000000000000e+00 6.815662567196335564e-01 1.553596780979450365e-10 6.890483481975958554e-12 9.912142541849326021e-14 0.000000000000000000e+00 1.274592886709668207e-15 0.000000000000000000e+00 0.000000000000000000e+00 0.000000000000000000e+00 3.095320167518904603e-15 5.412781551546122111e-19 4.113620188838882692e-20 4.897477581259740240e-12 0.000000000000000000e+00 0.000000000000000000e+00 0.000000000000000000e+00 0.000000000000000000e+00 0.000000000000000000e+00 0.000000000000000000e+00
1.625000000000000000e+03 4.738795130109553355e+01 1.223637807083237123e-03 0.000000000000000000e+00 3.172101020160679741e-01 0.000000000000000000e+00 6.815662599063334603e-01 2.505273800353981340e-10 1.129643475022338166e-11 1.930657418078007688e-13 0.000000000000000000e+00 2.416283719203368430e-15 0.000000000000000000e+00 0.000000000000000000e+00 0.000000000000000000e+00 6.624603602007042544e-15 1.233926404564532328e-18 9.770530604455211946e-20 8.489332859371313908e-12 0.000000000000000000e+00 0.000000000000000000e+00 0.000000000000000000e+00 0.000000000000000000e+00 0.000000000000000000e+00 0.000000000000000000e+00
1.650000000000000000e+03 4.738810010094620395e+01 1.223637809690466226e-03 0.000000000000000000e+00 3.172101026425043213e-01 0.000000000000000000e+00 6.815662591167045425e-01 3.980233434542227718e-10 1.823521279114012562e-11 3.683665203758464497e-13 0.000000000000000000e+00 4.486158539880232551e-15 0.000000000000000000e+00 0.000000000000000000e+00 0.000000000000000000e+00 1.384061735774683669e-14 2.742082151844207731e-18 2.253350973045966711e-19 1.445563945768759454e-11 0.000000000000000000e+00 0.000000000000000000e+00 0.000000000000000000e+00 0.000000000000000000e+00 0.000000000000000000e+00 0.000000000000000000e+00
1.675000000000000000e+03 4.738829461455581082e+01 1.223637795230400052e-03 0.000000000000000000e+00 3.172101048107171528e-01 0.000000000000000000e+00 6.815662567166921315e-01 6.234302784746828725e-10 2.900420811939359134e-11 6.891436991082395685e-13 0.000000000000000000e+00 8.165193439898010373e-15 0.000000000000000000e+00 0.000000000000000000e+00 0.000000000000000000e+00 2.825971005311953253e-14 5.947245876369691302e-18 5.053765666693698601e-19 2.420025820826980753e-11 0.000000000000000000e+00 0.000000000000000000e+00 0.000000000000000000e+00 0.000000000000000000e+00 0.000000000000000000e+00 0.000000000000000000e+00
1.700000000000000000e+03 4.738854410106269199e+01 1.223637805567036546e-03 0.000000000000000000e+00 3.172101072375080877e-01 0.000000000000000000e+00 6.815662539069313741e-01 9.633094237202249081e-10 4.548593317228944389e-11 1.265285588206882006e-12 0.000000000000000000e+00 1.458188958439565292e-14 0.000000000000000000e+00 0.000000000000000000e+00 0.000000000000000000e+00 5.644739808744791042e-14 1.260340426637794198e-17 1.103802514035396263e-18 3.986180688148479427e-11 0.000000000000000000e+00 0.000000000000000000e+00 0.000000000000000000e+00 0.000000000000000000e+00 0.000000000000000000e+00 0.000000000000000000e+00
1.725000000000000000e+03 4.738886480866603534e+01 1.223637793309308511e-03 0.000000000000000000e+00 3.172101059833509762e-01 0.000000000000000000e+00 6.815662546166345592e-01 1.469261504292026179e-09 7.037649968175469537e-11 2.281863350716016957e-12 0.000000000000000000e+00 2.557313005619217143e-14 0.000000000000000000e+00 0.000000000000000000e+00 0.000000000000000000e+00 1.104092314789722335e-13 2.612530375912166033e-17 2.350884997638290995e-18 6.464934824919253074e-11 0.000000000000000000e+00 0.000000000000000000e+00 0.000000000000000000e+00 0.000000000000000000e+00 0.000000000000000000e+00 0.000000000000000000e+00
1.750000000000000000e+03 4.738927199114846189e+01 1.223637786155527037e-03 0.000000000000000000e+00 3.172101086906291556e-01 0.000000000000000000e+00 6.815662510948681252e-01 2.213247509236543578e-09 1.074894460132426691e-10 4.045448288239642159e-12 0.000000000000000000e+00 4.407809606139266018e-14 0.000000000000000000e+00 0.000000000000000000e+00 0.000000000000000000e+00 2.116650130972451216e-13 5.302441146030669723e-17 4.888452509983134816e-18 1.033092942702664109e-10 0.000000000000000000e+00 0.000000000000000000e+00 0.000000000000000000e+00 0.000000000000000000e+00 0.000000000000000000e+00 0.000000000000000000e+00
1.775000000000000000e+03 4.738978796177087816e+01 1.223637816907369733e-03 0.000000000000000000e+00 3.172101046375235822e-01 0.000000000000000000e+00 6.815662539186385649e-01 3.294480424367697879e-09 1.621550129247281110e-10 7.055944489584674967e-12 0.000000000000000000e+00 7.472345215154977818e-14 0.000000000000000000e+00 0.000000000000000000e+00 0.000000000000000000e+00 3.980608084791506586e-13 1.054744579093106147e-16 9.936038644846241188e-18 1.627660609451122412e-10 0.000000000000000000e+00 0.000000000000000000e+00 0.000000000000000000e+00 0.000000000000000000e+00 0.000000000000000000e+00 0.000000000000000000e+00
1.800000000000000000e+03 4.739043699394726161e+01 1.223637788919176806e-03 0.000000000000000000e+00 3.172101031441523222e-01 0.000000000000000000e+00 6.815662537109650199e-01 4.848258473983262571e-09 2.417390221817201563e-10 1.211641054005823252e-11 0.000000000000000000e+00 1.246792387697026956e-13 0.000000000000000000e+00 0.000000000000000000e+00 0.000000000000000000e+00 7.349534914645813638e-13 2.058113959078887556e-16 1.976183014174508496e-17 2.529898444533081692e-10 0.000000000000000000e+00 0.000000000000000000e+00 0.000000000000000000e+00 0.000000000000000000e+00 0.000000000000000000e+00 0.000000000000000000e+00
1.825000000000000000e+03 4.739124728282268251e+01 1.223637807864491091e-03 0.000000000000000000e+00 3.172101011281680538e-01 0.000000000000000000e+00 6.815662532421637998e-01 7.057167501031673278e-09 3.544410268746757502e-10 2.049871278184916007e-11 0.000000000000000000e+00 2.048921620689029489e-13 0.000000000000000000e+00 0.000000000000000000e+00 0.000000000000000000e+00 1.333258118563191922e-12 3.942896476635340781e-16 3.849939946374685218e-17 3.881577253357877971e-10 0.000000000000000000e+00 0.000000000000000000e+00 0.000000000000000000e+00 0.000000000000000000e+00 0.000000000000000000e+00 0.000000000000000000e+00
1.850000000000000000e+03 4.739225373246556217e+01 1.223637780185635789e-03 0.000000000000000000e+00 3.172101016082637948e-01 0.000000000000000000e+00 6.815662493046250603e-01 1.016514859613110398e-08 5.166868416964026665e-10 3.419022983327271702e-11 0.000000000000000000e+00 3.318375042943527791e-13 0.000000000000000000e+00 0.000000000000000000e+00 0.000000000000000000e+00 2.378089069310640729e-12 7.422308308346742799e-16 7.353727570747590588e-17 5.881889996519263318e-10 0.000000000000000000e+00 0.000000000000000000e+00 0.000000000000000000e+00 0.000000000000000000e+00 0.000000000000000000e+00 0.000000000000000000e+00
1.875000000000000000e+03 4.739349665449569216e+01 1.223637744657060048e-03 0.000000000000000000e+00 3.172100992652021612e-01 0.000000000000000000e+00 6.815662468080646574e-01 1.449499680122645811e-08 7.453641450221786319e-10 5.625693649647946155e-11 0.000000000000000000e+00 5.299740238299791896e-13 0.000000000000000000e+00 0.000000000000000000e+00 0.000000000000000000e+00 4.173495570266308906e-12 1.373965737430167960e-15 1.378404744990773195e-16 8.807531083297531665e-10 0.000000000000000000e+00 0.000000000000000000e+00 0.000000000000000000e+00 0.000000000000000000e+00 0.000000000000000000e+00 0.000000000000000000e+00
1.900000000000000000e+03 4.739502346201071958e+01 1.223637777519283190e-03 0.000000000000000000e+00 3.172100900225872100e-01 0.000000000000000000e+00 6.815662492621747948e-01 2.046992578019979769e-08 1.064504800753652812e-09 9.137178491687140503e-11 0.000000000000000000e+00 8.351392330290989652e-13 0.000000000000000000e+00 0.000000000000000000e+00 0.000000000000000000e+00 7.211278304028883919e-12 2.502906923656414907e-15 2.537624526022679848e-16 1.303867282212690197e-09 0.000000000000000000e+00 0.000000000000000000e+00 0.000000000000000000e+00 0.000000000000000000e+00 0.000000000000000000e+00 0.000000000000000000e+00
1.925000000000000000e+03 4.739688729541548895e+01 1.223637748427947080e-03 0.000000000000000000e+00 3.172100865423109761e-01 0.000000000000000000e+00 6.815662434942711956e-01 2.863992069878615205e-08 1.505689882927579628e-09 1.465756615870683260e-10 0.000000000000000000e+00 1.299186830114375964e-12 0.000000000000000000e+00 0.000000000000000000e+00 0.000000000000000000e+00 1.227531193070854549e-11 4.490013918827231897e-15 4.592018322565002459e-16 1.909224158574555707e-09 0.000000000000000000e+00 0.000000000000000000e+00 0.000000000000000000e+00 0.000000000000000000e+00 0.000000000000000000e+00 0.000000000000000000e+00
1.950000000000000000e+03 4.739915113717666628e+01 1.223637725143735498e-03 0.000000000000000000e+00 3.172100810208435262e-01 0.000000000000000000e+00 6.815662364089396519e-01 3.971363960452920268e-08 2.110056002946884717e-09 2.323625698734396440e-10 0.000000000000000000e+00 1.996245092458272146e-12 0.000000000000000000e+00 0.000000000000000000e+00 0.000000000000000000e+00 2.059748974597845665e-11 7.937286649031665207e-15 8.173909390121007951e-16 2.766412288038293025e-09 0.000000000000000000e+00 0.000000000000000000e+00 0.000000000000000000e+00 0.000000000000000000e+00 0.000000000000000000e+00 0.000000000000000000e+00
1.975000000000000000e+03 4.740188753753150053e+01 1.223637709286848514e-03 0.000000000000000000e+00 3.172100751813559660e-01 0.000000000000000000e+00 6.815662252122998144e-01 5.459675639491208904e-08 2.930732842025781560e-09 3.642130598233492316e-10 0.000000000000000000e+00 3.031066029877178925e-12 0.000000000000000000e+00 0.000000000000000000e+00 0.000000000000000000e+00 3.408771093000806615e-11 1.383535791626540511e-14 1.432226626581746598e-15 3.968221173227979090e-09 0.000000000000000000e+00 0.000000000000000000e+00 0.000000000000000000e+00 0.000000000000000000e+00 0.000000000000000000e+00 0.000000000000000000e+00
2.000000000000000000e+03 4.740517681650062087e+01 1.223637653732449542e-03 0.000000000000000000e+00 3.172100616392771744e-01 0.000000000000000000e+00 6.815662159713303803e-01 7.443764017239951317e-08 4.035781149439196619e-09 5.647426646585417431e-10 0.000000000000000000e+00 4.550041519460735287e-12 0.000000000000000000e+00 0.000000000000000000e+00 0.000000000000000000e+00 5.566870494042103253e-11 2.379367898022830178e-14 2.471939985905271229e-15 5.637251170532122588e-09 0.000000000000000000e+00 0.000000000000000000e+00 0.000000000000000000e+00 0.000000000000000000e+00 0.000000000000000000e+00 0.000000000000000000e+00
2.025000000000000000e+03 4.740911185269015959e+01 1.223637565415022169e-03 0.000000000000000000e+00 3.172100483688924943e-01 0.000000000000000000e+00 6.815661989754375760e-01 1.006812331323535020e-07 5.511697510989197351e-09 8.666875801938312750e-10 0.000000000000000000e+00 6.755583440367274316e-12 0.000000000000000000e+00 0.000000000000000000e+00 0.000000000000000000e+00 8.975738621075998371e-11 4.044135213221944155e-14 4.205142570398997033e-15 7.934079110194515173e-09 0.000000000000000000e+00 0.000000000000000000e+00 0.000000000000000000e+00 0.000000000000000000e+00 0.000000000000000000e+00 0.000000000000000000e+00
2.050000000000000000e+03 4.741379615709668371e+01 1.223637508756091584e-03 0.000000000000000000e+00 3.172100279743821361e-01 0.000000000000000000e+00 6.815661793790599443e-01 1.351329513721504145e-07 7.467607864607850137e-09 1.317024483133023879e-09 0.000000000000000000e+00 9.924707813796820054e-12 0.000000000000000000e+00 0.000000000000000000e+00 0.000000000000000000e+00 1.429489263339445959e-10 6.782295337340677939e-14 7.055010049011194630e-15 1.106726964252333765e-08 0.000000000000000000e+00 0.000000000000000000e+00 0.000000000000000000e+00 0.000000000000000000e+00 0.000000000000000000e+00 0.000000000000000000e+00
2.075000000000000000e+03 4.741934608749220104e+01 1.223637407460381916e-03 0.000000000000000000e+00 3.172100068534590700e-01 0.000000000000000000e+00 6.815661481394654775e-01 1.800317851825860991e-07 1.004013334545046318e-08 1.982611703638488926e-09 0.000000000000000000e+00 1.443281236118306215e-11 0.000000000000000000e+00 0.000000000000000000e+00 0.000000000000000000e+00 2.249769278988534327e-10 1.124043318730307252e-13 1.167970729679825292e-14 1.530555098095194692e-08 0.000000000000000000e+00 0.000000000000000000e+00 0.000000000000000000e+00 0.000000000000000000e+00 0.000000000000000000e+00 0.000000000000000000e+00
2.100000000000000000e+03 4.742589204185883744e+01 1.223637276615401667e-03 0.000000000000000000e+00 3.172099712147558592e-01 0.000000000000000000e+00 6.815661156519486896e-01 2.381361117815036608e-07 1.339914486543847787e-08 2.957867219826670367e-09 0.000000000000000000e+00 2.078381699283151516e-11 0.000000000000000000e+00 0.000000000000000000e+00 0.000000000000000000e+00 3.500472606191802481e-10 1.841849437832914752e-13 1.909034892740820624e-14 2.099252193976138710e-08 0.000000000000000000e+00 0.000000000000000000e+00 0.000000000000000000e+00 0.000000000000000000e+00 0.000000000000000000e+00 0.000000000000000000e+00
2.125000000000000000e+03 4.743357749821641534e+01 1.223637109198611166e-03 0.000000000000000000e+00 3.172099295009506159e-01 0.000000000000000000e+00 6.815660693057309372e-01 3.128216222475516510e-07 1.775440868120478652e-08 4.375150314992381656e-09 0.000000000000000000e+00 2.964802207020275827e-11 0.000000000000000000e+00 0.000000000000000000e+00 0.000000000000000000e+00 5.386703336157211085e-10 2.985299942712323207e-13 3.082203149676153524e-14 2.856429073474554154e-08 0.000000000000000000e+00 0.000000000000000000e+00 0.000000000000000000e+00 0.000000000000000000e+00 0.000000000000000000e+00 0.000000000000000000e+00
2.150000000000000000e+03 4.744256057542155958e+01 1.223636895000716502e-03 0.000000000000000000e+00 3.172098727139437968e-01 0.000000000000000000e+00 6.815660129829685943e-01 4.081930455990541379e-07 2.336324359832573720e-08 6.418715249004764902e-09 0.000000000000000000e+00 4.190925009358064934e-11 0.000000000000000000e+00 0.000000000000000000e+00 0.000000000000000000e+00 8.201521122339893207e-10 4.788196109799592465e-13 4.917907930898049680e-14 3.857049316806163573e-08 0.000000000000000000e+00 0.000000000000000000e+00 0.000000000000000000e+00 0.000000000000000000e+00 0.000000000000000000e+00 0.000000000000000000e+00
2.175000000000000000e+03 4.745301520599996792e+01 1.223636625407357580e-03 0.000000000000000000e+00 3.172097964859354469e-01 0.000000000000000000e+00 6.815659448007310717e-01 5.292106073835468851e-07 3.053927968714371856e-08 9.343358510357005842e-09 0.000000000000000000e+00 5.872304729936494817e-11 0.000000000000000000e+00 0.000000000000000000e+00 0.000000000000000000e+00 1.235946926338658965e-09 7.602963300388856106e-13 7.758302666014558291e-14 5.169917282844890591e-08 0.000000000000000000e+00 0.000000000000000000e+00 0.000000000000000000e+00 0.000000000000000000e+00 0.000000000000000000e+00 0.000000000000000000e+00
2.200000000000000000e+03 4.746512840712265557e+01 1.223636256275639116e-03 0.000000000000000000e+00 3.172097082786353162e-01 0.000000000000000000e+00 6.815658497379897263e-01 6.818323714630715189e-07 3.966242039349967369e-08 1.349920071091213530e-08 0.000000000000000000e+00 8.158796379152922484e-11 0.000000000000000000e+00 0.000000000000000000e+00 0.000000000000000000e+00 1.844126156968929590e-09 1.195604695640242155e-12 1.210613204191250864e-13 6.880607598006816190e-08 0.000000000000000000e+00 0.000000000000000000e+00 0.000000000000000000e+00 0.000000000000000000e+00 0.000000000000000000e+00 0.000000000000000000e+00
2.225000000000000000e+03 4.747910627691391028e+01 1.223635819799046400e-03 0.000000000000000000e+00 3.172095875327824999e-01 0.000000000000000000e+00 6.815657391314581259e-01 8.731727889891065560e-07 5.119005572783042885e-08 1.936443573444492118e-08 0.000000000000000000e+00 1.124321657648537254e-10 0.000000000000000000e+00 0.000000000000000000e+00 0.000000000000000000e+00 2.725284116866584493e-09 1.862701374370523749e-12 1.869269911729131960e-13 9.094891397550969177e-08 0.000000000000000000e+00 0.000000000000000000e+00 0.000000000000000000e+00 0.000000000000000000e+00 0.000000000000000000e+00 0.000000000000000000e+00
2.250000000000000000e+03 4.749516755814477875e+01 1.223635246999800431e-03 0.000000000000000000e+00 3.172094402712971051e-01 0.000000000000000000e+00 6.815655959701178990e-01 1.111679192280830802e-06 6.566966834877648844e-08 2.758838524458352522e-08 0.000000000000000000e+00 1.537178877042736599e-10 0.000000000000000000e+00 0.000000000000000000e+00 0.000000000000000000e+00 3.990230449325038323e-09 2.876056450090838947e-12 2.857149748833898949e-13 1.194272289552586988e-07 0.000000000000000000e+00 0.000000000000000000e+00 0.000000000000000000e+00 0.000000000000000000e+00 0.000000000000000000e+00 0.000000000000000000e+00
2.275000000000000000e+03 4.751354621574895987e+01 1.223634539135952382e-03 0.000000000000000000e+00 3.172092551135866634e-01 0.000000000000000000e+00 6.815654183889739981e-01 1.407325689961127407e-06 8.375284092643526915e-08 3.904778401628151242e-08 0.000000000000000000e+00 2.085664921266431363e-10 0.000000000000000000e+00 0.000000000000000000e+00 0.000000000000000000e+00 5.790028824904370217e-09 4.402392705034101381e-12 4.324602928476159016e-13 1.558285582251127667e-07 0.000000000000000000e+00 0.000000000000000000e+00 0.000000000000000000e+00 0.000000000000000000e+00 0.000000000000000000e+00 0.000000000000000000e+00
2.300000000000000000e+03 4.753449183693088287e+01 1.223633633067601392e-03 0.000000000000000000e+00 3.172090253881464372e-01 0.000000000000000000e+00 6.815651973237554229e-01 1.771825696695652022e-06 1.062107632620002189e-07 5.491997523833187729e-08 0.000000000000000000e+00 2.809071072225669345e-10 0.000000000000000000e+00 0.000000000000000000e+00 0.000000000000000000e+00 8.328833054656052650e-09 6.682628025486442625e-12 6.484276657875764930e-13 2.020815240347698982e-07 0.000000000000000000e+00 0.000000000000000000e+00 0.000000000000000000e+00 0.000000000000000000e+00 0.000000000000000000e+00 0.000000000000000000e+00
2.325000000000000000e+03 4.755826496109720836e+01 1.223632524001982318e-03 0.000000000000000000e+00 3.172087432998749734e-01 0.000000000000000000e+00 6.815649218002360898e-01 2.218863319256416858e-06 1.339513097709674981e-07 7.677758565900875006e-08 0.000000000000000000e+00 3.756521679836556874e-10 0.000000000000000000e+00 0.000000000000000000e+00 0.000000000000000000e+00 1.188027600907878514e-08 1.006223768826141816e-11 9.634319652326125473e-13 2.605167185851157078e-07 0.000000000000000000e+00 0.000000000000000000e+00 0.000000000000000000e+00 0.000000000000000000e+00 0.000000000000000000e+00 0.000000000000000000e+00
2.350000000000000000e+03 4.758514150877079629e+01 1.223631180335288783e-03 0.000000000000000000e+00 3.172083840397310062e-01 0.000000000000000000e+00 6.815645944301247372e-01 2.764342356412644659e-06 1.680376266141873278e-07 1.067102778158167056e-07 0.000000000000000000e+00 4.989031964805006494e-10 0.000000000000000000e+00 0.000000000000000000e+00 0.000000000000000000e+00 1.680817449524558263e-08 1.503295372714349336e-11 1.418925828288256098e-12 3.339360186370239847e-07 0.000000000000000000e+00 0.000000000000000000e+00 0.000000000000000000e+00 0.000000000000000000e+00 0.000000000000000000e+00 0.000000000000000000e+00
2.375000000000000000e+03 4.761540445452136794e+01 1.223629470495054541e-03 0.000000000000000000e+00 3.172079476700147005e-01 0.000000000000000000e+00 6.815641890476457077e-01 3.426656496515202180e-06 2.097084827421875952e-07 1.474805432552204027e-07 0.000000000000000000e+00 6.581908588396026892e-10 0.000000000000000000e+00 0.000000000000000000e+00 0.000000000000000000e+00 2.359248978188393830e-08 2.228961798963918534e-11 2.072075557675013941e-12 4.256912796279030650e-07 0.000000000000000000e+00 0.000000000000000000e+00 0.000000000000000000e+00 0.000000000000000000e+00 0.000000000000000000e+00 0.000000000000000000e+00
2.400000000000000000e+03 4.764934787854152631e+01 1.223627411386974317e-03 0.000000000000000000e+00 3.172074109101453709e-01 0.000000000000000000e+00 6.815636980486585728e-01 4.226974625663219280e-06 2.604000665112320858e-07 2.027218298178854802e-07 0.000000000000000000e+00 8.627526950749426198e-10 0.000000000000000000e+00 0.000000000000000000e+00 0.000000000000000000e+00 3.286161575416741780e-08 3.280714953812032785e-11 3.001099744489964614e-12 5.397731105449355504e-07 0.000000000000000000e+00 0.000000000000000000e+00 0.000000000000000000e+00 0.000000000000000000e+00 0.000000000000000000e+00 0.000000000000000000e+00
2.425000000000000000e+03 4.768727003681850363e+01 1.223624905405182664e-03 0.000000000000000000e+00 3.172067553532502693e-01 0.000000000000000000e+00 6.815631037163599748e-01 5.189547108215886070e-06 3.217696188238982997e-07 2.771892150335295019e-07 0.000000000000000000e+00 1.123853240685478329e-09 0.000000000000000000e+00 0.000000000000000000e+00 0.000000000000000000e+00 4.543223740444795432e-08 4.794400150245010023e-11 4.312209843969721840e-12 6.809106954242050655e-07 0.000000000000000000e+00 0.000000000000000000e+00 0.000000000000000000e+00 0.000000000000000000e+00 0.000000000000000000e+00 0.000000000000000000e+00
2.450000000000000000e+03 4.772947504175629518e+01 1.223621820750247970e-03 0.000000000000000000e+00 3.172059550011483431e-01 0.000000000000000000e+00 6.815623897827227662e-01 6.342027783824792506e-06 3.957205513301600883e-07 3.770745949519498524e-07 0.000000000000000000e+00 1.455150187563657279e-09 0.000000000000000000e+00 0.000000000000000000e+00 0.000000000000000000e+00 6.235818029164784271e-08 6.958026255846088644e-11 6.148567075405002906e-12 8.546833891968930592e-07 0.000000000000000000e+00 0.000000000000000000e+00 0.000000000000000000e+00 0.000000000000000000e+00 0.000000000000000000e+00 0.000000000000000000e+00
2.475000000000000000e+03 4.777626939025543606e+01 1.223618046181208048e-03 0.000000000000000000e+00 3.172049832640304601e-01 0.000000000000000000e+00 6.815615334280124005e-01 7.715814354160897370e-06 4.844293907750904833e-07 5.104010919907304503e-07 0.000000000000000000e+00 1.873111260852117818e-09 0.000000000000000000e+00 0.000000000000000000e+00 0.000000000000000000e+00 8.498982253890724085e-08 1.003007739094535786e-10 8.701761048301271593e-12 1.067645002751924630e-06 0.000000000000000000e+00 0.000000000000000000e+00 0.000000000000000000e+00 0.000000000000000000e+00 0.000000000000000000e+00 0.000000000000000000e+00
2.500000000000000000e+03 4.782795669875144995e+01 1.223613483901974178e-03 0.000000000000000000e+00 3.172038030405801012e-01 0.000000000000000000e+00 6.815605141220929530e-01 9.346404849137039881e-06 5.903741553028125278e-07 6.875134195591453559e-07 0.000000000000000000e+00 2.397486293499185311e-09 0.000000000000000000e+00 0.000000000000000000e+00 0.000000000000000000e+00 1.150459049661097712e-07 1.436362668816372314e-10 1.222641772542238094e-11 1.327461746832981660e-06 0.000000000000000000e+00 0.000000000000000000e+00 0.000000000000000000e+00 0.000000000000000000e+00 0.000000000000000000e+00 0.000000000000000000e+00
2.525000000000000000e+03 4.788483900506192015e+01 1.223607998643950123e-03 0.000000000000000000e+00 3.172023834513574836e-01 0.000000000000000000e+00 6.815592956909668487e-01 1.127377239768511168e-05 7.163647001788508940e-07 9.216845874583879680e-07 0.000000000000000000e+00 3.051838567254032218e-09 0.000000000000000000e+00 0.000000000000000000e+00 0.000000000000000000e+00 1.546996797297237570e-07 2.043788666348168668e-10 1.705866866431298976e-11 1.643064390558927382e-06 0.000000000000000000e+00 0.000000000000000000e+00 0.000000000000000000e+00 0.000000000000000000e+00 0.000000000000000000e+00 0.000000000000000000e+00
2.550000000000000000e+03 4.794721218487496373e+01 1.223601359238925658e-03 0.000000000000000000e+00 3.172006606681651575e-01 0.000000000000000000e+00 6.815578641119300896e-01 1.354275064627634373e-05 8.655742384860028969e-07 1.229861827059941120e-06 0.000000000000000000e+00 3.864140604331340242e-09 0.000000000000000000e+00 0.000000000000000000e+00 0.000000000000000000e+00 2.066816464777790557e-07 2.889922618623766646e-10 2.363934618092688485e-11 2.024815535258694660e-06 0.000000000000000000e+00 0.000000000000000000e+00 0.000000000000000000e+00 0.000000000000000000e+00 0.000000000000000000e+00 0.000000000000000000e+00
2.575000000000000000e+03 4.801536575784641769e+01 1.223593368300395423e-03 0.000000000000000000e+00 3.171985899038755607e-01 0.000000000000000000e+00 6.815561737309043799e-01 1.620344302064925958e-05 1.041573158365261514e-06 1.633580044891954434e-06 0.000000000000000000e+00 4.867437275381392152e-09 0.000000000000000000e+00 0.000000000000000000e+00 0.000000000000000000e+00 2.744012881595498083e-07 4.061414368402181498e-10 3.254293911984958674e-11 2.484693286035029159e-06 0.000000000000000000e+00 0.000000000000000000e+00 0.000000000000000000e+00 0.000000000000000000e+00 0.000000000000000000e+00 0.000000000000000000e+00
2.600000000000000000e+03 4.808957842619803813e+01 1.223583812271992165e-03 0.000000000000000000e+00 3.171961022357390747e-01 0.000000000000000000e+00 6.815541885812025358e-01 1.931163986715022361e-05 1.248363848150316292e-06 2.160073085619048907e-06 0.000000000000000000e+00 6.100582951494588549e-09 0.000000000000000000e+00 0.000000000000000000e+00 0.000000000000000000e+00 3.620904308478419231e-07 5.673728439516462153e-10 4.451351631503178522e-11 3.036491085462399752e-06 0.000000000000000000e+00 0.000000000000000000e+00 0.000000000000000000e+00 0.000000000000000000e+00 0.000000000000000000e+00 0.000000000000000000e+00
2.625000000000000000e+03 4.817011901123131423e+01 1.223572333287757663e-03 0.000000000000000000e+00 3.171931249105836015e-01 0.000000000000000000e+00 6.815518599975888270e-01 2.292925651198303796e-05 1.490417541254568078e-06 2.843620030811088044e-06 0.000000000000000000e+00 7.609053250870678840e-09 0.000000000000000000e+00 0.000000000000000000e+00 0.000000000000000000e+00 4.749712081555064201e-07 7.879822630707122295e-10 6.050902526966779991e-11 3.696035703183421045e-06 0.000000000000000000e+00 0.000000000000000000e+00 0.000000000000000000e+00 0.000000000000000000e+00 0.000000000000000000e+00 0.000000000000000000e+00
2.650000000000000000e+03 4.825724413696782733e+01 1.223558561496738886e-03 0.000000000000000000e+00 3.171895595829611891e-01 0.000000000000000000e+00 6.815491457058082680e-01 2.712478008689857731e-05 1.772712854287764223e-06 3.727167232009820295e-06 0.000000000000000000e+00 9.445839988342172353e-09 0.000000000000000000e+00 0.000000000000000000e+00 0.000000000000000000e+00 6.194514088221368261e-07 1.088115713538665094e-09 8.175561267847811874e-11 4.481422440768905242e-06 0.000000000000000000e+00 0.000000000000000000e+00 0.000000000000000000e+00 0.000000000000000000e+00 0.000000000000000000e+00 0.000000000000000000e+00
2.675000000000000000e+03 4.835119629177890488e+01 1.223542158201667467e-03 0.000000000000000000e+00 3.171853074919342985e-01 0.000000000000000000e+00 6.815459816576887597e-01 3.197374270209703468e-05 2.100775803869453768e-06 4.864275280902839993e-06 0.000000000000000000e+00 1.167242674939103106e-08 0.000000000000000000e+00 0.000000000000000000e+00 0.000000000000000000e+00 8.033511488923890593e-07 1.494158103787894067e-09 1.098138876352142437e-10 5.413270840939898684e-06 0.000000000000000000e+00 0.000000000000000000e+00 0.000000000000000000e+00 0.000000000000000000e+00 0.000000000000000000e+00 0.000000000000000000e+00
2.700000000000000000e+03 4.845220659958647502e+01 1.223522564334287091e-03 0.000000000000000000e+00 3.171802354075721198e-01 0.000000000000000000e+00 6.815423129639716082e-01 3.755919180639919098e-05 2.480721437223909738e-06 6.321442648600292953e-06 0.000000000000000000e+00 1.435985406424078759e-08 0.000000000000000000e+00 0.000000000000000000e+00 0.000000000000000000e+00 1.036163587494261801e-06 2.040474905686507712e-09 1.466592513404562970e-10 6.514997653888279371e-06 0.000000000000000000e+00 0.000000000000000000e+00 0.000000000000000000e+00 0.000000000000000000e+00 0.000000000000000000e+00 0.000000000000000000e+00
2.725000000000000000e+03 4.856049165522162525e+01 1.223499242463715192e-03 0.000000000000000000e+00 3.171741938185876353e-01 0.000000000000000000e+00 6.815380715614166585e-01 4.397218899603743298e-05 2.919297350245782350e-06 8.180868446719478243e-06 0.000000000000000000e+00 1.758987381515451146e-08 0.000000000000000000e+00 0.000000000000000000e+00 0.000000000000000000e+00 1.329354158215700829e-06 2.771584710619019112e-09 1.947788565222567750e-10 7.813112343623562981e-06 0.000000000000000000e+00 0.000000000000000000e+00 0.000000000000000000e+00 0.000000000000000000e+00 0.000000000000000000e+00 0.000000000000000000e+00
2.750000000000000000e+03 4.867625642036604461e+01 1.223471538166280917e-03 0.000000000000000000e+00 3.171670074809038731e-01 0.000000000000000000e+00 6.815331813191888299e-01 5.131231588330184876e-05 3.423928552390074524e-06 1.054372558905246853e-05 0.000000000000000000e+00 2.145619333571340790e-08 0.000000000000000000e+00 0.000000000000000000e+00 0.000000000000000000e+00 1.696701747850851455e-06 3.744855261595776789e-09 2.572879970960149360e-10 9.337531632035031098e-06 0.000000000000000000e+00 0.000000000000000000e+00 0.000000000000000000e+00 0.000000000000000000e+00 0.000000000000000000e+00 0.000000000000000000e+00
2.775000000000000000e+03 4.879969211209887447e+01 1.223438597881439322e-03 0.000000000000000000e+00 3.171584690385471084e-01 0.000000000000000000e+00 6.815275593506154861e-01 5.968819362890935581e-05 4.002763739145780188e-06 1.353401570587066182e-05 0.000000000000000000e+00 2.606581860258350510e-08 0.000000000000000000e+00 0.000000000000000000e+00 0.000000000000000000e+00 2.154686419875117449e-06 5.033831467644258592e-09 3.380691264614416981e-10 1.112191574288681291e-05 0.000000000000000000e+00 0.000000000000000000e+00 0.000000000000000000e+00 0.000000000000000000e+00 0.000000000000000000e+00 0.000000000000000000e+00
2.800000000000000000e+03 4.893097896900627575e+01 1.223399547709294165e-03 0.000000000000000000e+00 3.171483483921507252e-01 0.000000000000000000e+00 6.815211005458889915e-01 6.921801606095618134e-05 4.664723742920260148e-06 1.730310548908371596e-05 0.000000000000000000e+00 3.154048323620621657e-08 0.000000000000000000e+00 0.000000000000000000e+00 0.000000000000000000e+00 2.722927474162572873e-06 6.732323797944879842e-09 4.419371621512684615e-10 1.320402673957355717e-05 0.000000000000000000e+00 0.000000000000000000e+00 0.000000000000000000e+00 0.000000000000000000e+00 0.000000000000000000e+00 0.000000000000000000e+00
2.825000000000000000e+03 4.907028924238970546e+01 1.223353310054022544e-03 0.000000000000000000e+00 3.171363527996471920e-01 0.000000000000000000e+00 6.815137109156722550e-01 8.003007144047147661e-05 5.419549062982004093e-06 2.203501859592431851e-05 0.000000000000000000e+00 3.801818274554746995e-08 0.000000000000000000e+00 0.000000000000000000e+00 0.000000000000000000e+00 3.424675978779232519e-06 8.959404972949393445e-09 5.748350328271288399e-10 1.562610712550805851e-05 0.000000000000000000e+00 0.000000000000000000e+00 0.000000000000000000e+00 0.000000000000000000e+00 0.000000000000000000e+00 0.000000000000000000e+00
2.850000000000000000e+03 4.921778612954489773e+01 1.223298526858698646e-03 0.000000000000000000e+00 3.171221565500915718e-01 0.000000000000000000e+00 6.815052702244500660e-01 9.226330526436740751e-05 6.277852125744944661e-06 2.795262539815647563e-05 0.000000000000000000e+00 4.565479511869925822e-08 0.000000000000000000e+00 0.000000000000000000e+00 0.000000000000000000e+00 4.287367770742584044e-06 1.186548911782696587e-08 7.440640904703950054e-10 1.843528369226217199e-05 0.000000000000000000e+00 0.000000000000000000e+00 0.000000000000000000e+00 0.000000000000000000e+00 0.000000000000000000e+00 0.000000000000000000e+00
2.875000000000000000e+03 4.937362641947819952e+01 1.223233789870451600e-03 0.000000000000000000e+00 3.171053642851167642e-01 0.000000000000000000e+00 6.814956596483396911e-01 1.060678458397800524e-04 7.251166421032291629e-06 3.532481277861087649e-05 0.000000000000000000e+00 5.462579092414240117e-08 0.000000000000000000e+00 0.000000000000000000e+00 0.000000000000000000e+00 5.343238719049434000e-06 1.563969344188131706e-08 9.585543081655612789e-10 2.168398887616728745e-05 0.000000000000000000e+00 0.000000000000000000e+00 0.000000000000000000e+00 0.000000000000000000e+00 0.000000000000000000e+00 0.000000000000000000e+00
2.900000000000000000e+03 4.953796465658661674e+01 1.223157280632583685e-03 0.000000000000000000e+00 3.170855368614550196e-01 0.000000000000000000e+00 6.814847261984308124e-01 1.216055704355540701e-04 8.351999239068186288e-06 4.447479590042639698e-05 0.000000000000000000e+00 6.512804845195162246e-08 0.000000000000000000e+00 0.000000000000000000e+00 0.000000000000000000e+00 6.630009736002987276e-06 2.051871257071677169e-08 1.229179667694247140e-09 2.543040822987201424e-05 0.000000000000000000e+00 0.000000000000000000e+00 0.000000000000000000e+00 0.000000000000000000e+00 0.000000000000000000e+00 0.000000000000000000e+00
2.925000000000000000e+03 4.971095259506819275e+01 1.223067021818248154e-03 0.000000000000000000e+00 3.170621423069128753e-01 0.000000000000000000e+00 6.814723201148575882e-01 1.390506365296367440e-04 9.593883448205102092e-06 5.578969453248718344e-05 0.000000000000000000e+00 7.738173669674519462e-08 0.000000000000000000e+00 0.000000000000000000e+00 0.000000000000000000e+00 8.191642703787696656e-06 2.679746845080544854e-08 1.569124883901753336e-09 2.973895086700521938e-05 0.000000000000000000e+00 0.000000000000000000e+00 0.000000000000000000e+00 0.000000000000000000e+00 0.000000000000000000e+00 0.000000000000000000e+00
2.950000000000000000e+03 4.989274429715365500e+01 1.222960652579741479e-03 0.000000000000000000e+00 3.170345599403857628e-01 0.000000000000000000e+00 6.814582780526365902e-01 1.585900011709601230e-04 1.099142808412502814e-05 6.973154944769261213e-05 0.000000000000000000e+00 9.163228620533244774e-08 0.000000000000000000e+00 0.000000000000000000e+00 0.000000000000000000e+00 1.007917512201983429e-05 3.484183781552977981e-08 1.994310039295023003e-09 3.468073213913824219e-05 0.000000000000000000e+00 0.000000000000000000e+00 0.000000000000000000e+00 0.000000000000000000e+00 0.000000000000000000e+00 0.000000000000000000e+00
2.975000000000000000e+03 5.008350083749897408e+01 1.222835357882864644e-03 0.000000000000000000e+00 3.170020869461272484e-01 0.000000000000000000e+00 6.814424019385166842e-01 1.804239560266084140e-04 1.256037195052309383e-05 8.684992927988221959e-05 0.000000000000000000e+00 1.081524320947601500e-07 0.000000000000000000e+00 0.000000000000000000e+00 0.000000000000000000e+00 1.235163154942128414e-05 4.510379637303227028e-08 2.523880152714136983e-09 4.033408855833861751e-05 0.000000000000000000e+00 0.000000000000000000e+00 0.000000000000000000e+00 0.000000000000000000e+00 0.000000000000000000e+00 0.000000000000000000e+00
3.000000000000000000e+03 5.028338823288790138e+01 1.222688024187597875e-03 0.000000000000000000e+00 3.169638923761222693e-01 0.000000000000000000e+00 6.814244883466900049e-01 2.047665912246946060e-04 1.431763234499410450e-05 1.077963384367344436e-04 0.000000000000000000e+00 1.272443316692354715e-07 0.000000000000000000e+00 0.000000000000000000e+00 0.000000000000000000e+00 1.507702343034767515e-05 5.813936103611397227e-08 3.180766966350855416e-09 4.678510310386363593e-05 0.000000000000000000e+00 0.000000000000000000e+00 0.000000000000000000e+00 0.000000000000000000e+00 0.000000000000000000e+00 0.000000000000000000e+00
3.025000000000000000e+03 5.049258855587744677e+01 1.222514940137557496e-03 0.000000000000000000e+00 3.169190158171156790e-01 0.000000000000000000e+00 6.814043116070471751e-01 2.318462739677776253e-04 1.628135115258328079e-05 1.333405737689334549e-04 0.000000000000000000e+00 1.492417080676001446e-07 0.000000000000000000e+00 0.000000000000000000e+00 0.000000000000000000e+00 1.833343040130454407e-05 7.462976138231554086e-08 3.992331397372570838e-09 5.412814260798405012e-05 0.000000000000000000e+00 0.000000000000000000e+00 0.000000000000000000e+00 0.000000000000000000e+00 0.000000000000000000e+00 0.000000000000000000e+00
3.050000000000000000e+03 5.071130149790347730e+01 1.222311759487826810e-03 0.000000000000000000e+00 3.168663451464923675e-01 0.000000000000000000e+00 6.813816253021055536e-01 2.619060540984502299e-04 1.847094378239271269e-05 1.643892918023927968e-04 0.000000000000000000e+00 1.745120536018004729e-07 0.000000000000000000e+00 0.000000000000000000e+00 0.000000000000000000e+00 2.221017190142214259e-05 9.540632660357782980e-08 4.991095020046927616e-09 6.246642085427685112e-05 0.000000000000000000e+00 0.000000000000000000e+00 0.000000000000000000e+00 0.000000000000000000e+00 0.000000000000000000e+00 0.000000000000000000e+00
3.075000000000000000e+03 5.093974587581680424e+01 1.222073560387200572e-03 0.000000000000000000e+00 3.168045953822113403e-01 0.000000000000000000e+00 6.813561601569987358e-01 2.952040010306922701e-04 2.090713799943674247e-05 2.020069684856630758e-04 0.000000000000000000e+00 2.034588464320629495e-07 0.000000000000000000e+00 0.000000000000000000e+00 0.000000000000000000e+00 2.680906984258486797e-05 1.214796030966628332e-07 6.215569903471657428e-09 7.191256902499555106e-05 0.000000000000000000e+00 0.000000000000000000e+00 0.000000000000000000e+00 0.000000000000000000e+00 0.000000000000000000e+00 0.000000000000000000e+00
3.100000000000000000e+03 5.117817124733712575e+01 1.221794643245688056e-03 0.000000000000000000e+00 3.167322915526339933e-01 0.000000000000000000e+00 6.813276155219415431e-01 3.320135206313010179e-04 2.361201423416590242e-05 2.474394528942992257e-04 0.000000000000000000e+00 2.365237930911753124e-07 0.000000000000000000e+00 0.000000000000000000e+00 0.000000000000000000e+00 3.224579305824263904e-05 1.540732924807138091e-07 7.711194236226045107e-09 8.258919308102388474e-05 0.000000000000000000e+00 0.000000000000000000e+00 0.000000000000000000e+00 0.000000000000000000e+00 0.000000000000000000e+00 0.000000000000000000e+00
3.125000000000000000e+03 5.142686228957015260e+01 1.221468495129124192e-03 0.000000000000000000e+00 3.166477325650286501e-01 0.000000000000000000e+00 6.812956668867992116e-01 3.726235093228483686e-04 2.660903120459857257e-05 3.021403853298505510e-04 0.000000000000000000e+00 2.741889568026474350e-07 0.000000000000000000e+00 0.000000000000000000e+00 0.000000000000000000e+00 3.865128999562185582e-05 1.946636308741309703e-07 9.531384579585991092e-09 9.462945321783952407e-05 0.000000000000000000e+00 0.000000000000000000e+00 0.000000000000000000e+00 0.000000000000000000e+00 0.000000000000000000e+00 0.000000000000000000e+00
3.150000000000000000e+03 5.168614282880973576e+01 1.221087484033342527e-03 0.000000000000000000e+00 3.165489786608991496e-01 0.000000000000000000e+00 6.812599469801620122e-01 4.173384660951320077e-04 2.992305191802665880e-05 3.678006793213610946e-04 0.000000000000000000e+00 3.169789487047521833e-07 0.000000000000000000e+00 0.000000000000000000e+00 0.000000000000000000e+00 4.617330939931856362e-05 2.450249556226535830e-07 1.173871324670259885e-08 1.081776255538581890e-04 0.000000000000000000e+00 0.000000000000000000e+00 0.000000000000000000e+00 0.000000000000000000e+00 0.000000000000000000e+00 0.000000000000000000e+00
3.175000000000000000e+03 5.195638693492404769e+01 1.220643101551433050e-03 0.000000000000000000e+00 3.164337686152228768e-01 0.000000000000000000e+00 6.812200936456825895e-01 4.664784119661613136e-04 3.358035143942271613e-05 4.463811242525938172e-04 0.000000000000000000e+00 3.654629486618071621e-07 0.000000000000000000e+00 0.000000000000000000e+00 0.000000000000000000e+00 5.497797684957230678e-05 3.072820220365501718e-07 1.440621807445237967e-08 1.233896218467550588e-04 0.000000000000000000e+00 0.000000000000000000e+00 0.000000000000000000e+00 0.000000000000000000e+00 0.000000000000000000e+00 0.000000000000000000e+00
3.200000000000000000e+03 5.223803008766964240e+01 1.220125377739845335e-03 0.000000000000000000e+00 3.162995626843544961e-01 0.000000000000000000e+00 6.811756693113961703e-01 5.203786375486829522e-04 3.760862230694825129e-05 5.401485619085811402e-04 0.000000000000000000e+00 4.202565466838114420e-07 0.000000000000000000e+00 0.000000000000000000e+00 0.000000000000000000e+00 6.525145124753607120e-05 3.839700875359511120e-07 1.761885381987192915e-08 1.404335080092812364e-04 0.000000000000000000e+00 0.000000000000000000e+00 0.000000000000000000e+00 0.000000000000000000e+00 0.000000000000000000e+00 0.000000000000000000e+00
3.225000000000000000e+03 5.253156896945108656e+01 1.219523217300616221e-03 0.000000000000000000e+00 3.161434423910686187e-01 0.000000000000000000e+00 6.811262191716564995e-01 5.793893944792274193e-04 4.203695722071579309e-05 6.517156564147157452e-04 0.000000000000000000e+00 4.820235474658523186e-07 0.000000000000000000e+00 0.000000000000000000e+00 0.000000000000000000e+00 7.720162337311694178e-05 4.781032806686939318e-07 2.147509070073784463e-08 1.594899865676397744e-04 0.000000000000000000e+00 0.000000000000000000e+00 0.000000000000000000e+00 0.000000000000000000e+00 0.000000000000000000e+00 0.000000000000000000e+00
3.250000000000000000e+03 5.283758451544373713e+01 1.218823648966021501e-03 0.000000000000000000e+00 3.159621094906048255e-01 0.000000000000000000e+00 6.810712284791918814e-01 6.438751185890374861e-04 4.689580978697962973e-05 7.840840858482935310e-04 0.000000000000000000e+00 5.514772890997725651e-07 0.000000000000000000e+00 0.000000000000000000e+00 0.000000000000000000e+00 9.105982857740274464e-05 5.932523043586520554e-07 2.608866563267888397e-08 1.807527201763707754e-04 0.000000000000000000e+00 0.000000000000000000e+00 0.000000000000000000e+00 0.000000000000000000e+00 0.000000000000000000e+00 0.000000000000000000e+00
3.275000000000000000e+03 5.315674621417852563e+01 1.218012240097783539e-03 0.000000000000000000e+00 3.157517688207964746e-01 0.000000000000000000e+00 6.810101915203972123e-01 7.142133662952110688e-04 5.221694057249140275e-05 9.406912515461726817e-04 0.000000000000000000e+00 6.293817620030487636e-07 0.000000000000000000e+00 0.000000000000000000e+00 0.000000000000000000e+00 1.070825698507011476e-04 7.336319045815469443e-07 3.159047809212914703e-08 2.044286862992530929e-04 0.000000000000000000e+00 0.000000000000000000e+00 0.000000000000000000e+00 0.000000000000000000e+00 0.000000000000000000e+00 0.000000000000000000e+00
3.300000000000000000e+03 5.348982982640632144e+01 1.217072631791306803e-03 0.000000000000000000e+00 3.155081722902630115e-01 0.000000000000000000e+00 6.809425166396732010e-01 7.907937007259674064e-04 5.803333131576645965e-05 1.125460988506520781e-03 0.000000000000000000e+00 7.165523465414310641e-07 0.000000000000000000e+00 0.000000000000000000e+00 0.000000000000000000e+00 1.255532136026080766e-04 9.041993429609554960e-07 3.813065225293814713e-08 2.307383217799446754e-04 0.000000000000000000e+00 0.000000000000000000e+00 0.000000000000000000e+00 0.000000000000000000e+00 0.000000000000000000e+00 0.000000000000000000e+00
3.325000000000000000e+03 5.383772720084994745e+01 1.215986203308236629e-03 0.000000000000000000e+00 3.152265428035765371e-01 0.000000000000000000e+00 6.808675489365880740e-01 8.740159450151624909e-04 6.437907852522010055e-05 1.342857332007824480e-03 0.000000000000000000e+00 8.138558018387345900e-07 0.000000000000000000e+00 0.000000000000000000e+00 0.000000000000000000e+00 1.467836149395461908e-04 1.110764018818852735e-06 4.588073539887644129e-08 2.599155854833720648e-04 0.000000000000000000e+00 0.000000000000000000e+00 0.000000000000000000e+00 0.000000000000000000e+00 0.000000000000000000e+00 0.000000000000000000e+00
3.350000000000000000e+03 5.420146054548288106e+01 1.214732178766857271e-03 0.000000000000000000e+00 3.149014481315506875e-01 0.000000000000000000e+00 6.807846413084164272e-01 9.642878458528112741e-04 7.128922596035794281e-05 1.597940641258940213e-03 0.000000000000000000e+00 9.222099567238922998e-07 0.000000000000000000e+00 0.000000000000000000e+00 0.000000000000000000e+00 1.711155829215899894e-04 1.360108878070760418e-06 5.503601162745157782e-08 2.922077304258772828e-04 0.000000000000000000e+00 0.000000000000000000e+00 0.000000000000000000e+00 0.000000000000000000e+00 0.000000000000000000e+00 0.000000000000000000e+00
3.375000000000000000e+03 5.458221274959837643e+01 1.213287133510506646e-03 0.000000000000000000e+00 3.145268416915555920e-01 0.000000000000000000e+00 6.806930574999513484e-01 1.062022471762116707e-03 7.879956911084552880e-05 1.896426008394774560e-03 0.000000000000000000e+00 1.042581978705532319e-06 0.000000000000000000e+00 0.000000000000000000e+00 0.000000000000000000e+00 1.989221885320826362e-04 1.660123846925019582e-06 6.581796000031749307e-08 3.278749133973714899e-04 0.000000000000000000e+00 0.000000000000000000e+00 0.000000000000000000e+00 0.000000000000000000e+00 0.000000000000000000e+00 0.000000000000000000e+00
3.400000000000000000e+03 5.498133044328216101e+01 1.211624962856319753e-03 0.000000000000000000e+00 3.140959507802784656e-01 0.000000000000000000e+00 6.805920269837599790e-01 1.167634699253018628e-03 8.694641619557124269e-05 2.244743470028007400e-03 0.000000000000000000e+00 1.175986490098917735e-06 0.000000000000000000e+00 0.000000000000000000e+00 0.000000000000000000e+00 2.306087799005104497e-04 2.019951341512838771e-06 7.847676567933157053e-08 3.671894931312077678e-04 0.000000000000000000e+00 0.000000000000000000e+00 0.000000000000000000e+00 0.000000000000000000e+00 0.000000000000000000e+00 0.000000000000000000e+00
3.425000000000000000e+03 5.540034984600897161e+01 1.209716674504304193e-03 0.000000000000000000e+00 3.136012553115228307e-01 0.000000000000000000e+00 6.804807112153701265e-01 1.281537323762099506e-03 9.576627474097289630e-05 2.650097550784576064e-03 0.000000000000000000e+00 1.323481802037558250e-06 0.000000000000000000e+00 0.000000000000000000e+00 0.000000000000000000e+00 2.666137115686509156e-04 2.450143722648598165e-06 9.329388076666880671e-08 4.104350183408021400e-04 0.000000000000000000e+00 0.000000000000000000e+00 0.000000000000000000e+00 0.000000000000000000e+00 0.000000000000000000e+00 0.000000000000000000e+00
3.450000000000000000e+03 5.584102145893182723e+01 1.207530001263670437e-03 0.000000000000000000e+00 3.130343932861995859e-01 0.000000000000000000e+00 6.803582481975337659e-01 1.404135947455851770e-03 1.052954778997519176e-04 3.120524374761501733e-03 0.000000000000000000e+00 1.486165197309863201e-06 0.000000000000000000e+00 0.000000000000000000e+00 0.000000000000000000e+00 3.074084906159575367e-04 2.962830098846687728e-06 1.105845694673282392e-07 4.579046444043845341e-04 0.000000000000000000e+00 0.000000000000000000e+00 0.000000000000000000e+00 0.000000000000000000e+00 0.000000000000000000e+00 0.000000000000000000e+00
3.475000000000000000e+03 5.630533708359569545e+01 1.205029441081882429e-03 0.000000000000000000e+00 3.123861604735137520e-01 0.000000000000000000e+00 6.802237078395876324e-01 1.535823056285678554e-03 1.155697315132421152e-04 3.664945110115266479e-03 0.000000000000000000e+00 1.665166442704845111e-06 0.000000000000000000e+00 0.000000000000000000e+00 0.000000000000000000e+00 3.534974229497047532e-04 3.571892949213304702e-06 1.307003457171057758e-07 5.098991652153280364e-04 0.000000000000000000e+00 0.000000000000000000e+00 0.000000000000000000e+00 0.000000000000000000e+00 0.000000000000000000e+00 0.000000000000000000e+00
3.500000000000000000e+03 5.679553825396973821e+01 1.202176005231370571e-03 0.000000000000000000e+00 3.116464511315210628e-01 0.000000000000000000e+00 6.800761135723608630e-01 1.676971797104222445e-03 1.266236044656075560e-04 4.293213906510409857e-03 0.000000000000000000e+00 1.861639645582966213e-06 0.000000000000000000e+00 0.000000000000000000e+00 0.000000000000000000e+00 4.054165766593522367e-04 4.293150902575222426e-06 1.540313036060505901e-07 5.667245842954580495e-04 0.000000000000000000e+00 0.000000000000000000e+00 0.000000000000000000e+00 0.000000000000000000e+00 0.000000000000000000e+00 0.000000000000000000e+00
3.525000000000000000e+03 5.731416076466708631e+01 1.198927089581239150e-03 0.000000000000000000e+00 3.108042181530156212e-01 0.000000000000000000e+00 6.799144621054564741e-01 1.827927341908189068e-03 1.384898888162900126e-04 5.016152619763732806e-03 0.000000000000000000e+00 2.076752941561935248e-06 0.000000000000000000e+00 0.000000000000000000e+00 0.000000000000000000e+00 4.637317722851143267e-04 5.144543393227500140e-06 1.810080640641050904e-07 6.286887247742459044e-04 0.000000000000000000e+00 0.000000000000000000e+00 0.000000000000000000e+00 0.000000000000000000e+00 0.000000000000000000e+00 0.000000000000000000e+00
3.550000000000000000e+03 5.786405688321995910e+01 1.195236482200060825e-03 0.000000000000000000e+00 3.098474751512499958e-01 0.000000000000000000e+00 6.797377145490879347e-01 1.988998451838344585e-03 1.511989014407945527e-04 5.845573475904253247e-03 0.000000000000000000e+00 2.311675944599654237e-06 0.000000000000000000e+00 0.000000000000000000e+00 0.000000000000000000e+00 5.290355834950034733e-04 6.146314317827274290e-06 2.121033704315024547e-07 6.960973111505370983e-04 0.000000000000000000e+00 0.000000000000000000e+00 0.000000000000000000e+00 0.000000000000000000e+00 0.000000000000000000e+00 0.000000000000000000e+00
3.575000000000000000e+03 5.844841836958369896e+01 1.191054348999618468e-03 0.000000000000000000e+00 3.087633197809784291e-01 0.000000000000000000e+00 6.795447887247675345e-01 2.160447197793600310e-03 1.647776650192163286e-04 6.794283319214539270e-03 0.000000000000000000e+00 2.567564384377444411e-06 0.000000000000000000e+00 0.000000000000000000e+00 0.000000000000000000e+00 6.019431553911540117e-04 7.321185862308578396e-06 2.478331390898154242e-07 7.692492244500363091e-04 0.000000000000000000e+00 0.000000000000000000e+00 0.000000000000000000e+00 0.000000000000000000e+00 0.000000000000000000e+00 0.000000000000000000e+00
3.600000000000000000e+03 5.907080761531922519e+01 1.186327453693444400e-03 0.000000000000000000e+00 3.075379456480081264e-01 0.000000000000000000e+00 6.793345909651327119e-01 2.342478004874480862e-03 1.792490288027194913e-04 7.876062458034000999e-03 0.000000000000000000e+00 2.845542573923143799e-06 0.000000000000000000e+00 0.000000000000000000e+00 0.000000000000000000e+00 6.830867202951711225e-04 8.694520017971504034e-06 2.887566892751249896e-07 8.484309018781184715e-04 0.000000000000000000e+00 0.000000000000000000e+00 0.000000000000000000e+00 0.000000000000000000e+00 0.000000000000000000e+00 0.000000000000000000e+00
3.625000000000000000e+03 5.973519908245951626e+01 1.180999253488612764e-03 0.000000000000000000e+00 3.061566886458502723e-01 0.000000000000000000e+00 6.791060500548450340e-01 2.535224903153228838e-03 1.946306335618789836e-04 9.105612120869603296e-03 0.000000000000000000e+00 3.146682614997473321e-06 0.000000000000000000e+00 0.000000000000000000e+00 0.000000000000000000e+00 7.731083189403693389e-04 1.029444888670259916e-05 3.354761344867305844e-07 9.339094616549444353e-04 0.000000000000000000e+00 0.000000000000000000e+00 0.000000000000000000e+00 0.000000000000000000e+00 0.000000000000000000e+00 0.000000000000000000e+00
3.650000000000000000e+03 6.044599378702856995e+01 1.175010412203158095e-03 0.000000000000000000e+00 3.046041682261799721e-01 0.000000000000000000e+00 6.788580881917142262e-01 2.738739011885055023e-03 2.109338628509851413e-04 1.049847093122755100e-02 0.000000000000000000e+00 3.471980995017154695e-06 0.000000000000000000e+00 0.000000000000000000e+00 0.000000000000000000e+00 8.726511784539133258e-04 1.215197728363919789e-05 3.886345575552462104e-07 1.025925592648901539e-03 0.000000000000000000e+00 0.000000000000000000e+00 0.000000000000000000e+00 0.000000000000000000e+00 0.000000000000000000e+00 0.000000000000000000e+00
3.675000000000000000e+03 6.120805356377380235e+01 1.168299197999669208e-03 0.000000000000000000e+00 3.028643877042638821e-01 0.000000000000000000e+00 6.785896837471004917e-01 2.952974815516120916e-03 2.281627007349337169e-04 1.207088557318939694e-02 0.000000000000000000e+00 3.822331944491923344e-06 0.000000000000000000e+00 0.000000000000000000e+00 0.000000000000000000e+00 9.823491827828079691e-04 1.430103090386737522e-05 4.489129481807093055e-07 1.124684802616102413e-03 0.000000000000000000e+00 0.000000000000000000e+00 0.000000000000000000e+00 0.000000000000000000e+00 0.000000000000000000e+00 0.000000000000000000e+00
3.700000000000000000e+03 6.202673654412602389e+01 1.160802482854830396e-03 0.000000000000000000e+00 3.009209636800779242e-01 0.000000000000000000e+00 6.782998539408261474e-01 3.177775492761891925e-03 2.463125176103370746e-04 1.383963523136974051e-02 0.000000000000000000e+00 4.198498857096375513e-06 0.000000000000000000e+00 0.000000000000000000e+00 0.000000000000000000e+00 1.102814396772844102e-03 1.677844761665506318e-05 5.170254816427784532e-07 1.230348285770967685e-03 0.000000000000000000e+00 0.000000000000000000e+00 0.000000000000000000e+00 0.000000000000000000e+00 0.000000000000000000e+00 0.000000000000000000e+00
3.725000000000000000e+03 6.290792226246149710e+01 1.152456259343729054e-03 0.000000000000000000e+00 2.987573446105558639e-01 0.000000000000000000e+00 6.779877023010254522e-01 3.412860041652382263e-03 2.653689196005133439e-04 1.582180291485363668e-02 0.000000000000000000e+00 4.601083168373498134e-06 0.000000000000000000e+00 0.000000000000000000e+00 0.000000000000000000e+00 1.234623128674804332e-03 1.962389218419692826e-05 5.937131219961730884e-07 1.343023135819114249e-03 0.000000000000000000e+00 0.000000000000000000e+00 0.000000000000000000e+00 0.000000000000000000e+00 0.000000000000000000e+00 0.000000000000000000e+00
3.750000000000000000e+03 6.385802611508827198e+01 1.143197178589013463e-03 0.000000000000000000e+00 2.963570551886746118e-01 0.000000000000000000e+00 6.776524950123461455e-01 3.657809731334593726e-03 2.853065981500949749e-04 1.803449458018147392e-02 0.000000000000000000e+00 5.030491752537046091e-06 0.000000000000000000e+00 0.000000000000000000e+00 0.000000000000000000e+00 1.378300021207596931e-03 2.287968583367186256e-05 6.797353900134110497e-07 1.462751776540328116e-03 0.000000000000000000e+00 0.000000000000000000e+00 0.000000000000000000e+00 0.000000000000000000e+00 0.000000000000000000e+00 0.000000000000000000e+00
3.775000000000000000e+03 6.488403422528993758e+01 1.132963601373762706e-03 0.000000000000000000e+00 2.937041560045215993e-01 0.000000000000000000e+00 6.772935755729646568e-01 3.912056885023271376e-03 3.060882883249769993e-04 2.049450314060399445e-02 0.000000000000000000e+00 5.486904458548955074e-06 0.000000000000000000e+00 0.000000000000000000e+00 0.000000000000000000e+00 1.534301266605349193e-03 2.659053115791268143e-05 7.758602119317414680e-07 1.589501944753877018e-03 0.000000000000000000e+00 0.000000000000000000e+00 0.000000000000000000e+00 0.000000000000000000e+00 0.000000000000000000e+00 0.000000000000000000e+00
3.800000000000000000e+03 6.599352133122538078e+01 1.121697210561909113e-03 0.000000000000000000e+00 2.907835073703814999e-01 0.000000000000000000e+00 6.769105389664606953e-01 4.174874992598019696e-03 3.276638402119048899e-04 2.321790904753292736e-02 0.000000000000000000e+00 5.970240486418710130e-06 0.000000000000000000e+00 0.000000000000000000e+00 0.000000000000000000e+00 1.702996249374589795e-03 3.080313083503004854e-05 8.828516643719281920e-07 1.723156099892760723e-03 0.000000000000000000e+00 0.000000000000000000e+00 0.000000000000000000e+00 0.000000000000000000e+00 0.000000000000000000e+00 0.000000000000000000e+00
