# T Ptot H He C N O Na K Si Ar Ti V S Cl Mg Al Ca Fe Cr Li Cs Rb F P
1.500000000000000000e+03 6.136765705291624329e+01 5.594487956661820492e-03 0.000000000000000000e+00 2.744243567036100395e-01 0.000000000000000000e+00 7.199811553238987250e-01 1.485982226360269444e-11 6.002910737110644649e-13 4.484948346489581532e-15 0.000000000000000000e+00 6.416829052369115706e-17 0.000000000000000000e+00 0.000000000000000000e+00 0.000000000000000000e+00 9.133962073571076380e-17 1.788451216624028636e-20 7.604351458184209088e-22 3.645917986449719757e-13 0.000000000000000000e+00 0.000000000000000000e+00 0.000000000000000000e+00 0.000000000000000000e+00 0.000000000000000000e+00 0.000000000000000000e+00
1.525000000000000000e+03 6.136770299000641415e+01 5.594487890111990609e-03 0.000000000000000000e+00 2.744243530057070002e-01 0.000000000000000000e+00 7.199811590769502612e-01 2.548467571059277471e-11 1.051120387503984734e-12 9.589539764899933056e-15 0.000000000000000000e+00 1.336636217071130693e-16 0.000000000000000000e+00 0.000000000000000000e+00 0.000000000000000000e+00 2.176410572378575565e-16 4.573754920048859161e-20 2.067550735755093775e-21 6.849961072231346559e-13 0.000000000000000000e+00 0.000000000000000000e+00 0.000000000000000000e+00 0.000000000000000000e+00 0.000000000000000000e+00 0.000000000000000000e+00
1.550000000000000000e+03 6.136775943607879213e+01 5.594487972300892994e-03 0.000000000000000000e+00 2.744243573261778701e-01 0.000000000000000000e+00 7.199811546554990560e-01 4.293537015089131976e-11 1.806610543960001310e-12 1.999483383128096894e-14 0.000000000000000000e+00 2.714605137917751484e-16 0.000000000000000000e+00 0.000000000000000000e+00 0.000000000000000000e+00 5.036137097047690384e-16 1.133735982131003607e-19 5.418644113172768548e-21 1.259381692919921226e-12 0.000000000000000000e+00 0.000000000000000000e+00 0.000000000000000000e+00 0.000000000000000000e+00 0.000000000000000000e+00 0.000000000000000000e+00
1.575000000000000000e+03 6.136783151991565433e+01 5.594487996472143065e-03 0.000000000000000000e+00 2.744243576592100275e-01 0.000000000000000000e+00 7.199811542678370424e-01 7.111968241320076205e-11 3.050597766959210591e-12 4.070485399735006123e-14 0.000000000000000000e+00 5.381909912688074239e-16 0.000000000000000000e+00 0.000000000000000000e+00 0.000000000000000000e+00 1.133290779040106338e-15 2.728062711334756409e-19 1.371660602068111138e-20 2.268156931340324191e-12 0.000000000000000000e+00 0.000000000000000000e+00 0.000000000000000000e+00 0.000000000000000000e+00 0.000000000000000000e+00 0.000000000000000000e+00
1.600000000000000000e+03 6.136792229626873763e+01 5.594487978111570455e-03 0.000000000000000000e+00 2.744243553350321219e-01 0.000000000000000000e+00 7.199811565617840747e-01 1.159172090182562477e-10 5.064963651922243288e-12 8.099885865924917715e-14 0.000000000000000000e+00 1.042807784961188717e-15 0.000000000000000000e+00 0.000000000000000000e+00 0.000000000000000000e+00 2.483396721755692659e-15 6.381451521084165526e-19 3.360019018661740824e-20 4.005574486061409354e-12 0.000000000000000000e+00 0.000000000000000000e+00 0.000000000000000000e+00 0.000000000000000000e+00 0.000000000000000000e+00 0.000000000000000000e+00
1.625000000000000000e+03 6.136803524569420176e+01 5.594488016661853212e-03 0.000000000000000000e+00 2.744243576319203015e-01 0.000000000000000000e+00 7.199811541499917533e-01 1.860430389712302071e-10 8.275210045724411925e-12 1.577181968913197803e-13 0.000000000000000000e+00 1.976881771568475538e-15 0.000000000000000000e+00 0.000000000000000000e+00 0.000000000000000000e+00 5.305794214330353933e-15 1.453078248405219285e-18 7.978756219189037166e-20 6.942812573183312507e-12 0.000000000000000000e+00 0.000000000000000000e+00 0.000000000000000000e+00 0.000000000000000000e+00 0.000000000000000000e+00 0.000000000000000000e+00
1.650000000000000000e+03 6.136817649200711600e+01 5.594487966846087117e-03 0.000000000000000000e+00 2.744243591227901735e-01 0.000000000000000000e+00 7.199811525906802956e-01 2.942325431446292238e-10 1.331412888308292308e-11 3.008105577448336840e-13 0.000000000000000000e+00 3.670349142888059542e-15 0.000000000000000000e+00 0.000000000000000000e+00 0.000000000000000000e+00 1.106522464764039586e-14 3.224852838456301453e-18 1.839642129381567962e-19 1.182124731778670517e-11 0.000000000000000000e+00 0.000000000000000000e+00 0.000000000000000000e+00 0.000000000000000000e+00 0.000000000000000000e+00 0.000000000000000000e+00
1.675000000000000000e+03 6.136835243318556365e+01 5.594487961092223585e-03 0.000000000000000000e+00 2.744243563742337355e-01 0.000000000000000000e+00 7.199811551643398033e-01 4.588449898776354181e-10 2.110950977257761537e-11 5.625036074920330336e-13 0.000000000000000000e+00 6.680350517238889486e-15 0.000000000000000000e+00 0.000000000000000000e+00 0.000000000000000000e+00 2.255025374028672971e-14 6.983884429588649234e-18 4.124715263461998270e-19 1.978809479361407751e-11 0.000000000000000000e+00 0.000000000000000000e+00 0.000000000000000000e+00 0.000000000000000000e+00 0.000000000000000000e+00 0.000000000000000000e+00
1.700000000000000000e+03 6.136856944011073267e+01 5.594488057464137507e-03 0.000000000000000000e+00 2.744243557118971055e-01 0.000000000000000000e+00 7.199811554579490513e-01 7.060067135358150137e-10 3.300335804267061162e-11 1.032208667777545126e-12 0.000000000000000000e+00 1.193016827459649752e-14 0.000000000000000000e+00 0.000000000000000000e+00 0.000000000000000000e+00 4.495436063479860868e-14 1.477527350511749949e-17 9.005968940127201600e-19 3.259057564876890500e-11 0.000000000000000000e+00 0.000000000000000000e+00 0.000000000000000000e+00 0.000000000000000000e+00 0.000000000000000000e+00 0.000000000000000000e+00
1.725000000000000000e+03 6.136883771588238545e+01 5.594487942295454756e-03 0.000000000000000000e+00 2.744243566173217852e-01 0.000000000000000000e+00 7.199811542622117644e-01 1.072440335449289781e-09 5.091189296848367790e-11 1.860316417071867476e-12 0.000000000000000000e+00 2.092264844056459128e-14 0.000000000000000000e+00 0.000000000000000000e+00 0.000000000000000000e+00 8.774921226115238521e-14 3.056911983367288245e-17 1.917411594353646508e-18 5.284969555411475576e-11 0.000000000000000000e+00 0.000000000000000000e+00 0.000000000000000000e+00 0.000000000000000000e+00 0.000000000000000000e+00 0.000000000000000000e+00
1.750000000000000000e+03 6.136916815018919635e+01 5.594487930688579573e-03 0.000000000000000000e+00 2.744243501371105287e-01 0.000000000000000000e+00 7.199811601575659692e-01 1.609157064523285172e-09 7.753766847832889494e-11 3.295567971952442768e-12 0.000000000000000000e+00 3.606247863853427284e-14 0.000000000000000000e+00 0.000000000000000000e+00 0.000000000000000000e+00 1.678662432607553310e-13 6.191148776236730527e-17 3.985509213758859309e-18 8.444079059823829154e-11 0.000000000000000000e+00 0.000000000000000000e+00 0.000000000000000000e+00 0.000000000000000000e+00 0.000000000000000000e+00 0.000000000000000000e+00
1.775000000000000000e+03 6.136957248297637335e+01 5.594487991762545770e-03 0.000000000000000000e+00 2.744243557783849208e-01 0.000000000000000000e+00 7.199811535878488655e-01 2.386221711382770144e-09 1.166475891199476027e-10 5.742832663337004997e-12 0.000000000000000000e+00 6.113496437244741388e-14 0.000000000000000000e+00 0.000000000000000000e+00 0.000000000000000000e+00 3.149977840109823230e-13 1.228594655179970689e-16 8.097231262370983837e-18 1.330152929626411503e-10 0.000000000000000000e+00 0.000000000000000000e+00 0.000000000000000000e+00 0.000000000000000000e+00 0.000000000000000000e+00 0.000000000000000000e+00
1.800000000000000000e+03 6.137006688025729062e+01 5.594487946795663122e-03 0.000000000000000000e+00 2.744243561180399471e-01 0.000000000000000000e+00 7.199811520456536051e-01 3.498837355104534734e-09 1.734331976487982278e-10 9.851118058796900437e-12 0.000000000000000000e+00 1.020062721643723354e-13 0.000000000000000000e+00 0.000000000000000000e+00 0.000000000000000000e+00 5.802698086010049211e-13 2.391009116132139089e-16 1.609691008748686914e-17 2.067068413198138563e-10 0.000000000000000000e+00 0.000000000000000000e+00 0.000000000000000000e+00 0.000000000000000000e+00 0.000000000000000000e+00 0.000000000000000000e+00
1.825000000000000000e+03 6.137066945445868527e+01 5.594487825675458978e-03 0.000000000000000000e+00 2.744243523406754703e-01 0.000000000000000000e+00 7.199811541697546113e-01 5.075037173916287324e-09 2.539180927899936718e-10 1.664574791503529993e-11 0.000000000000000000e+00 1.676324361098250681e-13 0.000000000000000000e+00 0.000000000000000000e+00 0.000000000000000000e+00 1.050184700783043339e-12 4.567247093617185350e-16 3.134306427776909501e-17 3.170750614281838571e-10 0.000000000000000000e+00 0.000000000000000000e+00 0.000000000000000000e+00 0.000000000000000000e+00 0.000000000000000000e+00 0.000000000000000000e+00
1.850000000000000000e+03 6.137139932383424679e+01 5.594487938324704812e-03 0.000000000000000000e+00 2.744243534992744094e-01 0.000000000000000000e+00 7.199811503976329963e-01 7.285313283546654825e-09 3.692372157303835342e-10 2.772423783192880910e-11 0.000000000000000000e+00 2.714927022158258491e-13 0.000000000000000000e+00 0.000000000000000000e+00 0.000000000000000000e+00 1.868664541604280399e-12 8.569879647823922457e-16 5.983372930594914079e-17 4.803521241886916970e-10 0.000000000000000000e+00 0.000000000000000000e+00 0.000000000000000000e+00 0.000000000000000000e+00 0.000000000000000000e+00 0.000000000000000000e+00
1.875000000000000000e+03 6.137228152707467643e+01 5.594487829277284413e-03 0.000000000000000000e+00 2.744243530081840188e-01 0.000000000000000000e+00 7.199811475082693590e-01 1.035455972125762127e-08 5.313893944143861693e-10 4.554289800067175245e-11 0.000000000000000000e+00 4.335979791782872668e-13 0.000000000000000000e+00 0.000000000000000000e+00 0.000000000000000000e+00 3.271347558167720298e-12 1.580775340406171930e-15 1.120841218046584429e-16 7.190705859295311851e-10 0.000000000000000000e+00 0.000000000000000000e+00 0.000000000000000000e+00 0.000000000000000000e+00 0.000000000000000000e+00 0.000000000000000000e+00
1.900000000000000000e+03 6.137334387616603237e+01 5.594487905423249814e-03 0.000000000000000000e+00 2.744243516200525757e-01 0.000000000000000000e+00 7.199811439962754411e-01 1.457675335001043941e-08 7.571736448092952530e-10 7.383118386370129228e-11 0.000000000000000000e+00 6.832686667141071847e-13 0.000000000000000000e+00 0.000000000000000000e+00 0.000000000000000000e+00 5.638136659794093638e-12 2.868483159630007121e-15 2.062054541095044566e-16 1.064166311793532253e-09 0.000000000000000000e+00 0.000000000000000000e+00 0.000000000000000000e+00 0.000000000000000000e+00 0.000000000000000000e+00 0.000000000000000000e+00
1.925000000000000000e+03 6.137461805337503051e+01 5.594487732842321100e-03 0.000000000000000000e+00 2.744243472813061024e-01 0.000000000000000000e+00 7.199811418978897537e-01 2.033284908719522827e-08 1.068620632181033419e-09 1.181839461685134307e-10 0.000000000000000000e+00 1.062928806902631279e-12 0.000000000000000000e+00 0.000000000000000000e+00 0.000000000000000000e+00 9.572539306146597704e-12 5.124091607862430420e-15 3.728699923086961362e-16 1.557667158267385031e-09 0.000000000000000000e+00 0.000000000000000000e+00 0.000000000000000000e+00 0.000000000000000000e+00 0.000000000000000000e+00 0.000000000000000000e+00
1.950000000000000000e+03 6.137614044937161850e+01 5.594487682541031924e-03 0.000000000000000000e+00 2.744243470154821285e-01 0.000000000000000000e+00 7.199811332345353865e-01 2.811241161224220297e-08 1.494371390322397851e-09 1.868989408267649843e-10 0.000000000000000000e+00 1.633226299680821156e-12 0.000000000000000000e+00 0.000000000000000000e+00 0.000000000000000000e+00 1.601977925079975460e-11 9.016642801433479391e-15 6.631919824690273217e-16 2.256096619980906534e-09 0.000000000000000000e+00 0.000000000000000000e+00 0.000000000000000000e+00 0.000000000000000000e+00 0.000000000000000000e+00 0.000000000000000000e+00
1.975000000000000000e+03 6.137795348807665619e+01 5.594487561691514899e-03 0.000000000000000000e+00 2.744243404310562906e-01 0.000000000000000000e+00 7.199811278405104931e-01 3.853956277202025771e-08 2.071351049326431181e-09 2.921491362685730203e-10 0.000000000000000000e+00 2.479863688831675165e-12 0.000000000000000000e+00 0.000000000000000000e+00 0.000000000000000000e+00 2.644026959962257154e-11 1.563879697419528909e-14 1.161048913249302096e-15 3.234741913825516739e-09 0.000000000000000000e+00 0.000000000000000000e+00 0.000000000000000000e+00 0.000000000000000000e+00 0.000000000000000000e+00 0.000000000000000000e+00
2.000000000000000000e+03 6.138010474876942624e+01 5.594487470022242899e-03 0.000000000000000000e+00 2.744243296334156201e-01 0.000000000000000000e+00 7.199811225545315052e-01 5.240386695502629389e-08 2.846784448373457002e-09 4.516081458261023959e-10 0.000000000000000000e+00 3.722610946346127726e-12 0.000000000000000000e+00 0.000000000000000000e+00 0.000000000000000000e+00 4.306110447716636312e-11 2.675138834465638611e-14 2.002068255905862909e-15 4.592958670126412945e-09 0.000000000000000000e+00 0.000000000000000000e+00 0.000000000000000000e+00 0.000000000000000000e+00 0.000000000000000000e+00 0.000000000000000000e+00
2.025000000000000000e+03 6.138264741042712558e+01 5.594487312583567955e-03 0.000000000000000000e+00 2.744243215975074590e-01 0.000000000000000000e+00 7.199811092863163120e-01 7.069678900934895735e-08 3.880603337544297226e-09 6.906834592492596069e-10 0.000000000000000000e+00 5.527070831849969760e-12 0.000000000000000000e+00 0.000000000000000000e+00 0.000000000000000000e+00 6.923612831168368298e-11 4.518205233335353388e-14 3.402483726323490618e-15 6.460705363277786852e-09 0.000000000000000000e+00 0.000000000000000000e+00 0.000000000000000000e+00 0.000000000000000000e+00 0.000000000000000000e+00 0.000000000000000000e+00
2.050000000000000000e+03 6.138564267073861913e+01 5.594486963135529740e-03 0.000000000000000000e+00 2.744243083534326777e-01 0.000000000000000000e+00 7.199810946101841136e-01 9.465468879355126317e-08 5.248313175298418872e-09 1.045559433429371086e-09 0.000000000000000000e+00 8.119881688198760919e-12 0.000000000000000000e+00 0.000000000000000000e+00 0.000000000000000000e+00 1.099554418446738920e-10 7.530405315647427218e-14 5.702416282139584792e-15 9.006529790326761172e-09 0.000000000000000000e+00 0.000000000000000000e+00 0.000000000000000000e+00 0.000000000000000000e+00 0.000000000000000000e+00 0.000000000000000000e+00
2.075000000000000000e+03 6.138915740007014676e+01 5.594486715086987964e-03 0.000000000000000000e+00 2.744242959286933847e-01 0.000000000000000000e+00 7.199810703042891502e-01 1.258085226503949351e-07 7.044350376242728539e-09 1.567309401106851467e-09 0.000000000000000000e+00 1.180817285637118034e-11 0.000000000000000000e+00 0.000000000000000000e+00 0.000000000000000000e+00 1.725577710270677624e-10 1.239789801411874972e-13 9.429971935034820438e-15 1.244724876933634235e-08 0.000000000000000000e+00 0.000000000000000000e+00 0.000000000000000000e+00 0.000000000000000000e+00 0.000000000000000000e+00 0.000000000000000000e+00
2.100000000000000000e+03 6.139326940966336821e+01 5.594486249979039282e-03 0.000000000000000000e+00 2.744242705186320519e-01 0.000000000000000000e+00 7.199810481316155641e-01 1.660417971150165958e-07 9.386030930113571804e-09 2.327412737403703949e-09 0.000000000000000000e+00 1.700422134835176992e-11 0.000000000000000000e+00 0.000000000000000000e+00 0.000000000000000000e+00 2.677159739974902789e-10 2.017269114952690873e-13 1.539502796638435069e-14 1.705959547807881743e-08 0.000000000000000000e+00 0.000000000000000000e+00 0.000000000000000000e+00 0.000000000000000000e+00 0.000000000000000000e+00 0.000000000000000000e+00
2.125000000000000000e+03 6.139806038428324086e+01 5.594485754760496025e-03 0.000000000000000000e+00 2.744242448025734360e-01 0.000000000000000000e+00 7.199810123128231876e-01 2.176570803602279722e-07 1.241813384630165355e-08 3.425103788922930833e-09 0.000000000000000000e+00 2.425642679917589308e-11 0.000000000000000000e+00 0.000000000000000000e+00 0.000000000000000000e+00 4.107856103682197822e-10 3.245372537382170267e-13 2.482487163268440247e-14 2.319413356031372909e-08 0.000000000000000000e+00 0.000000000000000000e+00 0.000000000000000000e+00 0.000000000000000000e+00 0.000000000000000000e+00 0.000000000000000000e+00
2.150000000000000000e+03 6.140362683031813162e+01 5.594485056096826572e-03 0.000000000000000000e+00 2.744242143577738657e-01 0.000000000000000000e+00 7.199809638685126245e-01 2.834520877268398329e-07 1.631819582601631305e-08 4.997096562762685660e-09 0.000000000000000000e+00 3.428787351034423827e-11 0.000000000000000000e+00 0.000000000000000000e+00 0.000000000000000000e+00 6.236314674886178073e-10 5.164635470248948107e-13 3.955819974704939654e-14 3.129176109085928514e-08 0.000000000000000000e+00 0.000000000000000000e+00 0.000000000000000000e+00 0.000000000000000000e+00 0.000000000000000000e+00 0.000000000000000000e+00
2.175000000000000000e+03 6.141007170681096028e+01 5.594484151681481873e-03 0.000000000000000000e+00 2.744241689326018530e-01 0.000000000000000000e+00 7.199809086873416586e-01 3.668062442416067986e-07 2.130259702411127210e-08 7.230373883595135846e-09 0.000000000000000000e+00 4.804395025780678887e-11 0.000000000000000000e+00 0.000000000000000000e+00 0.000000000000000000e+00 9.370774526001709611e-10 8.133355788030344731e-13 6.231963551581972736e-14 4.190316305722813707e-08 0.000000000000000000e+00 0.000000000000000000e+00 0.000000000000000000e+00 0.000000000000000000e+00 0.000000000000000000e+00 0.000000000000000000e+00
2.200000000000000000e+03 6.141750932360206150e+01 5.594482992965191422e-03 0.000000000000000000e+00 2.744241133276120737e-01 0.000000000000000000e+00 7.199808367146232069e-01 4.717785223831583103e-07 2.763350161101412932e-08 1.037890905963763000e-08 0.000000000000000000e+00 6.675065991729834851e-11 0.000000000000000000e+00 0.000000000000000000e+00 0.000000000000000000e+00 1.394160825456668555e-09 1.268022372463549244e-12 9.710422662881291144e-14 5.571158982137723996e-08 0.000000000000000000e+00 0.000000000000000000e+00 0.000000000000000000e+00 0.000000000000000000e+00 0.000000000000000000e+00 0.000000000000000000e+00
2.225000000000000000e+03 6.142606480937955382e+01 5.594481421085951804e-03 0.000000000000000000e+00 2.744240393471045203e-01 0.000000000000000000e+00 7.199807498942927264e-01 6.032174695929272468e-07 3.562674783651467814e-08 1.478540857273919677e-08 0.000000000000000000e+00 9.198547493544568993e-11 0.000000000000000000e+00 0.000000000000000000e+00 0.000000000000000000e+00 2.054418558936181854e-09 1.957830350890126865e-12 1.497106857544063607e-13 7.355937943070779873e-08 0.000000000000000000e+00 0.000000000000000000e+00 0.000000000000000000e+00 0.000000000000000000e+00 0.000000000000000000e+00 0.000000000000000000e+00
2.250000000000000000e+03 6.143587507029810268e+01 5.594479634453255849e-03 0.000000000000000000e+00 2.744239496575778814e-01 0.000000000000000000e+00 7.199806376464332747e-01 7.668842528340225883e-07 4.566074468242063592e-08 2.090943674501889528e-08 0.000000000000000000e+00 1.257627824489770450e-10 0.000000000000000000e+00 0.000000000000000000e+00 0.000000000000000000e+00 2.999466030458766858e-09 2.994817995459917035e-12 2.284739903006948807e-13 9.647864926907192427e-08 0.000000000000000000e+00 0.000000000000000000e+00 0.000000000000000000e+00 0.000000000000000000e+00 0.000000000000000000e+00 0.000000000000000000e+00
2.275000000000000000e+03 6.144708951520939877e+01 5.594477317627142079e-03 0.000000000000000000e+00 2.744238389065939421e-01 0.000000000000000000e+00 7.199804963937287416e-01 9.695895768384574658e-07 5.818647108941470072e-08 2.936361875165443815e-08 0.000000000000000000e+00 1.706361785871906712e-10 0.000000000000000000e+00 0.000000000000000000e+00 0.000000000000000000e+00 4.340239322018959451e-09 4.540062784366953200e-12 3.452626752713518080e-13 1.257266225454022417e-07 0.000000000000000000e+00 0.000000000000000000e+00 0.000000000000000000e+00 0.000000000000000000e+00 0.000000000000000000e+00 0.000000000000000000e+00
2.300000000000000000e+03 6.145986986074102276e+01 5.594474442891363662e-03 0.000000000000000000e+00 2.744236968643009589e-01 0.000000000000000000e+00 7.199803253594089236e-01 1.219345214121510714e-06 7.373864699258089073e-08 4.096002314679626408e-08 0.000000000000000000e+00 2.298200663597286090e-10 0.000000000000000000e+00 0.000000000000000000e+00 0.000000000000000000e+00 6.226260459301526153e-09 6.823246999384977398e-12 5.168246900386998896e-13 1.628260937200163846e-07 0.000000000000000000e+00 0.000000000000000000e+00 0.000000000000000000e+00 0.000000000000000000e+00 0.000000000000000000e+00 0.000000000000000000e+00
2.325000000000000000e+03 6.147439131779729848e+01 5.594470881056334485e-03 0.000000000000000000e+00 2.744235215127963090e-01 0.000000000000000000e+00 7.199801135704347876e-01 1.525531022670795597e-06 9.294814290110737691e-08 5.676931840933334941e-08 0.000000000000000000e+00 3.073332045731168710e-10 0.000000000000000000e+00 0.000000000000000000e+00 0.000000000000000000e+00 8.857440240153553057e-09 1.016934837766338097e-11 7.665883386783610076e-13 2.096115192959068177e-07 0.000000000000000000e+00 0.000000000000000000e+00 0.000000000000000000e+00 0.000000000000000000e+00 0.000000000000000000e+00 0.000000000000000000e+00
2.350000000000000000e+03 6.149084205703734796e+01 5.594466592453745113e-03 0.000000000000000000e+00 2.744233047805016423e-01 0.000000000000000000e+00 7.199798535929142762e-01 1.899077905796970924e-06 1.165557146365649233e-07 7.819590528949659836e-08 0.000000000000000000e+00 4.081670747207810442e-10 0.000000000000000000e+00 0.000000000000000000e+00 0.000000000000000000e+00 1.249898121382723111e-08 1.503475815942623097e-11 1.127052538824208502e-12 2.682812943401578964e-07 0.000000000000000000e+00 0.000000000000000000e+00 0.000000000000000000e+00 0.000000000000000000e+00 0.000000000000000000e+00 0.000000000000000000e+00
2.375000000000000000e+03 6.150942549508999946e+01 5.594461277310384950e-03 0.000000000000000000e+00 2.744230428132372612e-01 0.000000000000000000e+00 7.199795312230822253e-01 2.352667331138528548e-06 1.454271227713974992e-07 1.070729317476144898e-07 0.000000000000000000e+00 5.384821125192503921e-10 0.000000000000000000e+00 0.000000000000000000e+00 0.000000000000000000e+00 1.750005608669257396e-08 2.205582584023168699e-11 1.642934818253915293e-12 3.414567474190231693e-07 0.000000000000000000e+00 0.000000000000000000e+00 0.000000000000000000e+00 0.000000000000000000e+00 0.000000000000000000e+00 0.000000000000000000e+00
2.400000000000000000e+03 6.153035769928279564e+01 5.594454545726284048e-03 0.000000000000000000e+00 2.744227191912129160e-01 0.000000000000000000e+00 7.199791416571473812e-01 2.900948419327955939e-06 1.805696881909212145e-07 1.457819759366570964e-07 0.000000000000000000e+00 7.058349724880071267e-10 0.000000000000000000e+00 0.000000000000000000e+00 0.000000000000000000e+00 2.431704878709309820e-08 3.211368193757162468e-11 2.375285326071948320e-12 4.322484572604760089e-07 0.000000000000000000e+00 0.000000000000000000e+00 0.000000000000000000e+00 0.000000000000000000e+00 0.000000000000000000e+00 0.000000000000000000e+00
2.425000000000000000e+03 6.155387097557099452e+01 5.594446474651113867e-03 0.000000000000000000e+00 2.744223176817310317e-01 0.000000000000000000e+00 7.199786756761596962e-01 3.560771882450179938e-06 2.231503613388504705e-07 1.974031953025609663e-07 0.000000000000000000e+00 9.194400692959473753e-10 0.000000000000000000e+00 0.000000000000000000e+00 0.000000000000000000e+00 3.354226981963856492e-08 4.642024183762621367e-11 3.406825124112247742e-12 5.443304820936627386e-07 0.000000000000000000e+00 0.000000000000000000e+00 0.000000000000000000e+00 0.000000000000000000e+00 0.000000000000000000e+00 0.000000000000000000e+00
2.450000000000000000e+03 6.158020960550751255e+01 5.594436630425757111e-03 0.000000000000000000e+00 2.744218296541762192e-01 0.000000000000000000e+00 7.199781126298845368e-01 4.351442915009878409e-06 2.745153407764392983e-07 2.659029926628036183e-07 0.000000000000000000e+00 1.190469195283933837e-09 0.000000000000000000e+00 0.000000000000000000e+00 0.000000000000000000e+00 4.593919752551208350e-08 6.663161538313886888e-11 4.848823150171196229e-12 6.820231179174910466e-07 0.000000000000000000e+00 0.000000000000000000e+00 0.000000000000000000e+00 0.000000000000000000e+00 0.000000000000000000e+00 0.000000000000000000e+00
2.475000000000000000e+03 6.160963317300226549e+01 5.594424580736169841e-03 0.000000000000000000e+00 2.744212422743601554e-01 0.000000000000000000e+00 7.199774310710836955e-01 5.294990574123797279e-06 3.362112758277458851e-07 3.563675877048850850e-07 0.000000000000000000e+00 1.532392173569488934e-09 0.000000000000000000e+00 0.000000000000000000e+00 0.000000000000000000e+00 6.248543577908795757e-08 9.499676808730815452e-11 6.849895941908733120e-12 8.503847076906330221e-07 0.000000000000000000e+00 0.000000000000000000e+00 0.000000000000000000e+00 0.000000000000000000e+00 0.000000000000000000e+00 0.000000000000000000e+00
2.500000000000000000e+03 6.164241475469825104e+01 5.594409884946479651e-03 0.000000000000000000e+00 2.744205284562497016e-01 0.000000000000000000e+00 7.199766180574210805e-01 6.416456822195017230e-06 4.100080909795377622e-07 4.752927841777254096e-07 0.000000000000000000e+00 1.961362802959742395e-09 0.000000000000000000e+00 0.000000000000000000e+00 0.000000000000000000e+00 8.442474469420960960e-08 1.345512625936924783e-10 9.607193487115721670e-12 1.055313419415893977e-06 0.000000000000000000e+00 0.000000000000000000e+00 0.000000000000000000e+00 0.000000000000000000e+00 0.000000000000000000e+00 0.000000000000000000e+00
2.525000000000000000e+03 6.167884160020722817e+01 5.594392351443405742e-03 0.000000000000000000e+00 2.744196656494214404e-01 0.000000000000000000e+00 7.199756492435132049e-01 7.744202079640314482e-06 4.979234454329190199e-07 6.309417760550566063e-07 0.000000000000000000e+00 2.496653139207575020e-09 0.000000000000000000e+00 0.000000000000000000e+00 0.000000000000000000e+00 1.133296816612508458e-07 1.893682918578149784e-10 1.338052640503463811e-11 1.303659237360562179e-06 0.000000000000000000e+00 0.000000000000000000e+00 0.000000000000000000e+00 0.000000000000000000e+00 0.000000000000000000e+00 0.000000000000000000e+00
2.550000000000000000e+03 6.171921469354838052e+01 5.594371046615735470e-03 0.000000000000000000e+00 2.744186218536168731e-01 0.000000000000000000e+00 7.199745028679146452e-01 9.310229163905768161e-06 6.022488394260194098e-07 8.337856693827056482e-07 0.000000000000000000e+00 3.161140181858538021e-09 0.000000000000000000e+00 0.000000000000000000e+00 0.000000000000000000e+00 1.511765106026174349e-07 2.648822040758151613e-10 1.851009929216117936e-11 1.603347136614410867e-06 0.000000000000000000e+00 0.000000000000000000e+00 0.000000000000000000e+00 0.000000000000000000e+00 0.000000000000000000e+00 0.000000000000000000e+00
2.575000000000000000e+03 6.176384527117049572e+01 5.594345579818540970e-03 0.000000000000000000e+00 2.744173733152832639e-01 0.000000000000000000e+00 7.199731396372878178e-01 1.115052479564429525e-05 7.255774164852597886e-07 1.097043407814146105e-06 0.000000000000000000e+00 3.981848017433987849e-09 0.000000000000000000e+00 0.000000000000000000e+00 0.000000000000000000e+00 2.004343464189863208e-07 3.683031802720008292e-10 2.543863516446967695e-11 1.963512054021361983e-06 0.000000000000000000e+00 0.000000000000000000e+00 0.000000000000000000e+00 0.000000000000000000e+00 0.000000000000000000e+00 0.000000000000000000e+00
2.600000000000000000e+03 6.181305583025280015e+01 5.594315043434834600e-03 0.000000000000000000e+00 2.744158748246573465e-01 0.000000000000000000e+00 7.199715321894856190e-01 1.330541676331038468e-05 8.708332749197914772e-07 1.437341240879573283e-06 0.000000000000000000e+00 4.990549752624095891e-09 0.000000000000000000e+00 0.000000000000000000e+00 0.000000000000000000e+00 2.641705290959219043e-07 5.091459421165222875e-10 3.473882163635143360e-11 2.394646179320416287e-06 0.000000000000000000e+00 0.000000000000000000e+00 0.000000000000000000e+00 0.000000000000000000e+00 0.000000000000000000e+00 0.000000000000000000e+00
2.625000000000000000e+03 6.186718299327079507e+01 5.594278425053345223e-03 0.000000000000000000e+00 2.744140817650958519e-01 0.000000000000000000e+00 7.199696411410126951e-01 1.581994675199414627e-05 1.041302521747903861e-06 1.875514595550838214e-06 0.000000000000000000e+00 6.224430755014825489e-09 0.000000000000000000e+00 0.000000000000000000e+00 0.000000000000000000e+00 3.461745048965886779e-07 6.999003871330524976e-10 4.714715661345112005e-11 2.908758985647383661e-06 0.000000000000000000e+00 0.000000000000000000e+00 0.000000000000000000e+00 0.000000000000000000e+00 0.000000000000000000e+00 0.000000000000000000e+00
2.650000000000000000e+03 6.192656832972111403e+01 5.594234779632116690e-03 0.000000000000000000e+00 2.744119366978788888e-01 0.000000000000000000e+00 7.199674266138249568e-01 1.874426077751357870e-05 1.240665891898996594e-06 2.437580496772358674e-06 0.000000000000000000e+00 7.726819053823273156e-09 0.000000000000000000e+00 0.000000000000000000e+00 0.000000000000000000e+00 4.511027959839690948e-07 9.568778717229195379e-10 6.360547341016454232e-11 3.519551399448841203e-06 0.000000000000000000e+00 0.000000000000000000e+00 0.000000000000000000e+00 0.000000000000000000e+00 0.000000000000000000e+00 0.000000000000000000e+00
2.675000000000000000e+03 6.199156426866102976e+01 5.594182718911178478e-03 0.000000000000000000e+00 2.744093823418118916e-01 0.000000000000000000e+00 7.199648338015645077e-01 2.213400922976156276e-05 1.473032594913485847e-06 3.155910154387560266e-06 0.000000000000000000e+00 9.547982238465549354e-09 0.000000000000000000e+00 0.000000000000000000e+00 0.000000000000000000e+00 5.846474542261997911e-07 1.301274121810829206e-09 8.531159798692321051e-11 4.242603711452762253e-06 0.000000000000000000e+00 0.000000000000000000e+00 0.000000000000000000e+00 0.000000000000000000e+00 0.000000000000000000e+00 0.000000000000000000e+00
2.700000000000000000e+03 6.206252785219126622e+01 5.594120746121471199e-03 0.000000000000000000e+00 2.744063448196694122e-01 0.000000000000000000e+00 7.199618071242488426e-01 2.605076396444198670e-05 1.742976059560725175e-06 4.070639790891326166e-06 0.000000000000000000e+00 1.174599761841729280e-08 0.000000000000000000e+00 0.000000000000000000e+00 0.000000000000000000e+00 7.537312679130051708e-07 1.760497254624889458e-09 1.137808219479898459e-10 5.095578601697483092e-06 0.000000000000000000e+00 0.000000000000000000e+00 0.000000000000000000e+00 0.000000000000000000e+00 0.000000000000000000e+00 0.000000000000000000e+00
2.725000000000000000e+03 6.213982340642442637e+01 5.594047117921742245e-03 0.000000000000000000e+00 2.744027333574757255e-01 0.000000000000000000e+00 7.199582880725726719e-01 3.056244232675909254e-05 2.055570637629434376e-06 5.231359370746003309e-06 0.000000000000000000e+00 1.438769312584024483e-08 0.000000000000000000e+00 0.000000000000000000e+00 0.000000000000000000e+00 9.667320725859778962e-07 2.369819377427853885e-09 1.509201619314060579e-10 6.098439189569365902e-06 0.000000000000000000e+00 0.000000000000000000e+00 0.000000000000000000e+00 0.000000000000000000e+00 0.000000000000000000e+00 0.000000000000000000e+00
2.750000000000000000e+03 6.222381590111304916e+01 5.593959855189002857e-03 0.000000000000000000e+00 2.743984529332004763e-01 0.000000000000000000e+00 7.199541995596121513e-01 3.574374759727376639e-05 2.416430014291508603e-06 6.699127087430844634e-06 0.000000000000000000e+00 1.754966480264392799e-08 0.000000000000000000e+00 0.000000000000000000e+00 0.000000000000000000e+00 1.233740226876780275e-06 3.174421536345920254e-09 1.991175685438258852e-10 7.273683868586753966e-06 0.000000000000000000e+00 0.000000000000000000e+00 0.000000000000000000e+00 0.000000000000000000e+00 0.000000000000000000e+00 0.000000000000000000e+00
2.775000000000000000e+03 6.231487610416716905e+01 5.593856278553290158e-03 0.000000000000000000e+00 2.743933745242497224e-01 0.000000000000000000e+00 7.199494727225194124e-01 4.167660777233457450e-05 2.831746073375002745e-06 8.548862350754269726e-06 0.000000000000000000e+00 2.131937027060992321e-08 0.000000000000000000e+00 0.000000000000000000e+00 0.000000000000000000e+00 1.566851559815646693e-06 4.231912024981825129e-09 2.613485883633739485e-10 8.646594290515419311e-06 0.000000000000000000e+00 0.000000000000000000e+00 0.000000000000000000e+00 0.000000000000000000e+00 0.000000000000000000e+00 0.000000000000000000e+00
2.800000000000000000e+03 6.241337034279193574e+01 5.593733832868791334e-03 0.000000000000000000e+00 2.743873667403884387e-01 0.000000000000000000e+00 7.199440105224842457e-01 4.845063566060137740e-05 3.308329719940316757e-06 1.087217962611080828e-05 0.000000000000000000e+00 2.579630049686436643e-08 0.000000000000000000e+00 0.000000000000000000e+00 0.000000000000000000e+00 1.980500353380560299e-06 5.615416851342028435e-09 3.413033577168962333e-10 1.024550587783201127e-05 0.000000000000000000e+00 0.000000000000000000e+00 0.000000000000000000e+00 0.000000000000000000e+00 0.000000000000000000e+00 0.000000000000000000e+00
2.825000000000000000e+03 6.251966961812868107e+01 5.593589205171993484e-03 0.000000000000000000e+00 2.743802668787001520e-01 0.000000000000000000e+00 7.199377130893038768e-01 5.616357391952676848e-05 3.853651961929705653e-06 1.378072472547474487e-05 0.000000000000000000e+00 3.109322495575154956e-08 0.000000000000000000e+00 0.000000000000000000e+00 0.000000000000000000e+00 2.491834586689330559e-06 7.417350992529814338e-09 4.435369788378399732e-10 1.210208751734536420e-05 0.000000000000000000e+00 0.000000000000000000e+00 0.000000000000000000e+00 0.000000000000000000e+00 0.000000000000000000e+00 0.000000000000000000e+00
2.850000000000000000e+03 6.263413656804970486e+01 5.593418315024347928e-03 0.000000000000000000e+00 2.743718886402502499e-01 0.000000000000000000e+00 7.199304648446509525e-01 6.492176360977955861e-05 4.475886216986083329e-06 1.741010032955554032e-05 0.000000000000000000e+00 3.733752101973255505e-08 0.000000000000000000e+00 0.000000000000000000e+00 0.000000000000000000e+00 3.121138762361161578e-06 9.754005672847388780e-09 5.736469749183055195e-10 1.425164598218042584e-05 0.000000000000000000e+00 0.000000000000000000e+00 0.000000000000000000e+00 0.000000000000000000e+00 0.000000000000000000e+00 0.000000000000000000e+00
2.875000000000000000e+03 6.275713668289289160e+01 5.593216839233400468e-03 0.000000000000000000e+00 2.743620056075589120e-01 0.000000000000000000e+00 7.199221446317698447e-01 7.484059725583072458e-05 5.183950425069068649e-06 2.192444503579336546e-05 0.000000000000000000e+00 4.467257041098178326e-08 0.000000000000000000e+00 0.000000000000000000e+00 0.000000000000000000e+00 3.892305743033258074e-06 1.277109746680967602e-08 7.384815003431763293e-10 1.673344082866147094e-05 0.000000000000000000e+00 0.000000000000000000e+00 0.000000000000000000e+00 0.000000000000000000e+00 0.000000000000000000e+00 0.000000000000000000e+00
2.900000000000000000e+03 6.288902629201378147e+01 5.592979442582811204e-03 0.000000000000000000e+00 2.743503618748336370e-01 0.000000000000000000e+00 7.199126091230079183e-01 8.604497901037556700e-05 5.987551148194715397e-06 2.752178725426381625e-05 0.000000000000000000e+00 5.325924461744947680e-08 0.000000000000000000e+00 0.000000000000000000e+00 0.000000000000000000e+00 4.833363844210555335e-06 1.665045908360980259e-08 9.463829450409590694e-10 1.959102223211311224e-05 0.000000000000000000e+00 0.000000000000000000e+00 0.000000000000000000e+00 0.000000000000000000e+00 0.000000000000000000e+00 0.000000000000000000e+00
2.925000000000000000e+03 6.303016038826525858e+01 5.592700055262851515e-03 0.000000000000000000e+00 2.743366556938529044e-01 0.000000000000000000e+00 7.199017012579062014e-01 9.866977941927200274e-05 6.897226129742803030e-06 3.444024354527878149e-05 0.000000000000000000e+00 6.327744025441537130e-08 0.000000000000000000e+00 0.000000000000000000e+00 0.000000000000000000e+00 5.977060174020646081e-06 2.161806737241746104e-08 1.207471425332215594e-09 2.287258073076155161e-05 0.000000000000000000e+00 0.000000000000000000e+00 0.000000000000000000e+00 0.000000000000000000e+00 0.000000000000000000e+00 0.000000000000000000e+00
2.950000000000000000e+03 6.318088685844359986e+01 5.592371492841482529e-03 0.000000000000000000e+00 2.743205420727149457e-01 0.000000000000000000e+00 7.198892393263429668e-01 1.128602816090037758e-04 7.924387878384309185e-06 4.296520046795851010e-05 0.000000000000000000e+00 7.492770429282862636e-08 0.000000000000000000e+00 0.000000000000000000e+00 0.000000000000000000e+00 7.361505498623162127e-06 2.795364071386203133e-08 1.533973348218122949e-09 2.663131732822101848e-05 0.000000000000000000e+00 0.000000000000000000e+00 0.000000000000000000e+00 0.000000000000000000e+00 0.000000000000000000e+00 0.000000000000000000e+00
2.975000000000000000e+03 6.334155111858066078e+01 5.591985426717927324e-03 0.000000000000000000e+00 2.743016074657109171e-01 0.000000000000000000e+00 7.198750324618981011e-01 1.287726062844473762e-04 9.081367421622786346e-06 5.343758386673718157e-05 0.000000000000000000e+00 8.843291663201235793e-08 0.000000000000000000e+00 0.000000000000000000e+00 0.000000000000000000e+00 9.030883783485490007e-06 3.600206058109022421e-08 1.940601120308516577e-09 3.092582873868303156e-05 0.000000000000000000e+00 0.000000000000000000e+00 0.000000000000000000e+00 0.000000000000000000e+00 0.000000000000000000e+00 0.000000000000000000e+00
3.000000000000000000e+03 6.351249423824860685e+01 5.591532379927208370e-03 0.000000000000000000e+00 2.742793765720621391e-01 0.000000000000000000e+00 7.198588626784809819e-01 1.465741491242224205e-04 1.038145590922189180e-05 6.626335844878691384e-05 0.000000000000000000e+00 1.040400162563840906e-07 0.000000000000000000e+00 0.000000000000000000e+00 0.000000000000000000e+00 1.103622784200367727e-05 4.618691340792123121e-08 2.444989212366889071e-09 3.582050628644448272e-05 0.000000000000000000e+00 0.000000000000000000e+00 0.000000000000000000e+00 0.000000000000000000e+00 0.000000000000000000e+00 0.000000000000000000e+00
3.025000000000000000e+03 6.369405556239729549e+01 5.591001132683133534e-03 0.000000000000000000e+00 2.742533138213856803e-01 0.000000000000000000e+00 7.198404713892959661e-01 1.664439745369183184e-04 1.183894708650246182e-05 8.192440314926163812e-05 0.000000000000000000e+00 1.220217969843569266e-07 0.000000000000000000e+00 0.000000000000000000e+00 0.000000000000000000e+00 1.343626538798505391e-05 5.902648614445269246e-08 3.068194189242012406e-09 4.138594999734195273e-05 0.000000000000000000e+00 0.000000000000000000e+00 0.000000000000000000e+00 0.000000000000000000e+00 0.000000000000000000e+00 0.000000000000000000e+00
3.050000000000000000e+03 6.388657528996711221e+01 5.590378606019762164e-03 0.000000000000000000e+00 2.742227817314389915e-01 0.000000000000000000e+00 7.198195870008342601e-01 1.885731903496973066e-04 1.346917744446894842e-05 1.009908896116400981e-04 0.000000000000000000e+00 1.426787447194879712e-07 0.000000000000000000e+00 0.000000000000000000e+00 0.000000000000000000e+00 1.629833872100903746e-05 7.515257281425418229e-08 3.835264588277512411e-09 4.769939899800011116e-05 0.000000000000000000e+00 0.000000000000000000e+00 0.000000000000000000e+00 0.000000000000000000e+00 0.000000000000000000e+00 0.000000000000000000e+00
3.075000000000000000e+03 6.409039814182693817e+01 5.589649887856783239e-03 0.000000000000000000e+00 2.741870395614250389e-01 0.000000000000000000e+00 7.197959103237110412e-01 2.131652951049873722e-04 1.528856389429247300e-05 1.241353603386247595e-04 0.000000000000000000e+00 1.663408771993745862e-07 0.000000000000000000e+00 0.000000000000000000e+00 0.000000000000000000e+00 1.969939465742342606e-05 9.533251548905580507e-08 4.775888701984701733e-09 5.484516373043706646e-05 0.000000000000000000e+00 0.000000000000000000e+00 0.000000000000000000e+00 0.000000000000000000e+00 0.000000000000000000e+00 0.000000000000000000e+00
3.100000000000000000e+03 6.430587215489478581e+01 5.588798005711587309e-03 0.000000000000000000e+00 2.741452492872094027e-01 0.000000000000000000e+00 7.197690909683618354e-01 2.404364940172363119e-04 1.731464099087451496e-05 1.521486816526217796e-04 0.000000000000000000e+00 1.933696467624833394e-07 0.000000000000000000e+00 0.000000000000000000e+00 0.000000000000000000e+00 2.372705283881958784e-05 1.204949335306165534e-07 5.925127889619836579e-09 6.291507950944455019e-05 0.000000000000000000e+00 0.000000000000000000e+00 0.000000000000000000e+00 0.000000000000000000e+00 0.000000000000000000e+00 0.000000000000000000e+00
3.125000000000000000e+03 6.453336140629096462e+01 5.587802777878170951e-03 0.000000000000000000e+00 2.740964322810525156e-01 0.000000000000000000e+00 7.197387519848221782e-01 2.706159579181980886e-04 1.956609215957049087e-05 1.859579671079023282e-04 0.000000000000000000e+00 2.241597897254375750e-07 0.000000000000000000e+00 0.000000000000000000e+00 0.000000000000000000e+00 2.848074427474587032e-05 1.517596146809541184e-07 7.324241983788943459e-09 7.200895114039480350e-05 0.000000000000000000e+00 0.000000000000000000e+00 0.000000000000000000e+00 0.000000000000000000e+00 0.000000000000000000e+00 0.000000000000000000e+00
3.150000000000000000e+03 6.477324516545881750e+01 5.586641449616572969e-03 0.000000000000000000e+00 2.740394645308725230e-01 0.000000000000000000e+00 7.197044718545436703e-01 3.039460016030968667e-04 2.206277949117798465e-05 2.266468053966638827e-04 0.000000000000000000e+00 2.591412241984574599e-07 0.000000000000000000e+00 0.000000000000000000e+00 0.000000000000000000e+00 3.407292993259416065e-05 1.904721511366005055e-07 9.021616636093049819e-09 8.223501355170344826e-05 0.000000000000000000e+00 0.000000000000000000e+00 0.000000000000000000e+00 0.000000000000000000e+00 0.000000000000000000e+00 0.000000000000000000e+00
3.175000000000000000e+03 6.502592556639672239e+01 5.585287648442341900e-03 0.000000000000000000e+00 2.739730595249116885e-01 0.000000000000000000e+00 7.196657780890757250e-01 3.406822820739917432e-04 2.482576716802112319e-05 2.754778285233437825e-04 0.000000000000000000e+00 2.987808472236814246e-07 0.000000000000000000e+00 0.000000000000000000e+00 0.000000000000000000e+00 4.063038008268890310e-05 2.382439073441731034e-07 1.107379984959987651e-08 9.371038116777915237e-05 0.000000000000000000e+00 0.000000000000000000e+00 0.000000000000000000e+00 0.000000000000000000e+00 0.000000000000000000e+00 0.000000000000000000e+00
3.200000000000000000e+03 6.529183793727183627e+01 5.583711597681696552e-03 0.000000000000000000e+00 2.738957404794445938e-01 0.000000000000000000e+00 7.196221478083922873e-01 3.810937608762214493e-04 2.787733686216435741e-05 3.339178843619389670e-04 0.000000000000000000e+00 3.435843039771738971e-07 0.000000000000000000e+00 0.000000000000000000e+00 0.000000000000000000e+00 4.829552557882837424e-05 2.969978832855731573e-07 1.354665529540341171e-08 1.065614779595078671e-04 0.000000000000000000e+00 0.000000000000000000e+00 0.000000000000000000e+00 0.000000000000000000e+00 0.000000000000000000e+00 0.000000000000000000e+00
3.225000000000000000e+03 6.557145497846033777e+01 5.581878358157712008e-03 0.000000000000000000e+00 2.738058259253588478e-01 0.000000000000000000e+00 7.195729940559232318e-01 4.254626961986033651e-04 3.124099837815525968e-05 4.036659837172909397e-04 0.000000000000000000e+00 3.940976095505073298e-07 0.000000000000000000e+00 0.000000000000000000e+00 0.000000000000000000e+00 5.722787290347039149e-05 3.690212622657808635e-07 1.651663796827645422e-08 1.209244738528655384e-04 0.000000000000000000e+00 0.000000000000000000e+00 0.000000000000000000e+00 0.000000000000000000e+00 0.000000000000000000e+00 0.000000000000000000e+00
3.250000000000000000e+03 6.586529941916919029e+01 5.579749158621992444e-03 0.000000000000000000e+00 2.737013809364950978e-01 0.000000000000000000e+00 7.195176807017665821e-01 4.740844421955148474e-04 3.494148810800804217e-05 4.866841345365747291e-04 0.000000000000000000e+00 4.509087269241493049e-07 0.000000000000000000e+00 0.000000000000000000e+00 0.000000000000000000e+00 6.760545116825274193e-05 4.570252102528474331e-07 2.007220360728144070e-08 1.369456809670931770e-04 0.000000000000000000e+00 0.000000000000000000e+00 0.000000000000000000e+00 0.000000000000000000e+00 0.000000000000000000e+00 0.000000000000000000e+00
3.275000000000000000e+03 6.617395314823292551e+01 5.577279049146157720e-03 0.000000000000000000e+00 2.735802116224286817e-01 0.000000000000000000e+00 7.194554947850242410e-01 5.272671131799395875e-04 3.900475955583279560e-05 5.852312775981137341e-04 0.000000000000000000e+00 5.146488763192871290e-07 0.000000000000000000e+00 0.000000000000000000e+00 0.000000000000000000e+00 7.962632044348061497e-05 5.642128111864300728e-07 2.431535005762852391e-08 1.547818955861064629e-04 0.000000000000000000e+00 0.000000000000000000e+00 0.000000000000000000e+00 0.000000000000000000e+00 0.000000000000000000e+00 0.000000000000000000e+00
3.300000000000000000e+03 6.649806947532422896e+01 5.574417287484635837e-03 0.000000000000000000e+00 2.734398385052485558e-01 0.000000000000000000e+00 7.193856342745734711e-01 5.853310696706307253e-04 4.345795023285919587e-05 7.019003878815738501e-04 0.000000000000000000e+00 5.859935778671152252e-07 0.000000000000000000e+00 0.000000000000000000e+00 0.000000000000000000e+00 9.351007380869487797e-05 6.943556495843713370e-07 2.936330238573958167e-08 1.746007385697219438e-04 0.000000000000000000e+00 0.000000000000000000e+00 0.000000000000000000e+00 0.000000000000000000e+00 0.000000000000000000e+00 0.000000000000000000e+00
3.325000000000000000e+03 6.683838713307522994e+01 5.571106287582831829e-03 0.000000000000000000e+00 2.732774192293328519e-01 0.000000000000000000e+00 7.193072452930989735e-01 6.486081712975235369e-04 4.832934711596950357e-05 8.396585585861741311e-04 0.000000000000000000e+00 6.656635953279426864e-07 0.000000000000000000e+00 0.000000000000000000e+00 0.000000000000000000e+00 1.094993619491626749e-04 8.518800071508719744e-07 3.535033423981637143e-08 1.965808570998028794e-04 0.000000000000000000e+00 0.000000000000000000e+00 0.000000000000000000e+00 0.000000000000000000e+00 0.000000000000000000e+00 0.000000000000000000e+00
3.350000000000000000e+03 6.719574308781417926e+01 5.567280803102286901e-03 0.000000000000000000e+00 2.730897796692731139e-01 0.000000000000000000e+00 7.192193474360421002e-01 7.174407942153401569e-04 5.364831176553418423e-05 1.001890697269039237e-03 0.000000000000000000e+00 7.544251905941416607e-07 0.000000000000000000e+00 0.000000000000000000e+00 0.000000000000000000e+00 1.278613704220805155e-04 1.041963115621727548e-06 4.242972932578027973e-08 2.209120998749763737e-04 0.000000000000000000e+00 0.000000000000000000e+00 0.000000000000000000e+00 0.000000000000000000e+00 0.000000000000000000e+00 0.000000000000000000e+00
3.375000000000000000e+03 6.757108994351546016e+01 5.562867708902017802e-03 0.000000000000000000e+00 2.728733030011169514e-01 0.000000000000000000e+00 7.191208986234289835e-01 7.921805267885930748e-04 5.944520556495032007e-05 1.192445628274486132e-03 0.000000000000000000e+00 8.530902301319064937e-07 0.000000000000000000e+00 0.000000000000000000e+00 0.000000000000000000e+00 1.488892441827872480e-04 1.270640130008494519e-06 5.077588177238039590e-08 2.477955554992440786e-04 0.000000000000000000e+00 0.000000000000000000e+00 0.000000000000000000e+00 0.000000000000000000e+00 0.000000000000000000e+00 0.000000000000000000e+00
3.400000000000000000e+03 6.796551248857333860e+01 5.557784521243094335e-03 0.000000000000000000e+00 2.726239553367234003e-01 0.000000000000000000e+00 7.190107218324164329e-01 8.731865654531661405e-04 6.575125855727099935e-05 1.415685632143561315e-03 0.000000000000000000e+00 9.625154406582549207e-07 0.000000000000000000e+00 0.000000000000000000e+00 0.000000000000000000e+00 1.729034166697681544e-04 1.544922465319350785e-06 6.058650353481793521e-08 2.774434123838134510e-04 0.000000000000000000e+00 0.000000000000000000e+00 0.000000000000000000e+00 0.000000000000000000e+00 0.000000000000000000e+00 0.000000000000000000e+00
3.425000000000000000e+03 6.838024677792697048e+01 5.551938517717560848e-03 0.000000000000000000e+00 2.723371921111868432e-01 0.000000000000000000e+00 7.188875493913644554e-01 9.608236079627678833e-04 7.259843278515277934e-05 1.676537808366702215e-03 0.000000000000000000e+00 1.083601351587052932e-06 0.000000000000000000e+00 0.000000000000000000e+00 0.000000000000000000e+00 2.002527671749307532e-04 1.872927355567335168e-06 7.208495077081916322e-08 3.100787497837500422e-04 0.000000000000000000e+00 0.000000000000000000e+00 0.000000000000000000e+00 0.000000000000000000e+00 0.000000000000000000e+00 0.000000000000000000e+00
3.450000000000000000e+03 6.881669952097999499e+01 5.545226438963389397e-03 0.000000000000000000e+00 2.720079533278218498e-01 0.000000000000000000e+00 7.187499766819990255e-01 1.055459380838330618e-03 8.001923132436245055e-05 1.980547562525167109e-03 0.000000000000000000e+00 1.217289979787257772e-06 0.000000000000000000e+00 0.000000000000000000e+00 0.000000000000000000e+00 2.313155657279126261e-04 2.264019129649234326e-06 8.552262829329490361e-08 3.459349790622967828e-04 0.000000000000000000e+00 0.000000000000000000e+00 0.000000000000000000e+00 0.000000000000000000e+00 0.000000000000000000e+00 0.000000000000000000e+00
3.475000000000000000e+03 6.927647324280533780e+01 5.537533428821640388e-03 0.000000000000000000e+00 2.716305815116419331e-01 0.000000000000000000e+00 7.185964945321523523e-01 1.157461545034841948e-03 8.804645947423397326e-05 2.333932494099212000e-03 0.000000000000000000e+00 1.364561957604846947e-06 0.000000000000000000e+00 0.000000000000000000e+00 0.000000000000000000e+00 2.665001788208527377e-04 2.728961479751326448e-06 1.011814240122630526e-07 3.852551450934962288e-04 0.000000000000000000e+00 0.000000000000000000e+00 0.000000000000000000e+00 0.000000000000000000e+00 0.000000000000000000e+00 0.000000000000000000e+00
3.500000000000000000e+03 6.976138618921063994e+01 5.528731322228394411e-03 0.000000000000000000e+00 2.711988226949698100e-01 0.000000000000000000e+00 7.184254399305116667e-01 1.267194117781859485e-03 9.671295076234090492e-05 2.743636908530871013e-03 0.000000000000000000e+00 1.526432326932565339e-06 0.000000000000000000e+00 0.000000000000000000e+00 0.000000000000000000e+00 3.062453557945622891e-04 3.280080307762928481e-06 1.193761611417955634e-07 4.282908306247400578e-04 0.000000000000000000e+00 0.000000000000000000e+00 0.000000000000000000e+00 0.000000000000000000e+00 0.000000000000000000e+00 0.000000000000000000e+00
3.525000000000000000e+03 7.027349937991975537e+01 5.518679464110799564e-03 0.000000000000000000e+00 2.707057472122852970e-01 0.000000000000000000e+00 7.182350290278618488e-01 1.385013006846650026e-03 1.060512258559601328e-04 3.217383366467174190e-03 0.000000000000000000e+00 1.703944971388768300e-06 0.000000000000000000e+00 0.000000000000000000e+00 0.000000000000000000e+00 3.510200511368043283e-04 3.931435515503084566e-06 1.404569771905216328e-07 4.753008079713197929e-04 0.000000000000000000e+00 0.000000000000000000e+00 0.000000000000000000e+00 0.000000000000000000e+00 0.000000000000000000e+00 0.000000000000000000e+00
3.550000000000000000e+03 7.081514647785803618e+01 5.507222381500968822e-03 0.000000000000000000e+00 2.701437470827646736e-01 0.000000000000000000e+00 7.180233209558737340e-01 1.511260941490064676e-03 1.160930933110907484e-04 3.763721658253479322e-03 0.000000000000000000e+00 1.898165843646728678e-06 0.000000000000000000e+00 0.000000000000000000e+00 0.000000000000000000e+00 4.013227514141213181e-04 4.698999397888222955e-06 1.648115670926151628e-07 5.265491585834569839e-04 0.000000000000000000e+00 0.000000000000000000e+00 0.000000000000000000e+00 0.000000000000000000e+00 0.000000000000000000e+00 0.000000000000000000e+00
3.575000000000000000e+03 7.138895646944440898e+01 5.494189888604577958e-03 0.000000000000000000e+00 2.695044806862436637e-01 0.000000000000000000e+00 7.177882406861085807e-01 1.646261720573823041e-03 1.268691727408161659e-04 4.392071001195530650e-03 0.000000000000000000e+00 2.110174185588955974e-06 0.000000000000000000e+00 0.000000000000000000e+00 0.000000000000000000e+00 4.576800110108777248e-04 5.600840245235851242e-06 1.928672201442916455e-07 5.823029518710677891e-04 0.000000000000000000e+00 0.000000000000000000e+00 0.000000000000000000e+00 0.000000000000000000e+00 0.000000000000000000e+00 0.000000000000000000e+00
3.600000000000000000e+03 7.199789009613921564e+01 5.479397056757550483e-03 0.000000000000000000e+00 2.687788447107967160e-01 0.000000000000000000e+00 7.175275862716737896e-01 1.790313073875428969e-03 1.384083479485361066e-04 5.112753412299737149e-03 0.000000000000000000e+00 2.341051957877343618e-06 0.000000000000000000e+00 0.000000000000000000e+00 0.000000000000000000e+00 5.206442348806583371e-04 6.657304503850794315e-06 2.250924712261292388e-07 6.428294428347544696e-04 0.000000000000000000e+00 0.000000000000000000e+00 0.000000000000000000e+00 0.000000000000000000e+00 0.000000000000000000e+00 0.000000000000000000e+00
3.625000000000000000e+03 7.264526831509512306e+01 5.462642756678826560e-03 0.000000000000000000e+00 2.679570057165080454e-01 0.000000000000000000e+00 7.172389918003040377e-01 1.943679376574508361e-03 1.507371579104287824e-04 5.937015110414237996e-03 0.000000000000000000e+00 2.591871149715442534e-06 0.000000000000000000e+00 0.000000000000000000e+00 0.000000000000000000e+00 5.907904922067203687e-04 7.891195443744646596e-06 2.619983558103302737e-07 7.083925244540346337e-04 0.000000000000000000e+00 0.000000000000000000e+00 0.000000000000000000e+00 0.000000000000000000e+00 0.000000000000000000e+00 0.000000000000000000e+00
3.650000000000000000e+03 7.333480548776849162e+01 5.443711337210234077e-03 0.000000000000000000e+00 2.670283657198639915e-01 0.000000000000000000e+00 7.169199732535997960e-01 2.106582643240524719e-03 1.638790632969977642e-04 6.877031388963326421e-03 0.000000000000000000e+00 2.863678898795828644e-06 0.000000000000000000e+00 0.000000000000000000e+00 0.000000000000000000e+00 6.687121591961582264e-04 9.327940066100191664e-06 3.041389833818728787e-07 7.792486766809206787e-04 0.000000000000000000e+00 0.000000000000000000e+00 0.000000000000000000e+00 0.000000000000000000e+00 0.000000000000000000e+00 0.000000000000000000e+00
3.675000000000000000e+03 7.407064700669197066e+01 5.422371433094821773e-03 0.000000000000000000e+00 2.659815888609095569e-01 0.000000000000000000e+00 7.165679400518950581e-01 2.279193038595278987e-03 1.778536724715705140e-04 7.945890323954736892e-03 0.000000000000000000e+00 3.157479890938401067e-06 0.000000000000000000e+00 0.000000000000000000e+00 0.000000000000000000e+00 7.550153202659869557e-04 1.099573542576851182e-05 3.521113472329185595e-07 8.556419721491108615e-04 0.000000000000000000e+00 0.000000000000000000e+00 0.000000000000000000e+00 0.000000000000000000e+00 0.000000000000000000e+00 0.000000000000000000e+00
3.700000000000000000e+03 7.485739787070563978e+01 5.398378472017124723e-03 0.000000000000000000e+00 2.648046666351983602e-01 0.000000000000000000e+00 7.161801922848431978e-01 2.461618528555007974e-03 1.926758749372126404e-04 9.157551290146540360e-03 0.000000000000000000e+00 3.474216768473230074e-06 0.000000000000000000e+00 0.000000000000000000e+00 0.000000000000000000e+00 8.503118759776697117e-04 1.292566885903434844e-05 4.065542148510930781e-07 9.377985984826242398e-04 0.000000000000000000e+00 0.000000000000000000e+00 0.000000000000000000e+00 0.000000000000000000e+00 0.000000000000000000e+00 0.000000000000000000e+00
3.725000000000000000e+03 7.570016744275159226e+01 5.371474777661649699e-03 0.000000000000000000e+00 2.634849742475151024e-01 0.000000000000000000e+00 7.157539654823770192e-01 2.653893520746521909e-03 2.083548823413979207e-04 1.052677118446270280e-02 0.000000000000000000e+00 3.814747049711946411e-06 0.000000000000000000e+00 0.000000000000000000e+00 0.000000000000000000e+00 9.552108845370971702e-04 1.515179662940283773e-05 4.681456966534792197e-07 1.025920330982962436e-03 0.000000000000000000e+00 0.000000000000000000e+00 0.000000000000000000e+00 0.000000000000000000e+00 0.000000000000000000e+00 0.000000000000000000e+00
3.750000000000000000e+03 7.660459484741835468e+01 5.341393150047227950e-03 0.000000000000000000e+00 2.620093818391036056e-01 0.000000000000000000e+00 7.152864526339007822e-01 2.855967264156783741e-03 2.248932685582890137e-04 1.206899708778381985e-02 0.000000000000000000e+00 4.179818989153531863e-06 0.000000000000000000e+00 0.000000000000000000e+00 0.000000000000000000e+00 1.070308660694844604e-03 1.771117338427811305e-05 5.375996793550556147e-07 1.120177503701943848e-03 0.000000000000000000e+00 0.000000000000000000e+00 0.000000000000000000e+00 0.000000000000000000e+00 0.000000000000000000e+00 0.000000000000000000e+00
3.775000000000000000e+03 7.757689303166962702e+01 5.307858052805275277e-03 0.000000000000000000e+00 2.603644063732825087e-01 0.000000000000000000e+00 7.147748367022263016e-01 3.067691696631726691e-03 2.422858803401574770e-04 1.380021371790715601e-02 0.000000000000000000e+00 4.570043688610868677e-06 0.000000000000000000e+00 0.000000000000000000e+00 0.000000000000000000e+00 1.196176892149306871e-03 2.064381342724859499e-05 6.156604774652897878e-07 1.220701167064199098e-03 0.000000000000000000e+00 0.000000000000000000e+00 0.000000000000000000e+00 0.000000000000000000e+00 0.000000000000000000e+00 0.000000000000000000e+00
3.800000000000000000e+03 7.862387359453398972e+01 5.270590940007892182e-03 0.000000000000000000e+00 2.585363524715685313e-01 0.000000000000000000e+00 7.142163760241883042e-01 3.288809408980472495e-03 2.605188405155675212e-04 1.573674674307579471e-02 0.000000000000000000e+00 4.985866949186889615e-06 0.000000000000000000e+00 0.000000000000000000e+00 0.000000000000000000e+00 1.333349330104436790e-03 2.399257574309500093e-05 7.030958855036978742e-07 1.327574702981161115e-03 0.000000000000000000e+00 0.000000000000000000e+00 0.000000000000000000e+00 0.000000000000000000e+00 0.000000000000000000e+00 0.000000000000000000e+00
