# T Ptot H He C N O Na K Si Ar Ti V S Cl Mg Al Ca Fe Cr Li Cs Rb F P
1.500000000000000000e+03 4.870509742512255968e+01 1.410735694360310986e-03 0.000000000000000000e+00 3.121958106319072668e-01 0.000000000000000000e+00 6.863934536538721654e-01 1.865160201258358418e-11 7.662709715729387031e-13 5.373757670812217896e-15 0.000000000000000000e+00 7.685982355790535635e-17 0.000000000000000000e+00 0.000000000000000000e+00 0.000000000000000000e+00 1.105005915794048459e-16 1.594208474597536342e-20 9.114793140091280342e-22 4.367471434734353116e-13 0.000000000000000000e+00 0.000000000000000000e+00 0.000000000000000000e+00 0.000000000000000000e+00 0.000000000000000000e+00 0.000000000000000000e+00
1.525000000000000000e+03 4.870513214267475632e+01 1.410735677345079965e-03 0.000000000000000000e+00 3.121958086111980002e-01 0.000000000000000000e+00 6.863934556771468243e-01 3.213128641277942594e-11 1.346131634134590411e-12 1.149108173489041167e-14 0.000000000000000000e+00 1.601003028761356076e-16 0.000000000000000000e+00 0.000000000000000000e+00 0.000000000000000000e+00 2.635692131902212003e-16 4.078928142522598432e-20 2.478486205928306405e-21 8.205826761236731154e-13 0.000000000000000000e+00 0.000000000000000000e+00 0.000000000000000000e+00 0.000000000000000000e+00 0.000000000000000000e+00 0.000000000000000000e+00
1.550000000000000000e+03 4.870517842606188452e+01 1.410735692756765131e-03 0.000000000000000000e+00 3.121958107718323383e-01 0.000000000000000000e+00 6.863934534771889417e-01 5.436745668800326787e-11 2.320931058205044499e-12 2.396261144443994546e-14 0.000000000000000000e+00 3.251513678405274572e-16 0.000000000000000000e+00 0.000000000000000000e+00 0.000000000000000000e+00 6.105578417462822557e-16 1.011636779926363915e-19 6.496400344616226844e-21 1.508707106515987121e-12 0.000000000000000000e+00 0.000000000000000000e+00 0.000000000000000000e+00 0.000000000000000000e+00 0.000000000000000000e+00 0.000000000000000000e+00
1.575000000000000000e+03 4.870523918647378281e+01 1.410735699834177138e-03 0.000000000000000000e+00 3.121958097189853065e-01 0.000000000000000000e+00 6.863934544840498697e-01 9.043152077876968946e-11 3.930934608231502399e-12 4.878974804794173489e-14 0.000000000000000000e+00 6.446371684580285529e-16 0.000000000000000000e+00 0.000000000000000000e+00 0.000000000000000000e+00 1.375539483616677338e-15 2.435819563425757792e-19 1.644702746406512382e-20 2.717293977589931880e-12 0.000000000000000000e+00 0.000000000000000000e+00 0.000000000000000000e+00 0.000000000000000000e+00 0.000000000000000000e+00 0.000000000000000000e+00
1.600000000000000000e+03 4.870531953353464871e+01 1.410735694980042249e-03 0.000000000000000000e+00 3.121958131638270517e-01 0.000000000000000000e+00 6.863934509817616325e-01 1.479852936727154006e-10 6.545657199168497489e-12 9.710523116695285216e-14 0.000000000000000000e+00 1.249059687647086749e-15 0.000000000000000000e+00 0.000000000000000000e+00 0.000000000000000000e+00 3.017917049877690349e-15 5.702053150195784595e-19 4.029475593990813477e-20 4.798962352334677823e-12 0.000000000000000000e+00 0.000000000000000000e+00 0.000000000000000000e+00 0.000000000000000000e+00 0.000000000000000000e+00 0.000000000000000000e+00
1.625000000000000000e+03 4.870542552823231119e+01 1.410735690603683382e-03 0.000000000000000000e+00 3.121958082301766191e-01 0.000000000000000000e+00 6.863934558215482040e-01 2.384305294929828035e-10 1.072450033988420916e-11 1.891232897959804829e-13 0.000000000000000000e+00 2.367879639897340598e-15 0.000000000000000000e+00 0.000000000000000000e+00 0.000000000000000000e+00 6.456066642583924761e-15 1.299479705098686280e-18 9.570093144873225443e-20 8.318412733626224596e-12 0.000000000000000000e+00 0.000000000000000000e+00 0.000000000000000000e+00 0.000000000000000000e+00 0.000000000000000000e+00 0.000000000000000000e+00
1.650000000000000000e+03 4.870556183692667673e+01 1.410735702330900886e-03 0.000000000000000000e+00 3.121958096448458342e-01 0.000000000000000000e+00 6.863934542424864338e-01 3.784921580462476890e-10 1.730171161213747993e-11 3.608087966193005362e-13 0.000000000000000000e+00 4.396289766250309366e-15 0.000000000000000000e+00 0.000000000000000000e+00 0.000000000000000000e+00 1.348220850741654966e-14 2.886766528655878231e-18 2.206975043385988404e-19 1.416429003959655999e-11 0.000000000000000000e+00 0.000000000000000000e+00 0.000000000000000000e+00 0.000000000000000000e+00 0.000000000000000000e+00 0.000000000000000000e+00
1.675000000000000000e+03 4.870573868339891987e+01 1.410735686610572201e-03 0.000000000000000000e+00 3.121958096271748029e-01 0.000000000000000000e+00 6.863934540419195374e-01 5.923691069792619878e-10 2.750374211705950850e-11 6.749243550031470079e-13 0.000000000000000000e+00 8.001624841810096529e-15 0.000000000000000000e+00 0.000000000000000000e+00 0.000000000000000000e+00 2.751452224883747387e-14 6.258608422873075894e-18 4.949380287269037282e-19 2.371190833057486808e-11 0.000000000000000000e+00 0.000000000000000000e+00 0.000000000000000000e+00 0.000000000000000000e+00 0.000000000000000000e+00 0.000000000000000000e+00
1.700000000000000000e+03 4.870596611116594232e+01 1.410735715178255793e-03 0.000000000000000000e+00 3.121958099719054358e-01 0.000000000000000000e+00 6.863934533148234873e-01 9.146192347222842377e-10 4.310919991112709190e-11 1.239001986405766275e-12 0.000000000000000000e+00 1.428977898520956192e-14 0.000000000000000000e+00 0.000000000000000000e+00 0.000000000000000000e+00 5.493109936927542973e-14 1.325739850319503458e-17 1.080912526973371505e-18 3.905626119872781451e-11 0.000000000000000000e+00 0.000000000000000000e+00 0.000000000000000000e+00 0.000000000000000000e+00 0.000000000000000000e+00 0.000000000000000000e+00
1.725000000000000000e+03 4.870625622345286843e+01 1.410735714684946407e-03 0.000000000000000000e+00 3.121958089090799970e-01 0.000000000000000000e+00 6.863934538498824844e-01 1.393981285493040192e-09 6.666406382787738812e-11 2.234083665958623291e-12 0.000000000000000000e+00 2.506083825331234323e-14 0.000000000000000000e+00 0.000000000000000000e+00 0.000000000000000000e+00 1.073869342272282096e-13 2.746732282512818778e-17 2.301918830222071677e-18 6.334072050847840440e-11 0.000000000000000000e+00 0.000000000000000000e+00 0.000000000000000000e+00 0.000000000000000000e+00 0.000000000000000000e+00 0.000000000000000000e+00
1.750000000000000000e+03 4.870662436430296793e+01 1.410735679485127219e-03 0.000000000000000000e+00 3.121958103118119277e-01 0.000000000000000000e+00 6.863934517031335947e-01 2.098378675213818679e-09 1.017677335221193409e-10 3.959946433841876406e-12 0.000000000000000000e+00 4.319510347579668987e-14 0.000000000000000000e+00 0.000000000000000000e+00 0.000000000000000000e+00 2.057589258630776805e-13 5.571722370671367677e-17 4.786137802224819032e-18 1.012141180291599432e-10 0.000000000000000000e+00 0.000000000000000000e+00 0.000000000000000000e+00 0.000000000000000000e+00 0.000000000000000000e+00 0.000000000000000000e+00
1.775000000000000000e+03 4.870708912392043999e+01 1.410735683076418329e-03 0.000000000000000000e+00 3.121958093039560733e-01 0.000000000000000000e+00 6.863934515712976081e-01 3.121398057916450776e-09 1.534487703198294596e-10 6.905185260321138488e-12 0.000000000000000000e+00 7.322655609172711387e-14 0.000000000000000000e+00 0.000000000000000000e+00 0.000000000000000000e+00 3.867361106191687528e-13 1.107622275248158434e-16 9.726972190751152643e-18 1.594578441990897401e-10 0.000000000000000000e+00 0.000000000000000000e+00 0.000000000000000000e+00 0.000000000000000000e+00 0.000000000000000000e+00 0.000000000000000000e+00
1.800000000000000000e+03 4.870767132609617533e+01 1.410735697636346245e-03 0.000000000000000000e+00 3.121958053646693432e-01 0.000000000000000000e+00 6.863934538579287148e-01 4.590587379537874745e-09 2.286530295842529862e-10 1.185425823505447385e-11 0.000000000000000000e+00 1.221816055032415315e-13 0.000000000000000000e+00 0.000000000000000000e+00 0.000000000000000000e+00 7.136303398525798691e-13 2.159806599536822938e-16 1.934360074739194734e-17 2.478349992724971874e-10 0.000000000000000000e+00 0.000000000000000000e+00 0.000000000000000000e+00 0.000000000000000000e+00 0.000000000000000000e+00 0.000000000000000000e+00
1.825000000000000000e+03 4.870839723776855124e+01 1.410735688728139391e-03 0.000000000000000000e+00 3.121958089727552843e-01 0.000000000000000000e+00 6.863934479236020181e-01 6.677974427215447774e-09 3.351698620156648125e-10 2.004876818964236847e-11 0.000000000000000000e+00 2.007876621781486224e-13 0.000000000000000000e+00 0.000000000000000000e+00 0.000000000000000000e+00 1.293804469321628408e-12 4.134569114417847880e-16 3.767946313793433073e-17 3.802263255368973510e-10 0.000000000000000000e+00 0.000000000000000000e+00 0.000000000000000000e+00 0.000000000000000000e+00 0.000000000000000000e+00 0.000000000000000000e+00
1.850000000000000000e+03 4.870929746961353146e+01 1.410735678302753792e-03 0.000000000000000000e+00 3.121958025112517854e-01 0.000000000000000000e+00 6.863934510965966629e-01 9.613271243903158817e-09 4.883861037016331414e-10 3.342736375796080519e-11 0.000000000000000000e+00 3.251899765260290669e-13 0.000000000000000000e+00 0.000000000000000000e+00 0.000000000000000000e+00 2.306304590784983619e-12 7.776602876946113408e-16 7.196037821734545856e-17 5.761317862387110790e-10 0.000000000000000000e+00 0.000000000000000000e+00 0.000000000000000000e+00 0.000000000000000000e+00 0.000000000000000000e+00 0.000000000000000000e+00
1.875000000000000000e+03 4.871040614087210940e+01 1.410735695580434164e-03 0.000000000000000000e+00 3.121958051985225802e-01 0.000000000000000000e+00 6.863934437791733290e-01 1.370029487700881758e-08 7.042509134528323506e-10 5.497827019351244535e-11 0.000000000000000000e+00 5.193573228817687627e-13 0.000000000000000000e+00 0.000000000000000000e+00 0.000000000000000000e+00 4.044979396415720639e-12 1.438227830049869517e-15 1.348627833768422448e-16 8.626335978870259149e-10 0.000000000000000000e+00 0.000000000000000000e+00 0.000000000000000000e+00 0.000000000000000000e+00 0.000000000000000000e+00 0.000000000000000000e+00
1.900000000000000000e+03 4.871176718028708308e+01 1.410735644836708536e-03 0.000000000000000000e+00 3.121957983153446081e-01 0.000000000000000000e+00 6.863934443232350135e-01 1.933719417436486755e-08 1.005397185790908158e-09 8.925148154951511643e-11 0.000000000000000000e+00 8.184092392781361088e-13 0.000000000000000000e+00 0.000000000000000000e+00 0.000000000000000000e+00 6.984744624178765785e-12 2.617342648495770407e-15 2.482368170436165019e-16 1.276934825835874014e-09 0.000000000000000000e+00 0.000000000000000000e+00 0.000000000000000000e+00 0.000000000000000000e+00 0.000000000000000000e+00 0.000000000000000000e+00
1.925000000000000000e+03 4.871342519666623616e+01 1.410735644839201984e-03 0.000000000000000000e+00 3.121957951964117184e-01 0.000000000000000000e+00 6.863934386701565638e-01 2.704116826318433445e-08 1.421559235126297870e-09 1.430950164342067176e-10 0.000000000000000000e+00 1.273160754955599294e-12 0.000000000000000000e+00 0.000000000000000000e+00 0.000000000000000000e+00 1.188194118593561247e-11 4.690179463895473365e-15 4.491172102084219799e-16 1.869609938210206417e-09 0.000000000000000000e+00 0.000000000000000000e+00 0.000000000000000000e+00 0.000000000000000000e+00 0.000000000000000000e+00 0.000000000000000000e+00
1.950000000000000000e+03 4.871543711789410480e+01 1.410735613160054398e-03 0.000000000000000000e+00 3.121957911644439587e-01 0.000000000000000000e+00 6.863934307952286318e-01 3.747839178579077315e-08 1.991458404568971791e-09 2.267026374208492234e-10 0.000000000000000000e+00 1.956255080711542756e-12 0.000000000000000000e+00 0.000000000000000000e+00 0.000000000000000000e+00 1.992420506659536915e-11 8.281332034792982030e-15 7.992759379947609231e-16 2.708725206752664252e-09 0.000000000000000000e+00 0.000000000000000000e+00 0.000000000000000000e+00 0.000000000000000000e+00 0.000000000000000000e+00 0.000000000000000000e+00
1.975000000000000000e+03 4.871786635532541254e+01 1.410735604913435299e-03 0.000000000000000000e+00 3.121957825999003844e-01 0.000000000000000000e+00 6.863934232540718217e-01 5.149997577092259653e-08 2.765094886251297369e-09 3.550910204449129535e-10 0.000000000000000000e+00 2.970345777214838437e-12 0.000000000000000000e+00 0.000000000000000000e+00 0.000000000000000000e+00 3.295128301265765086e-11 1.441665001164017955e-14 1.400176918551009016e-15 3.885015399557826957e-09 0.000000000000000000e+00 0.000000000000000000e+00 0.000000000000000000e+00 0.000000000000000000e+00 0.000000000000000000e+00 0.000000000000000000e+00
2.000000000000000000e+03 4.872078460644672049e+01 1.410735495592186414e-03 0.000000000000000000e+00 3.121957710553884824e-01 0.000000000000000000e+00 6.863934133309118613e-01 7.018484125440835253e-08 3.806511000199818121e-09 5.501640169408896497e-10 0.000000000000000000e+00 4.458891670123515788e-12 0.000000000000000000e+00 0.000000000000000000e+00 0.000000000000000000e+00 5.377619424634629085e-11 2.475938916209546971e-14 2.416053735945831211e-15 5.518328872952103837e-09 0.000000000000000000e+00 0.000000000000000000e+00 0.000000000000000000e+00 0.000000000000000000e+00 0.000000000000000000e+00 0.000000000000000000e+00
2.025000000000000000e+03 4.872427246556572555e+01 1.410735469716233991e-03 0.000000000000000000e+00 3.121957580724826764e-01 0.000000000000000000e+00 6.863933976679323923e-01 9.489030700530032184e-08 5.197089530411767267e-09 8.435737923010635827e-10 0.000000000000000000e+00 6.620250161062376939e-12 0.000000000000000000e+00 0.000000000000000000e+00 0.000000000000000000e+00 8.664651697308328935e-11 4.201511172676494627e-14 4.109037053343114367e-15 7.765585601408127864e-09 0.000000000000000000e+00 0.000000000000000000e+00 0.000000000000000000e+00 0.000000000000000000e+00 0.000000000000000000e+00 0.000000000000000000e+00
2.050000000000000000e+03 4.872842333140806659e+01 1.410735385818447270e-03 0.000000000000000000e+00 3.121957399189210780e-01 0.000000000000000000e+00 6.863933780848016086e-01 1.273120769818142127e-07 7.039498964762274269e-09 1.280656876921382403e-09 0.000000000000000000e+00 9.725887031541919201e-12 0.000000000000000000e+00 0.000000000000000000e+00 0.000000000000000000e+00 1.378993182794700953e-10 7.035120368582317784e-14 6.891928352779303948e-15 1.083052346567446278e-08 0.000000000000000000e+00 0.000000000000000000e+00 0.000000000000000000e+00 0.000000000000000000e+00 0.000000000000000000e+00 0.000000000000000000e+00
2.075000000000000000e+03 4.873333982223307714e+01 1.410735247848721348e-03 0.000000000000000000e+00 3.121957139894029898e-01 0.000000000000000000e+00 6.863933546149105780e-01 1.695530478844496695e-07 9.462283621270593797e-09 1.925807828550994264e-09 0.000000000000000000e+00 1.414367900115311078e-11 0.000000000000000000e+00 0.000000000000000000e+00 0.000000000000000000e+00 2.168796931752029304e-10 1.163994300800153384e-13 1.140648939218930970e-14 1.497554710234392624e-08 0.000000000000000000e+00 0.000000000000000000e+00 0.000000000000000000e+00 0.000000000000000000e+00 0.000000000000000000e+00 0.000000000000000000e+00
2.100000000000000000e+03 4.873913714176682532e+01 1.410735116366832820e-03 0.000000000000000000e+00 3.121956839168938957e-01 0.000000000000000000e+00 6.863933203737652144e-01 2.242040981979271138e-07 1.262529180150522645e-08 2.869769927346221793e-09 0.000000000000000000e+00 2.036744977650690203e-11 0.000000000000000000e+00 0.000000000000000000e+00 0.000000000000000000e+00 3.372156788985685217e-10 1.903940484061284776e-13 1.863820508584314764e-14 2.053602173664891006e-08 0.000000000000000000e+00 0.000000000000000000e+00 0.000000000000000000e+00 0.000000000000000000e+00 0.000000000000000000e+00 0.000000000000000000e+00
2.125000000000000000e+03 4.874594417806959257e+01 1.410734936025088895e-03 0.000000000000000000e+00 3.121956437105962157e-01 0.000000000000000000e+00 6.863932774661797298e-01 2.944364228399472775e-07 1.672595246809516411e-08 4.239460154902758433e-09 0.000000000000000000e+00 2.905406963820734263e-11 0.000000000000000000e+00 0.000000000000000000e+00 0.000000000000000000e+00 5.185682816493207885e-10 3.080195313180505659e-13 3.008257829992596947e-14 2.793740321437129710e-08 0.000000000000000000e+00 0.000000000000000000e+00 0.000000000000000000e+00 0.000000000000000000e+00 0.000000000000000000e+00 0.000000000000000000e+00
2.150000000000000000e+03 4.875390242795787543e+01 1.410734699633400769e-03 0.000000000000000000e+00 3.121955911369636572e-01 0.000000000000000000e+00 6.863932232923732890e-01 3.841071191062997707e-07 2.200652594318077272e-08 6.211133567022236045e-09 0.000000000000000000e+00 4.106965246659685372e-11 0.000000000000000000e+00 0.000000000000000000e+00 0.000000000000000000e+00 7.890092610035579148e-10 4.930765163028451924e-13 4.798344823522872180e-14 3.771563101177577285e-08 0.000000000000000000e+00 0.000000000000000000e+00 0.000000000000000000e+00 0.000000000000000000e+00 0.000000000000000000e+00 0.000000000000000000e+00
2.175000000000000000e+03 4.876316730773962860e+01 1.410734390519309458e-03 0.000000000000000000e+00 3.121955209853807811e-01 0.000000000000000000e+00 6.863931571668996368e-01 4.978789959849489323e-07 2.876241348142592820e-08 9.027917753024035929e-09 0.000000000000000000e+00 5.754658928055617283e-11 0.000000000000000000e+00 0.000000000000000000e+00 0.000000000000000000e+00 1.188219593873239191e-09 7.813407063008537197e-13 7.567093145560018873e-14 5.054124986494845413e-08 0.000000000000000000e+00 0.000000000000000000e+00 0.000000000000000000e+00 0.000000000000000000e+00 0.000000000000000000e+00 0.000000000000000000e+00
2.200000000000000000e+03 4.877390912956813906e+01 1.410734043454576168e-03 0.000000000000000000e+00 3.121954403693968372e-01 0.000000000000000000e+00 6.863930647559863818e-01 6.413556869343431861e-07 3.735161890268726679e-08 1.302304449284810660e-08 0.000000000000000000e+00 7.995339784910660713e-11 0.000000000000000000e+00 0.000000000000000000e+00 0.000000000000000000e+00 1.771750655351070269e-09 1.226099897641713061e-12 1.180357549378738166e-13 6.724776364374957446e-08 0.000000000000000000e+00 0.000000000000000000e+00 0.000000000000000000e+00 0.000000000000000000e+00 0.000000000000000000e+00 0.000000000000000000e+00
2.225000000000000000e+03 4.878631531199418703e+01 1.410733544249389649e-03 0.000000000000000000e+00 3.121953272056636752e-01 0.000000000000000000e+00 6.863929595675507533e-01 8.212329104874203683e-07 4.820545663575135868e-08 1.865045989679939760e-08 0.000000000000000000e+00 1.101796033038907618e-10 0.000000000000000000e+00 0.000000000000000000e+00 0.000000000000000000e+00 2.616653526702667687e-09 1.906034182960612635e-12 1.821885479433614158e-13 8.886478796146986808e-08 0.000000000000000000e+00 0.000000000000000000e+00 0.000000000000000000e+00 0.000000000000000000e+00 0.000000000000000000e+00 0.000000000000000000e+00
2.250000000000000000e+03 4.880058412766103970e+01 1.410732887748971601e-03 0.000000000000000000e+00 3.121951911026229487e-01 0.000000000000000000e+00 6.863928215377347319e-01 1.045467075800768095e-06 6.184060193704783955e-08 2.652496068834840668e-08 0.000000000000000000e+00 1.506380898185840974e-10 0.000000000000000000e+00 0.000000000000000000e+00 0.000000000000000000e+00 3.828813873798150959e-09 2.936337928845215317e-12 2.783676375353528367e-13 1.166565880283311590e-07 0.000000000000000000e+00 0.000000000000000000e+00 0.000000000000000000e+00 0.000000000000000000e+00 0.000000000000000000e+00 0.000000000000000000e+00
2.275000000000000000e+03 4.881693450634830356e+01 1.410732131544095540e-03 0.000000000000000000e+00 3.121950208257407988e-01 0.000000000000000000e+00 6.863926493057013190e-01 1.323461511812965860e-06 7.887252514906954515e-08 3.747453405435258229e-08 0.000000000000000000e+00 2.043876414608290981e-10 0.000000000000000000e+00 0.000000000000000000e+00 0.000000000000000000e+00 5.552515974814904411e-09 4.484298483736697902e-12 4.211775757729517565e-13 1.521666338817263654e-07 0.000000000000000000e+00 0.000000000000000000e+00 0.000000000000000000e+00 0.000000000000000000e+00 0.000000000000000000e+00 0.000000000000000000e+00
2.300000000000000000e+03 4.883559659501564454e+01 1.410731150894538538e-03 0.000000000000000000e+00 3.121948021882216540e-01 0.000000000000000000e+00 6.863924422163456551e-01 1.666271527680455644e-06 1.000304641243888980e-07 5.260830100073657817e-08 0.000000000000000000e+00 2.752786180321763648e-10 0.000000000000000000e+00 0.000000000000000000e+00 0.000000000000000000e+00 7.982682817847413554e-09 6.790949303203316959e-12 6.312644185479264046e-13 1.972688616200760440e-07 0.000000000000000000e+00 0.000000000000000000e+00 0.000000000000000000e+00 0.000000000000000000e+00 0.000000000000000000e+00 0.000000000000000000e+00
2.325000000000000000e+03 4.885681626747074091e+01 1.410729967182978994e-03 0.000000000000000000e+00 3.121945385232147707e-01 0.000000000000000000e+00 6.863921791168375863e-01 2.086828499733921240e-06 1.261739154932950592e-07 7.340423066752665515e-08 0.000000000000000000e+00 3.681249284325081004e-10 0.000000000000000000e+00 0.000000000000000000e+00 0.000000000000000000e+00 1.138050559897997615e-08 1.020094428999825549e-11 9.375623019597833385e-13 2.542263497056794123e-07 0.000000000000000000e+00 0.000000000000000000e+00 0.000000000000000000e+00 0.000000000000000000e+00 0.000000000000000000e+00 0.000000000000000000e+00
2.350000000000000000e+03 4.888085467308502530e+01 1.410728436269873291e-03 0.000000000000000000e+00 3.121942078876930315e-01 0.000000000000000000e+00 6.863918610036671142e-01 2.600182918631592848e-06 1.583107397562811227e-07 1.018218531031227206e-07 0.000000000000000000e+00 4.889057423348159893e-10 0.000000000000000000e+00 0.000000000000000000e+00 0.000000000000000000e+00 1.609319876801169264e-08 1.520348051458418218e-11 1.380281802332374961e-12 3.257581702564943934e-07 0.000000000000000000e+00 0.000000000000000000e+00 0.000000000000000000e+00 0.000000000000000000e+00 0.000000000000000000e+00 0.000000000000000000e+00
2.375000000000000000e+03 4.890798482719224438e+01 1.410726632574491003e-03 0.000000000000000000e+00 3.121938034795117556e-01 0.000000000000000000e+00 6.863914696933772763e-01 3.223767746148968582e-06 1.976169655279069258e-07 1.404463443426008881e-07 0.000000000000000000e+00 6.450006097034351473e-10 0.000000000000000000e+00 0.000000000000000000e+00 0.000000000000000000e+00 2.257879198107013357e-08 2.248795508140978159e-11 2.014853774866380241e-12 4.151151849880385493e-07 0.000000000000000000e+00 0.000000000000000000e+00 0.000000000000000000e+00 0.000000000000000000e+00 0.000000000000000000e+00 0.000000000000000000e+00
2.400000000000000000e+03 4.893849218541055279e+01 1.410724341820626627e-03 0.000000000000000000e+00 3.121933041128891473e-01 0.000000000000000000e+00 6.863909972511829105e-01 3.977680138687860843e-06 2.454582142102652970e-07 1.926717589603980522e-07 0.000000000000000000e+00 8.454617725766418828e-10 0.000000000000000000e+00 0.000000000000000000e+00 0.000000000000000000e+00 3.143698589994797960e-08 3.301914941405664807e-11 2.917094116916428760e-12 5.261656114903302404e-07 0.000000000000000000e+00 0.000000000000000000e+00 0.000000000000000000e+00 0.000000000000000000e+00 0.000000000000000000e+00 0.000000000000000000e+00
2.425000000000000000e+03 4.897267293197521809e+01 1.410721605487720055e-03 0.000000000000000000e+00 3.121926929134902218e-01 0.000000000000000000e+00 6.863904260596208617e-01 4.884983463056060525e-06 3.034129071287914642e-07 2.629328940858870782e-07 0.000000000000000000e+00 1.101327616726749647e-09 0.000000000000000000e+00 0.000000000000000000e+00 0.000000000000000000e+00 4.344729218850418370e-08 4.813808361551688730e-11 4.189917250835056207e-12 6.634911892332686311e-07 0.000000000000000000e+00 0.000000000000000000e+00 0.000000000000000000e+00 0.000000000000000000e+00 0.000000000000000000e+00 0.000000000000000000e+00
2.450000000000000000e+03 4.901083136550102637e+01 1.410718260016335327e-03 0.000000000000000000e+00 3.121919411983141712e-01 0.000000000000000000e+00 6.863897446077154019e-01 5.972027394880296578e-06 3.732971586920343898e-07 3.569971111639834968e-07 0.000000000000000000e+00 1.425981531123711486e-09 0.000000000000000000e+00 0.000000000000000000e+00 0.000000000000000000e+00 5.961582003091881168e-08 6.969643838835231603e-11 5.972000712668933875e-12 8.324948196563321840e-07 0.000000000000000000e+00 0.000000000000000000e+00 0.000000000000000000e+00 0.000000000000000000e+00 0.000000000000000000e+00 0.000000000000000000e+00
2.475000000000000000e+03 4.905327975105814886e+01 1.410714153797971515e-03 0.000000000000000000e+00 3.121910376405666598e-01 0.000000000000000000e+00 6.863889172006593098e-01 7.268787041547116025e-06 4.571913419618627955e-07 4.823298248152267561e-07 0.000000000000000000e+00 1.835560538424554229e-09 0.000000000000000000e+00 0.000000000000000000e+00 0.000000000000000000e+00 8.123226418601039449e-08 1.002344896207193035e-10 8.448889155084368097e-12 1.039520259875040588e-06 0.000000000000000000e+00 0.000000000000000000e+00 0.000000000000000000e+00 0.000000000000000000e+00 0.000000000000000000e+00 0.000000000000000000e+00
2.500000000000000000e+03 4.910033334928779425e+01 1.410709123951476695e-03 0.000000000000000000e+00 3.121899400280055970e-01 0.000000000000000000e+00 6.863879311827980612e-01 8.809218280583591836e-06 5.574685119886235837e-07 6.485495301116330228e-07 0.000000000000000000e+00 2.349417477311759668e-09 0.000000000000000000e+00 0.000000000000000000e+00 0.000000000000000000e+00 1.099388620447705137e-07 1.432152204544831989e-10 1.186712769922323664e-11 1.291985560117198236e-06 0.000000000000000000e+00 0.000000000000000000e+00 0.000000000000000000e+00 0.000000000000000000e+00 0.000000000000000000e+00 0.000000000000000000e+00
2.525000000000000000e+03 4.915231063845645565e+01 1.410703145680212598e-03 0.000000000000000000e+00 3.121886093649198779e-01 0.000000000000000000e+00 6.863867614880952983e-01 1.063163183020339849e-05 6.768242347577687520e-07 8.679918917516661524e-07 0.000000000000000000e+00 2.990642102256823512e-09 0.000000000000000000e+00 0.000000000000000000e+00 0.000000000000000000e+00 1.478132620755884516e-07 2.033302741371074358e-10 1.655213550945636957e-11 1.598529561250324921e-06 0.000000000000000000e+00 0.000000000000000000e+00 0.000000000000000000e+00 0.000000000000000000e+00 0.000000000000000000e+00 0.000000000000000000e+00
2.550000000000000000e+03 4.920952945762706321e+01 1.410695901614220787e-03 0.000000000000000000e+00 3.121869981598708321e-01 0.000000000000000000e+00 6.863853814047905511e-01 1.277908235331919591e-05 8.183084544299646478e-07 1.156404737222759272e-06 0.000000000000000000e+00 3.786643989178855589e-09 0.000000000000000000e+00 0.000000000000000000e+00 0.000000000000000000e+00 1.974674539412025824e-07 2.868974119209346566e-10 2.293065902490301651e-11 1.969174253467561994e-06 0.000000000000000000e+00 0.000000000000000000e+00 0.000000000000000000e+00 0.000000000000000000e+00 0.000000000000000000e+00 0.000000000000000000e+00
2.575000000000000000e+03 4.927230573563318217e+01 1.410687167776151791e-03 0.000000000000000000e+00 3.121850741701653331e-01 0.000000000000000000e+00 6.863837368562533126e-01 1.529977591899797816e-05 9.853587475268018560e-07 1.533800535853985994e-06 0.000000000000000000e+00 4.769803259721659364e-09 0.000000000000000000e+00 0.000000000000000000e+00 0.000000000000000000e+00 2.621651846383395646e-07 4.023735990642296882e-10 3.155881134841047478e-11 2.415501682623585613e-06 0.000000000000000000e+00 0.000000000000000000e+00 0.000000000000000000e+00 0.000000000000000000e+00 0.000000000000000000e+00 0.000000000000000000e+00
2.600000000000000000e+03 4.934095092225857115e+01 1.410676661680988027e-03 0.000000000000000000e+00 3.121827509582089655e-01 0.000000000000000000e+00 6.863818141754052249e-01 1.824748323817454952e-05 1.181835045679912949e-06 2.025495641786121209e-06 0.000000000000000000e+00 5.978191465165558776e-09 0.000000000000000000e+00 0.000000000000000000e+00 0.000000000000000000e+00 3.459603789957526664e-07 5.610135242661437613e-10 4.315686501120063538e-11 2.950848038461415017e-06 0.000000000000000000e+00 0.000000000000000000e+00 0.000000000000000000e+00 0.000000000000000000e+00 0.000000000000000000e+00 0.000000000000000000e+00
2.625000000000000000e+03 4.941576819737388604e+01 1.410664146175989340e-03 0.000000000000000000e+00 3.121799691575582458e-01 0.000000000000000000e+00 6.863795566170802775e-01 2.168198280643432015e-05 1.412056556090176564e-06 2.663372737022729581e-06 0.000000000000000000e+00 7.456368852742964013e-09 0.000000000000000000e+00 0.000000000000000000e+00 0.000000000000000000e+00 4.538594900260008064e-07 7.777096065492921170e-10 5.865218402138581738e-11 3.590514865112102058e-06 0.000000000000000000e+00 0.000000000000000000e+00 0.000000000000000000e+00 0.000000000000000000e+00 0.000000000000000000e+00 0.000000000000000000e+00
2.650000000000000000e+03 4.949705309596392055e+01 1.410649101159748261e-03 0.000000000000000000e+00 3.121766391649337669e-01 0.000000000000000000e+00 6.863769195738562701e-01 2.566950074899230100e-05 1.680839494755512492e-06 3.487404714864616723e-06 0.000000000000000000e+00 9.256258470169332611e-09 0.000000000000000000e+00 0.000000000000000000e+00 0.000000000000000000e+00 5.920106765419139803e-07 1.072057544360390698e-09 7.923188605405047294e-11 4.351996867426704464e-06 0.000000000000000000e+00 0.000000000000000000e+00 0.000000000000000000e+00 0.000000000000000000e+00 0.000000000000000000e+00 0.000000000000000000e+00
2.675000000000000000e+03 4.958508962704124912e+01 1.410631102906101690e-03 0.000000000000000000e+00 3.121726640919373352e-01 0.000000000000000000e+00 6.863738444370025560e-01 3.028317695643926606e-05 1.993536848077867630e-06 4.547486702164013021e-06 0.000000000000000000e+00 1.143810329563743564e-08 0.000000000000000000e+00 0.000000000000000000e+00 0.000000000000000000e+00 7.679232627116838430e-07 1.469700073193147434e-09 1.064070883750243253e-10 5.255230174021183948e-06 0.000000000000000000e+00 0.000000000000000000e+00 0.000000000000000000e+00 0.000000000000000000e+00 0.000000000000000000e+00 0.000000000000000000e+00
2.700000000000000000e+03 4.968015032078351823e+01 1.410609688739591135e-03 0.000000000000000000e+00 3.121679205759685938e-01 0.000000000000000000e+00 6.863702746989835957e-01 3.560353354334504813e-05 2.356079417219945195e-06 5.905627544995466803e-06 0.000000000000000000e+00 1.407151142262318789e-08 0.000000000000000000e+00 0.000000000000000000e+00 0.000000000000000000e+00 9.907206627706207147e-07 2.004012733470071010e-09 1.420908612256771242e-10 6.322857525091127228e-06 0.000000000000000000e+00 0.000000000000000000e+00 0.000000000000000000e+00 0.000000000000000000e+00 0.000000000000000000e+00 0.000000000000000000e+00
2.725000000000000000e+03 4.978249536718089274e+01 1.410584138971612096e-03 0.000000000000000000e+00 3.121622737587975149e-01 0.000000000000000000e+00 6.863661374709362217e-01 4.171896228710524719e-05 2.775018747762529166e-06 7.638560936471148289e-06 0.000000000000000000e+00 1.723658239181975614e-08 0.000000000000000000e+00 0.000000000000000000e+00 0.000000000000000000e+00 1.271430674135954406e-06 2.718206610037823516e-09 1.886923228744023175e-10 7.580515167824575727e-06 0.000000000000000000e+00 0.000000000000000000e+00 0.000000000000000000e+00 0.000000000000000000e+00 0.000000000000000000e+00 0.000000000000000000e+00
2.750000000000000000e+03 4.989236973620417359e+01 1.410553819704588215e-03 0.000000000000000000e+00 3.121555615086648028e-01 0.000000000000000000e+00 6.863613546407120181e-01 4.872622206783849738e-05 3.257570605650138382e-06 9.840840586091030977e-06 0.000000000000000000e+00 2.102513112075166707e-08 0.000000000000000000e+00 0.000000000000000000e+00 0.000000000000000000e+00 1.623316851935585814e-06 3.667938214246653593e-09 2.492296350833301275e-10 9.057138508125868670e-06 0.000000000000000000e+00 0.000000000000000000e+00 0.000000000000000000e+00 0.000000000000000000e+00 0.000000000000000000e+00 0.000000000000000000e+00
2.775000000000000000e+03 5.001000789378361588e+01 1.410517790074631390e-03 0.000000000000000000e+00 3.121475800800473377e-01 0.000000000000000000e+00 6.863558527026393241e-01 5.673093521892845031e-05 3.811660473017367506e-06 1.262849465287560248e-05 0.000000000000000000e+00 2.554199922317996428e-08 0.000000000000000000e+00 0.000000000000000000e+00 0.000000000000000000e+00 2.062254924957233735e-06 4.924531452154901241e-09 3.274650336099042828e-10 1.078528797314154449e-05 0.000000000000000000e+00 0.000000000000000000e+00 0.000000000000000000e+00 0.000000000000000000e+00 0.000000000000000000e+00 0.000000000000000000e+00
2.800000000000000000e+03 5.013562773731499078e+01 1.410475010252810113e-03 0.000000000000000000e+00 3.121381167368478815e-01 0.000000000000000000e+00 6.863495242612045466e-01 6.584812257301918216e-05 4.445970933525382128e-06 1.614332765267868856e-05 0.000000000000000000e+00 3.090645959757916647e-08 0.000000000000000000e+00 0.000000000000000000e+00 0.000000000000000000e+00 2.607158878677569938e-06 6.578936709250968988e-09 4.280653700169865198e-10 1.280149819520179763e-05 0.000000000000000000e+00 0.000000000000000000e+00 0.000000000000000000e+00 0.000000000000000000e+00 0.000000000000000000e+00 0.000000000000000000e+00
2.825000000000000000e+03 5.026943673040513971e+01 1.410424311156773490e-03 0.000000000000000000e+00 3.121269075756890610e-01 0.000000000000000000e+00 6.863422638096408068e-01 7.620269875879071085e-05 5.169988624104623682e-06 2.055795402777544991e-05 0.000000000000000000e+00 3.725371504845564049e-08 0.000000000000000000e+00 0.000000000000000000e+00 0.000000000000000000e+00 3.280459964220128838e-06 8.746569955161337262e-09 5.567922547173035941e-10 1.514664506120858085e-05 0.000000000000000000e+00 0.000000000000000000e+00 0.000000000000000000e+00 0.000000000000000000e+00 0.000000000000000000e+00 0.000000000000000000e+00
2.850000000000000000e+03 5.041163066583797558e+01 1.410364346903895689e-03 0.000000000000000000e+00 3.121136297716257668e-01 0.000000000000000000e+00 6.863339681287266014e-01 8.793001481613153705e-05 5.994053342229781691e-06 2.608167221442551790e-05 0.000000000000000000e+00 4.473648723879131063e-08 0.000000000000000000e+00 0.000000000000000000e+00 0.000000000000000000e+00 4.108643817238853079e-06 1.157320171722113132e-08 7.207259244446354817e-10 1.786633813906496733e-05 0.000000000000000000e+00 0.000000000000000000e+00 0.000000000000000000e+00 0.000000000000000000e+00 0.000000000000000000e+00 0.000000000000000000e+00
2.875000000000000000e+03 5.056239662382611755e+01 1.410293392821269183e-03 0.000000000000000000e+00 3.120979374926491912e-01 0.000000000000000000e+00 6.863244921342557259e-01 1.011763922650275432e-04 6.929407865439538247e-06 3.296730289927023898e-05 0.000000000000000000e+00 5.352669543241539402e-08 0.000000000000000000e+00 0.000000000000000000e+00 0.000000000000000000e+00 5.122850069756541601e-06 1.524208835856099770e-08 9.285279613946269357e-10 2.101132986273118427e-05 0.000000000000000000e+00 0.000000000000000000e+00 0.000000000000000000e+00 0.000000000000000000e+00 0.000000000000000000e+00 0.000000000000000000e+00
2.900000000000000000e+03 5.072191233654686471e+01 1.410209670590448564e-03 0.000000000000000000e+00 3.120793875281842045e-01 0.000000000000000000e+00 6.863137133461277850e-01 1.160996331543060714e-04 7.988247695567875375e-06 4.151909488175335348e-05 0.000000000000000000e+00 6.381723109500093812e-08 0.000000000000000000e+00 0.000000000000000000e+00 0.000000000000000000e+00 6.359538328372051564e-06 1.998257397181900956e-08 1.190748121468260630e-09 2.463795048410983963e-05 0.000000000000000000e+00 0.000000000000000000e+00 0.000000000000000000e+00 0.000000000000000000e+00 0.000000000000000000e+00 0.000000000000000000e+00
2.925000000000000000e+03 5.089035054436439509e+01 1.410110777746150261e-03 0.000000000000000000e+00 3.120575156042224019e-01 0.000000000000000000e+00 6.863014451565176977e-01 1.328695921283278198e-04 9.183773743476921265e-06 5.210188186054311399e-05 0.000000000000000000e+00 7.582380396161555877e-08 0.000000000000000000e+00 0.000000000000000000e+00 0.000000000000000000e+00 7.861225002288420720e-06 2.608040780751260014e-08 1.520181120837238345e-09 2.880856438620874361e-05 0.000000000000000000e+00 0.000000000000000000e+00 0.000000000000000000e+00 0.000000000000000000e+00 0.000000000000000000e+00 0.000000000000000000e+00
2.950000000000000000e+03 5.106788396527893781e+01 1.409994202621677167e-03 0.000000000000000000e+00 3.120317230961447419e-01 0.000000000000000000e+00 6.862875373564619741e-01 1.516686103571326862e-04 1.053023999348357970e-05 6.515155426980193077e-05 0.000000000000000000e+00 8.978688468804107588e-08 0.000000000000000000e+00 0.000000000000000000e+00 0.000000000000000000e+00 9.677293644453896897e-06 3.389008582552875771e-08 1.932279571653785319e-09 3.359203725667037071e-05 0.000000000000000000e+00 0.000000000000000000e+00 0.000000000000000000e+00 0.000000000000000000e+00 0.000000000000000000e+00 0.000000000000000000e+00
2.975000000000000000e+03 5.125468508255913491e+01 1.409856965105613612e-03 0.000000000000000000e+00 3.120013512182050475e-01 0.000000000000000000e+00 6.862717881821034371e-01 1.726921006439105022e-04 1.204300530615279640e-05 8.118713183610454047e-05 0.000000000000000000e+00 1.059736847032763403e-07 0.000000000000000000e+00 0.000000000000000000e+00 0.000000000000000000e+00 1.186488647185355113e-05 4.384952774775910791e-08 2.445630570158595150e-09 3.906424148489720061e-05 0.000000000000000000e+00 0.000000000000000000e+00 0.000000000000000000e+00 0.000000000000000000e+00 0.000000000000000000e+00 0.000000000000000000e+00
3.000000000000000000e+03 5.145093066771441670e+01 1.409695512490015791e-03 0.000000000000000000e+00 3.119656235102236108e-01 0.000000000000000000e+00 6.862539861941754360e-01 1.961489857583538163e-04 1.373858189017316086e-05 1.008245250627764426e-04 0.000000000000000000e+00 1.246802581550658832e-07 0.000000000000000000e+00 0.000000000000000000e+00 0.000000000000000000e+00 1.448987567312076585e-05 5.649748771854679675e-08 3.082502843998466477e-09 4.530855447791465340e-05 0.000000000000000000e+00 0.000000000000000000e+00 0.000000000000000000e+00 0.000000000000000000e+00 0.000000000000000000e+00 0.000000000000000000e+00
3.025000000000000000e+03 5.165680666810118993e+01 1.409505759363747363e-03 0.000000000000000000e+00 3.119236297698343430e-01 0.000000000000000000e+00 6.862339085416686579e-01 2.222621601919983999e-04 1.563468400974804562e-05 1.247921658170382216e-04 0.000000000000000000e+00 1.462335980634255445e-07 0.000000000000000000e+00 0.000000000000000000e+00 0.000000000000000000e+00 1.762791858378562093e-05 7.249407327105475243e-08 3.869471960334226795e-09 5.241640338727503396e-05 0.000000000000000000e+00 0.000000000000000000e+00 0.000000000000000000e+00 0.000000000000000000e+00 0.000000000000000000e+00 0.000000000000000000e+00
3.050000000000000000e+03 5.187251413208697670e+01 1.409283086290360381e-03 0.000000000000000000e+00 3.118743430028684260e-01 0.000000000000000000e+00 6.862112840794774016e-01 2.512688808761217403e-04 1.775027085453340678e-05 1.539488109317039188e-04 0.000000000000000000e+00 1.709938015741111183e-07 0.000000000000000000e+00 0.000000000000000000e+00 0.000000000000000000e+00 2.136560158085579832e-05 9.264490214993573253e-08 4.838133417673835826e-09 6.048779028360291388e-05 0.000000000000000000e+00 0.000000000000000000e+00 0.000000000000000000e+00 0.000000000000000000e+00 0.000000000000000000e+00 0.000000000000000000e+00
3.075000000000000000e+03 5.209827149052811279e+01 1.409021959016226559e-03 0.000000000000000000e+00 3.118165587893636514e-01 0.000000000000000000e+00 6.861858320676594847e-01 2.834211647123823603e-04 2.010559054969918394e-05 1.893035926069232906e-04 0.000000000000000000e+00 1.993562428202597772e-07 0.000000000000000000e+00 0.000000000000000000e+00 0.000000000000000000e+00 2.580166770513668727e-05 1.179293466469614832e-07 6.025910215152495455e-09 6.963185688667653493e-05 0.000000000000000000e+00 0.000000000000000000e+00 0.000000000000000000e+00 0.000000000000000000e+00 0.000000000000000000e+00 0.000000000000000000e+00
3.100000000000000000e+03 5.233432239126848629e+01 1.408716154385339326e-03 0.000000000000000000e+00 3.117488814610105963e-01 0.000000000000000000e+00 6.861572509985214285e-01 3.189860371865581930e-04 2.272221419302441830e-05 2.320386021890066168e-04 0.000000000000000000e+00 2.317537742647737106e-07 0.000000000000000000e+00 0.000000000000000000e+00 0.000000000000000000e+00 3.104833756485819176e-05 1.495334762498244261e-07 7.476966113803429727e-09 7.996743073243127822e-05 0.000000000000000000e+00 0.000000000000000000e+00 0.000000000000000000e+00 0.000000000000000000e+00 0.000000000000000000e+00 0.000000000000000000e+00
3.125000000000000000e+03 5.258094169050254152e+01 1.408358447328789641e-03 0.000000000000000000e+00 3.116697262664394619e-01 0.000000000000000000e+00 6.861251890222016536e-01 3.582458036420763711e-04 2.562307324045516571e-05 2.835342922708458170e-04 0.000000000000000000e+00 2.686588861652025074e-07 0.000000000000000000e+00 0.000000000000000000e+00 0.000000000000000000e+00 3.723270586439743487e-05 1.888883184988435429e-07 9.243230694778284611e-09 9.162359857694944059e-05 0.000000000000000000e+00 0.000000000000000000e+00 0.000000000000000000e+00 0.000000000000000000e+00 0.000000000000000000e+00 0.000000000000000000e+00
3.150000000000000000e+03 5.283844515345588633e+01 1.407940508228827615e-03 0.000000000000000000e+00 3.115772365618643680e-01 0.000000000000000000e+00 6.860892966852319974e-01 4.014980257030174296e-04 2.883247122748525967e-05 3.453976156415046808e-04 0.000000000000000000e+00 3.105857873834967022e-07 0.000000000000000000e+00 0.000000000000000000e+00 0.000000000000000000e+00 4.449821792963005063e-05 2.377140414157446255e-07 1.138554774861773730e-08 1.047402287966322512e-04 0.000000000000000000e+00 0.000000000000000000e+00 0.000000000000000000e+00 0.000000000000000000e+00 0.000000000000000000e+00 0.000000000000000000e+00
3.175000000000000000e+03 5.310719015011557786e+01 1.407452965155635326e-03 0.000000000000000000e+00 3.114693445825276741e-01 0.000000000000000000e+00 6.860491319414616651e-01 4.490557010543803624e-04 3.237611404473981428e-05 4.194937707737552627e-04 0.000000000000000000e+00 3.580924535038813749e-07 0.000000000000000000e+00 0.000000000000000000e+00 0.000000000000000000e+00 5.300624736626832485e-05 2.980708899366151158e-07 1.397495695819656883e-08 1.194685393152926492e-04 0.000000000000000000e+00 0.000000000000000000e+00 0.000000000000000000e+00 0.000000000000000000e+00 0.000000000000000000e+00 0.000000000000000000e+00
3.200000000000000000e+03 5.338759600098141789e+01 1.406884848560778457e-03 0.000000000000000000e+00 3.113436156791375420e-01 0.000000000000000000e+00 6.860042803962699276e-01 5.012468645198459071e-04 3.628109960745023164e-05 5.079805887768666693e-04 0.000000000000000000e+00 4.117825095330145877e-07 0.000000000000000000e+00 0.000000000000000000e+00 0.000000000000000000e+00 6.293767743795525738e-05 3.724175051637182315e-07 1.709410564154875408e-08 1.359715515691390254e-04 0.000000000000000000e+00 0.000000000000000000e+00 0.000000000000000000e+00 0.000000000000000000e+00 0.000000000000000000e+00 0.000000000000000000e+00
3.225000000000000000e+03 5.368014067425420421e+01 1.406223802164612794e-03 0.000000000000000000e+00 3.111973248514828261e-01 0.000000000000000000e+00 6.859542377898799614e-01 5.584144187621055281e-04 4.057591457187754411e-05 6.133471775702609933e-04 0.000000000000000000e+00 4.723069443414872659e-07 0.000000000000000000e+00 0.000000000000000000e+00 0.000000000000000000e+00 7.449461060246860664e-05 4.636775107163477284e-07 2.083882041681563673e-08 1.544246116906550616e-04 0.000000000000000000e+00 0.000000000000000000e+00 0.000000000000000000e+00 0.000000000000000000e+00 0.000000000000000000e+00 0.000000000000000000e+00
3.250000000000000000e+03 5.398538155158169616e+01 1.405455684358624573e-03 0.000000000000000000e+00 3.110273506777970209e-01 0.000000000000000000e+00 6.858984735300526214e-01 6.209154068868106896e-04 4.529039988421127637e-05 7.384555417121461181e-04 0.000000000000000000e+00 5.403655153976832364e-07 0.000000000000000000e+00 0.000000000000000000e+00 0.000000000000000000e+00 8.790203657175640580e-05 5.753149963973249434e-07 2.531980800009101576e-08 1.750157224170662896e-04 0.000000000000000000e+00 0.000000000000000000e+00 0.000000000000000000e+00 0.000000000000000000e+00 0.000000000000000000e+00 0.000000000000000000e+00
3.275000000000000000e+03 5.430396303884986509e+01 1.404564513008758160e-03 0.000000000000000000e+00 3.108301282234369189e-01 0.000000000000000000e+00 6.858364312251814532e-01 6.891201094739476908e-04 5.045570256542199466e-05 8.865859768327061501e-04 0.000000000000000000e+00 6.167080169184210140e-07 0.000000000000000000e+00 0.000000000000000000e+00 0.000000000000000000e+00 1.034095557351905173e-04 7.114199116063205784e-07 3.066453173625182056e-08 1.979459013052598806e-04 0.000000000000000000e+00 0.000000000000000000e+00 0.000000000000000000e+00 0.000000000000000000e+00 0.000000000000000000e+00 0.000000000000000000e+00
3.300000000000000000e+03 5.463663000930985447e+01 1.403532225654403453e-03 0.000000000000000000e+00 3.106016761753878641e-01 0.000000000000000000e+00 6.857674514046940839e-01 7.634111736963376674e-04 5.610420952075448911e-05 1.061486410918578401e-03 0.000000000000000000e+00 7.021348192796496337e-07 0.000000000000000000e+00 0.000000000000000000e+00 0.000000000000000000e+00 1.212930587787718539e-04 8.768040354195892472e-07 3.701921850373101535e-08 2.234293832761645004e-04 0.000000000000000000e+00 0.000000000000000000e+00 0.000000000000000000e+00 0.000000000000000000e+00 0.000000000000000000e+00 0.000000000000000000e+00
3.325000000000000000e+03 5.498424319211017064e+01 1.402338180185122617e-03 0.000000000000000000e+00 3.103374409233178310e-01 0.000000000000000000e+00 6.856908766980294168e-01 8.441815598030368798e-04 6.226942424115408442e-05 1.267424066559036562e-03 0.000000000000000000e+00 7.974973268391880744e-07 0.000000000000000000e+00 0.000000000000000000e+00 0.000000000000000000e+00 1.418563410586899621e-04 1.077107712651936537e-06 4.455102169237851169e-08 2.516936507441907829e-04 0.000000000000000000e+00 0.000000000000000000e+00 0.000000000000000000e+00 0.000000000000000000e+00 0.000000000000000000e+00 0.000000000000000000e+00
3.350000000000000000e+03 5.534779542983199718e+01 1.400959483915104400e-03 0.000000000000000000e+00 3.100323345550171639e-01 0.000000000000000000e+00 6.856059578291212597e-01 9.318329579442987060e-04 6.898584369828743995e-05 1.509241276524819243e-03 0.000000000000000000e+00 9.036974577606967970e-07 0.000000000000000000e+00 0.000000000000000000e+00 0.000000000000000000e+00 1.654326179076949521e-04 1.318918882514687793e-06 5.345031699377746831e-08 2.829793692141699684e-04 0.000000000000000000e+00 0.000000000000000000e+00 0.000000000000000000e+00 0.000000000000000000e+00 0.000000000000000000e+00 0.000000000000000000e+00
3.375000000000000000e+03 5.572842645472921674e+01 1.399370224793324404e-03 0.000000000000000000e+00 3.096806304168729929e-01 0.000000000000000000e+00 6.855119036789568687e-01 1.026772953324065971e-03 7.628876863793599946e-05 1.792412578417281908e-03 0.000000000000000000e+00 1.021686447048743319e-06 0.000000000000000000e+00 0.000000000000000000e+00 0.000000000000000000e+00 1.923858548402413674e-04 1.609903608414700338e-06 6.393311078129064004e-08 3.175400009911195118e-04 0.000000000000000000e+00 0.000000000000000000e+00 0.000000000000000000e+00 0.000000000000000000e+00 0.000000000000000000e+00 0.000000000000000000e+00
3.400000000000000000e+03 5.612743999294694675e+01 1.397541442352740783e-03 0.000000000000000000e+00 3.092759202424731346e-01 0.000000000000000000e+00 6.854078670677217211e-01 1.129412174606322667e-03 8.421407431723790075e-05 2.123104203164125937e-03 0.000000000000000000e+00 1.152462903898775417e-06 0.000000000000000000e+00 0.000000000000000000e+00 0.000000000000000000e+00 2.231118783854057922e-04 1.958948915365396127e-06 7.624354567472952651e-08 3.556412616144645944e-04 0.000000000000000000e+00 0.000000000000000000e+00 0.000000000000000000e+00 0.000000000000000000e+00 0.000000000000000000e+00 0.000000000000000000e+00
3.425000000000000000e+03 5.654633088705060118e+01 1.395440927108251026e-03 0.000000000000000000e+00 3.088110822073922290e-01 0.000000000000000000e+00 6.852929222125930808e-01 1.240160146777188844e-03 9.279793521376768738e-05 2.508233290996445593e-03 0.000000000000000000e+00 1.297069558244752015e-06 0.000000000000000000e+00 0.000000000000000000e+00 0.000000000000000000e+00 2.580391289517072772e-04 2.376317134611881479e-06 9.065644340189898203e-08 3.975601078311843928e-04 0.000000000000000000e+00 0.000000000000000000e+00 0.000000000000000000e+00 0.000000000000000000e+00 0.000000000000000000e+00 0.000000000000000000e+00
3.450000000000000000e+03 5.698679892095417188e+01 1.393032942221556197e-03 0.000000000000000000e+00 3.082781896696428214e-01 0.000000000000000000e+00 6.851661034606789658e-01 1.359421170308863129e-03 1.020764660210638777e-04 2.955525919136739888e-03 0.000000000000000000e+00 1.456588904963377942e-06 0.000000000000000000e+00 0.000000000000000000e+00 0.000000000000000000e+00 2.976290152636242329e-04 2.873811202016947537e-06 1.074798552499677313e-07 4.435834767641317527e-04 0.000000000000000000e+00 0.000000000000000000e+00 0.000000000000000000e+00 0.000000000000000000e+00 0.000000000000000000e+00 0.000000000000000000e+00
3.475000000000000000e+03 5.745078114885468779e+01 1.390277968160737220e-03 0.000000000000000000e+00 3.076685084814175242e-01 0.000000000000000000e+00 6.850263615335175915e-01 1.487588348559549687e-03 1.120853022860245622e-04 3.473572066044208154e-03 0.000000000000000000e+00 1.632137053570512959e-06 0.000000000000000000e+00 0.000000000000000000e+00 0.000000000000000000e+00 3.423757032213623408e-04 3.464949157133001511e-06 1.270575451882589380e-07 4.940064530372475409e-04 0.000000000000000000e+00 0.000000000000000000e+00 0.000000000000000000e+00 0.000000000000000000e+00 0.000000000000000000e+00 0.000000000000000000e+00
3.500000000000000000e+03 5.794046796534242105e+01 1.387132493617971923e-03 0.000000000000000000e+00 3.069724220072270748e-01 0.000000000000000000e+00 6.848725988730439695e-01 1.625037679171109943e-03 1.228591203221013871e-04 4.071874844272833568e-03 0.000000000000000000e+00 1.824856245679842071e-06 0.000000000000000000e+00 0.000000000000000000e+00 0.000000000000000000e+00 3.928052757094590924e-04 4.165145053394707188e-06 1.497713339002255197e-07 5.491299340024143440e-04 0.000000000000000000e+00 0.000000000000000000e+00 0.000000000000000000e+00 0.000000000000000000e+00 0.000000000000000000e+00 0.000000000000000000e+00
3.525000000000000000e+03 5.845832885613860697e+01 1.383549068441172628e-03 0.000000000000000000e+00 3.061794088514277479e-01 0.000000000000000000e+00 6.847036637084922273e-01 1.772120388991227109e-03 1.344310468790053037e-04 4.760891366795939710e-03 0.000000000000000000e+00 2.035905209327099993e-06 0.000000000000000000e+00 0.000000000000000000e+00 0.000000000000000000e+00 4.494740383771335564e-04 4.991896003999004653e-06 1.760431704038512982e-07 6.092576862114204616e-04 0.000000000000000000e+00 0.000000000000000000e+00 0.000000000000000000e+00 0.000000000000000000e+00 0.000000000000000000e+00 0.000000000000000000e+00
3.550000000000000000e+03 5.900714879358930887e+01 1.379475984824634184e-03 0.000000000000000000e+00 3.052780403503034257e-01 0.000000000000000000e+00 6.845183412975989201e-01 1.929154628576383850e-03 1.468319844930106777e-04 5.552059444604499731e-03 0.000000000000000000e+00 2.266446875285929857e-06 0.000000000000000000e+00 0.000000000000000000e+00 0.000000000000000000e+00 5.129658488078169942e-04 5.964965158952205311e-06 2.063368421529719128e-07 6.746927119147549685e-04 0.000000000000000000e+00 0.000000000000000000e+00 0.000000000000000000e+00 0.000000000000000000e+00 0.000000000000000000e+00 0.000000000000000000e+00
3.575000000000000000e+03 5.959005467098624820e+01 1.374857403652656601e-03 0.000000000000000000e+00 3.042559414658313477e-01 0.000000000000000000e+00 6.843154016986562338e-01 2.096415497969299820e-03 1.600898433150371378e-04 6.457807765847731023e-03 0.000000000000000000e+00 2.517634731559833438e-06 0.000000000000000000e+00 0.000000000000000000e+00 0.000000000000000000e+00 5.838882711793032601e-04 7.106560165397328848e-06 2.411591536858013588e-07 7.457326994976617605e-04 0.000000000000000000e+00 0.000000000000000000e+00 0.000000000000000000e+00 0.000000000000000000e+00 0.000000000000000000e+00 0.000000000000000000e+00
3.600000000000000000e+03 6.021053891568662664e+01 1.369633461996993921e-03 0.000000000000000000e+00 3.030998791009270610e-01 0.000000000000000000e+00 6.840935415450593027e-01 2.274125040042664601e-03 1.742286906105871495e-04 7.491546505150371155e-03 0.000000000000000000e+00 2.790595150604180975e-06 0.000000000000000000e+00 0.000000000000000000e+00 0.000000000000000000e+00 6.628676157360167878e-04 8.441498749967719895e-06 2.810604615199108164e-07 8.226648861146941766e-04 0.000000000000000000e+00 0.000000000000000000e+00 0.000000000000000000e+00 0.000000000000000000e+00 0.000000000000000000e+00 0.000000000000000000e+00
3.625000000000000000e+03 6.087249274854907100e+01 1.363740389338008886e-03 0.000000000000000000e+00 3.017957461303018007e-01 0.000000000000000000e+00 6.838514654430176698e-01 2.462439964917326023e-03 1.892677853904811821e-04 8.667627889155735815e-03 0.000000000000000000e+00 3.086408420292660736e-06 0.000000000000000000e+00 0.000000000000000000e+00 0.000000000000000000e+00 7.505422194953659861e-04 9.997351264937937810e-06 3.266342464548305446e-07 9.057597844517680961e-04 0.000000000000000000e+00 0.000000000000000000e+00 0.000000000000000000e+00 0.000000000000000000e+00 0.000000000000000000e+00 0.000000000000000000e+00
3.650000000000000000e+03 6.158023897479588982e+01 1.357111063947101558e-03 0.000000000000000000e+00 3.003286704916473537e-01 0.000000000000000000e+00 6.835878784134858943e-01 2.661439131639857254e-03 2.052205261745052966e-04 1.000127291372410882e-02 0.000000000000000000e+00 3.406085374195516357e-06 0.000000000000000000e+00 0.000000000000000000e+00 0.000000000000000000e+00 8.475542739431618120e-04 1.180455031376890696e-05 3.785157314382712082e-07 9.952640340186984930e-04 0.000000000000000000e+00 0.000000000000000000e+00 0.000000000000000000e+00 0.000000000000000000e+00 0.000000000000000000e+00 0.000000000000000000e+00
3.675000000000000000e+03 6.233856745690729184e+01 1.349675318722150501e-03 0.000000000000000000e+00 2.986831540316827183e-01 0.000000000000000000e+00 6.833014899099278949e-01 2.871110172431666670e-03 2.220933627579626689e-04 1.150846038273503277e-02 0.000000000000000000e+00 3.750542471877274071e-06 0.000000000000000000e+00 0.000000000000000000e+00 0.000000000000000000e+00 9.545398932422129602e-04 1.389645744549347415e-05 4.373790826508199039e-07 1.091392549500582029e-03 0.000000000000000000e+00 0.000000000000000000e+00 0.000000000000000000e+00 0.000000000000000000e+00 0.000000000000000000e+00 0.000000000000000000e+00
3.700000000000000000e+03 6.315275177880978674e+01 1.341361114066563602e-03 0.000000000000000000e+00 2.968432050736937722e-01 0.000000000000000000e+00 6.829910707368812561e-01 3.091335872763419871e-03 2.398846150741577800e-04 1.320577187492765793e-02 0.000000000000000000e+00 4.120573769139389454e-06 0.000000000000000000e+00 0.000000000000000000e+00 0.000000000000000000e+00 1.072117455545064813e-03 1.630937241729394952e-05 5.039332778763667197e-07 1.194319377583924523e-03 0.000000000000000000e+00 0.000000000000000000e+00 0.000000000000000000e+00 0.000000000000000000e+00 0.000000000000000000e+00 0.000000000000000000e+00
3.725000000000000000e+03 6.402858749983357711e+01 1.332094887269593330e-03 0.000000000000000000e+00 2.947925997654002872e-01 0.000000000000000000e+00 6.826554364575824208e-01 3.321880274632010421e-03 2.585832965928599732e-04 1.511018443590385688e-02 0.000000000000000000e+00 4.516820222753156690e-06 0.000000000000000000e+00 0.000000000000000000e+00 0.000000000000000000e+00 1.200874075019293941e-03 1.908247030843240112e-05 5.789161521030396682e-07 1.304168600916541217e-03 0.000000000000000000e+00 0.000000000000000000e+00 0.000000000000000000e+00 0.000000000000000000e+00 0.000000000000000000e+00 0.000000000000000000e+00
3.750000000000000000e+03 6.497241730027928952e+01 1.321803367300477660e-03 0.000000000000000000e+00 2.925150856754064055e-01 0.000000000000000000e+00 6.822935451827639719e-01 3.562375264020634352e-03 2.781679854699838366e-04 1.723880803680852628e-02 0.000000000000000000e+00 4.939738357850608719e-06 0.000000000000000000e+00 0.000000000000000000e+00 0.000000000000000000e+00 1.341350288454679898e-03 2.225765832837723880e-05 6.630866411791459679e-07 1.421003716447888972e-03 0.000000000000000000e+00 0.000000000000000000e+00 0.000000000000000000e+00 0.000000000000000000e+00 0.000000000000000000e+00 0.000000000000000000e+00
3.775000000000000000e+03 6.599115618726864341e+01 1.310414645590670096e-03 0.000000000000000000e+00 2.899947622432932914e-01 0.000000000000000000e+00 6.819044688385269559e-01 3.812308870011446062e-03 2.986056998397728485e-04 1.960857205567017106e-02 0.000000000000000000e+00 5.389566758634075250e-06 0.000000000000000000e+00 0.000000000000000000e+00 0.000000000000000000e+00 1.494023670007402346e-03 2.587932812979204907e-05 7.572152684053451161e-07 1.544817866903517266e-03 0.000000000000000000e+00 0.000000000000000000e+00 0.000000000000000000e+00 0.000000000000000000e+00 0.000000000000000000e+00 0.000000000000000000e+00
3.800000000000000000e+03 6.709230805630416228e+01 1.297859983198491104e-03 0.000000000000000000e+00 2.872164148056702282e-01 0.000000000000000000e+00 6.814874709753765414e-01 4.071014809219467880e-03 3.198509745207601994e-04 2.223585196339120107e-02 0.000000000000000000e+00 5.866293637668916060e-06 0.000000000000000000e+00 0.000000000000000000e+00 0.000000000000000000e+00 1.659290856569520288e-03 2.999400930432483223e-05 8.620723656289449315e-07 1.675523256745979888e-03 0.000000000000000000e+00 0.000000000000000000e+00 0.000000000000000000e+00 0.000000000000000000e+00 0.000000000000000000e+00 0.000000000000000000e+00
