# T Ptot H He C N O Na K Si Ar Ti V S Cl Mg Al Ca Fe Cr Li Cs Rb F P
1.500000000000000000e+03 2.133627995265850785e+01 3.731906681023526851e-01 0.000000000000000000e+00 6.127118576666639171e-01 0.000000000000000000e+00 7.748271383714520379e-03 1.085994205150261563e-04 4.641015118836623027e-06 1.455691995157072259e-03 0.000000000000000000e+00 8.931504780553877465e-11 0.000000000000000000e+00 0.000000000000000000e+00 0.000000000000000000e+00 1.148196954093489607e-04 3.573142612512350359e-09 6.723374000382796957e-11 4.665446991377084768e-03 0.000000000000000000e+00 0.000000000000000000e+00 0.000000000000000000e+00 0.000000000000000000e+00 0.000000000000000000e+00 0.000000000000000000e+00
1.525000000000000000e+03 2.157359379283316159e+01 3.718613324751958715e-01 0.000000000000000000e+00 6.105293549121862950e-01 0.000000000000000000e+00 9.753587747888691276e-03 1.348897133707966680e-04 5.858290805755479577e-06 1.968242884630701413e-03 0.000000000000000000e+00 1.368028261135297102e-10 0.000000000000000000e+00 0.000000000000000000e+00 0.000000000000000000e+00 1.542214130359038319e-04 5.798622228155109495e-09 1.072725051140979333e-10 5.592506520188353890e-03 0.000000000000000000e+00 0.000000000000000000e+00 0.000000000000000000e+00 0.000000000000000000e+00 0.000000000000000000e+00 0.000000000000000000e+00
1.550000000000000000e+03 2.185381285265058793e+01 3.702753740160242280e-01 0.000000000000000000e+00 6.079254556622208927e-01 0.000000000000000000e+00 1.216328152159145901e-02 1.660503792605057835e-04 7.324810139082572355e-06 2.614089276401901796e-03 0.000000000000000000e+00 2.059067656509550852e-10 0.000000000000000000e+00 0.000000000000000000e+00 0.000000000000000000e+00 2.044347527392362056e-04 9.237344195395403960e-09 1.679915403667212609e-10 6.643979970380071813e-03 0.000000000000000000e+00 0.000000000000000000e+00 0.000000000000000000e+00 0.000000000000000000e+00 0.000000000000000000e+00 0.000000000000000000e+00
1.575000000000000000e+03 2.218264189482968618e+01 3.684032539551526098e-01 0.000000000000000000e+00 6.048517638671413454e-01 0.000000000000000000e+00 1.502643685978510661e-02 2.026521740113846985e-04 9.074898006480757159e-06 3.413769337274517000e-03 0.000000000000000000e+00 3.047987858696387982e-10 0.000000000000000000e+00 0.000000000000000000e+00 0.000000000000000000e+00 2.676002623734537460e-04 1.445610116178988686e-08 2.584285771583529803e-10 7.825433626926432337e-03 0.000000000000000000e+00 0.000000000000000000e+00 0.000000000000000000e+00 0.000000000000000000e+00 0.000000000000000000e+00 0.000000000000000000e+00
1.600000000000000000e+03 2.256581313201960270e+01 3.662175427976502307e-01 0.000000000000000000e+00 6.012632766970148479e-01 0.000000000000000000e+00 1.838901893820192937e-02 2.452661062456964916e-04 1.114403852079231496e-05 4.387084699870234979e-03 0.000000000000000000e+00 4.440568873765903450e-10 0.000000000000000000e+00 0.000000000000000000e+00 0.000000000000000000e+00 3.460602665250420303e-04 2.223969812453300966e-08 3.908119745345697436e-10 9.140583381404093072e-03 0.000000000000000000e+00 0.000000000000000000e+00 0.000000000000000000e+00 0.000000000000000000e+00 0.000000000000000000e+00 0.000000000000000000e+00
1.625000000000000000e+03 2.300888121940907993e+01 3.636947979657538244e-01 0.000000000000000000e+00 5.971213722301382809e-01 0.000000000000000000e+00 2.229077856669034463e-02 2.944491471353211922e-04 1.356815883321510235e-05 5.551769718825374893e-03 0.000000000000000000e+00 6.371219108082549238e-10 0.000000000000000000e+00 0.000000000000000000e+00 0.000000000000000000e+00 4.423213053113438835e-04 3.365391331713871770e-08 5.813779003754695481e-10 1.059090803489930177e-02 0.000000000000000000e+00 0.000000000000000000e+00 0.000000000000000000e+00 0.000000000000000000e+00 0.000000000000000000e+00 0.000000000000000000e+00
1.650000000000000000e+03 2.351697056508902861e+01 3.608174451448993292e-01 0.000000000000000000e+00 5.923972998611183316e-01 0.000000000000000000e+00 2.676180539838821787e-02 3.507294021756762617e-04 1.638283142950432898e-05 6.921961647854817448e-03 0.000000000000000000e+00 9.007575202076925563e-10 0.000000000000000000e+00 0.000000000000000000e+00 0.000000000000000000e+00 5.590019829498665176e-04 5.011828656901453015e-08 8.512869206369459196e-10 1.217532186085337927e-02 0.000000000000000000e+00 0.000000000000000000e+00 0.000000000000000000e+00 0.000000000000000000e+00 0.000000000000000000e+00 0.000000000000000000e+00
1.675000000000000000e+03 2.409447753994193775e+01 3.575760994907283830e-01 0.000000000000000000e+00 5.870755355068945081e-01 0.000000000000000000e+00 3.181886046980456767e-02 4.145912256978908934e-04 1.962243311309506388e-05 8.506537399764859883e-03 0.000000000000000000e+00 1.255481281197506277e-09 0.000000000000000000e+00 0.000000000000000000e+00 0.000000000000000000e+00 6.987659783943905249e-04 7.348695244193995585e-08 1.227616394495894747e-09 1.388991152555211703e-02 0.000000000000000000e+00 0.000000000000000000e+00 0.000000000000000000e+00 0.000000000000000000e+00 0.000000000000000000e+00 0.000000000000000000e+00
1.700000000000000000e+03 2.474474728576661775e+01 3.539713649511929683e-01 0.000000000000000000e+00 5.811572250120868866e-01 0.000000000000000000e+00 3.746196262920126197e-02 4.864623363287428020e-04 2.331934847662951209e-05 1.030751315709579723e-02 0.000000000000000000e+00 1.725933249987394653e-09 0.000000000000000000e+00 0.000000000000000000e+00 0.000000000000000000e+00 8.642436357102758690e-04 1.061346416886193087e-07 1.744397833401513033e-09 1.572779932493459029e-02 0.000000000000000000e+00 0.000000000000000000e+00 0.000000000000000000e+00 0.000000000000000000e+00 0.000000000000000000e+00 0.000000000000000000e+00
1.725000000000000000e+03 2.546973107553628424e+01 3.500156991935138295e-01 0.000000000000000000e+00 5.746627547925066137e-01 0.000000000000000000e+00 4.367146952831307133e-02 5.667036905406272820e-04 2.750326409946735642e-05 1.231864827870721504e-02 0.000000000000000000e+00 2.341139682229749573e-09 0.000000000000000000e+00 0.000000000000000000e+00 0.000000000000000000e+00 1.057945065257640026e-03 1.510430137840811464e-07 2.443652833358120773e-09 1.767912035925514255e-02 0.000000000000000000e+00 0.000000000000000000e+00 0.000000000000000000e+00 0.000000000000000000e+00 0.000000000000000000e+00 0.000000000000000000e+00
1.750000000000000000e+03 2.626966687958809388e+01 3.457343103720674216e-01 0.000000000000000000e+00 5.676334797024094048e-01 0.000000000000000000e+00 5.040631455166701136e-02 6.556034832340100352e-04 3.220065685692652028e-05 1.452453400119747134e-02 0.000000000000000000e+00 3.134633833283432913e-09 0.000000000000000000e+00 0.000000000000000000e+00 0.000000000000000000e+00 1.282170367055246235e-03 2.118812733617075804e-07 3.376381916439806940e-09 1.973116847322345033e-02 0.000000000000000000e+00 0.000000000000000000e+00 0.000000000000000000e+00 0.000000000000000000e+00 0.000000000000000000e+00 0.000000000000000000e+00
1.775000000000000000e+03 2.714282165199835362e+01 3.411652928786398364e-01 0.000000000000000000e+00 5.601319928892952715e-01 0.000000000000000000e+00 5.760368806820757859e-02 7.533753764574325313e-04 3.743448270977158297e-05 1.690036117049923542e-02 0.000000000000000000e+00 4.144390474681754400e-09 0.000000000000000000e+00 0.000000000000000000e+00 0.000000000000000000e+00 1.538919782139527761e-03 2.930727062628003219e-07 4.603449220763714870e-09 2.186863353150531389e-02 0.000000000000000000e+00 0.000000000000000000e+00 0.000000000000000000e+00 0.000000000000000000e+00 0.000000000000000000e+00 0.000000000000000000e+00
1.800000000000000000e+03 2.808534764632896952e+01 3.363586826401834817e-01 0.000000000000000000e+00 5.522403764686893979e-01 0.000000000000000000e+00 6.518073736177232291e-02 8.601614109708064513e-04 4.322408278378426778e-05 1.941262831952669798e-02 0.000000000000000000e+00 5.412542588863389488e-09 0.000000000000000000e+00 0.000000000000000000e+00 0.000000000000000000e+00 1.829809468249214092e-03 3.998379107934043808e-07 6.196300919071667771e-09 2.407396880106992682e-02 0.000000000000000000e+00 0.000000000000000000e+00 0.000000000000000000e+00 0.000000000000000000e+00 0.000000000000000000e+00 0.000000000000000000e+00
1.825000000000000000e+03 2.909130513444259947e+01 3.313741333673778100e-01 0.000000000000000000e+00 5.440566668814318385e-01 0.000000000000000000e+00 7.303853081045971751e-02 9.760372943331154091e-04 4.924160558070447049e-05 2.202103769725750892e-02 0.000000000000000000e+00 6.984853777511965842e-09 0.000000000000000000e+00 0.000000000000000000e+00 0.000000000000000000e+00 2.155994990592489165e-03 5.382037406475267272e-07 8.237456919681238648e-09 2.632780392691539892e-02 0.000000000000000000e+00 0.000000000000000000e+00 0.000000000000000000e+00 0.000000000000000000e+00 0.000000000000000000e+00 0.000000000000000000e+00
1.850000000000000000e+03 3.015311599944430654e+01 3.262768848446699343e-01 0.000000000000000000e+00 5.356878865139753643e-01 0.000000000000000000e+00 8.106865542120354762e-02 1.101015225945480968e-03 5.612912504974462485e-05 2.468137440141287761e-02 0.000000000000000000e+00 8.909883219511846516e-09 0.000000000000000000e+00 0.000000000000000000e+00 0.000000000000000000e+00 2.518090139519147709e-03 7.149623069798927037e-07 1.082065418463724468e-08 2.860922963537947811e-02 0.000000000000000000e+00 0.000000000000000000e+00 0.000000000000000000e+00 0.000000000000000000e+00 0.000000000000000000e+00 0.000000000000000000e+00
1.875000000000000000e+03 3.126211614224730084e+01 3.211329132659698216e-01 0.000000000000000000e+00 5.272424057258074948e-01 0.000000000000000000e+00 8.916237217156816608e-02 1.235047186558457452e-03 6.360285647761810797e-05 2.735032783094047334e-02 0.000000000000000000e+00 1.123797735296216323e-08 0.000000000000000000e+00 0.000000000000000000e+00 0.000000000000000000e+00 2.916107193697284588e-03 9.375775460039133987e-07 1.405063337795812334e-08 3.089626090282381402e-02 0.000000000000000000e+00 0.000000000000000000e+00 0.000000000000000000e+00 0.000000000000000000e+00 0.000000000000000000e+00 0.000000000000000000e+00
1.900000000000000000e+03 3.240988691469410554e+01 3.160019136099112558e-01 0.000000000000000000e+00 5.188182319477224747e-01 0.000000000000000000e+00 9.722243773449446014e-02 1.378014712302435456e-03 7.166710978763828033e-05 2.999107738255817751e-02 0.000000000000000000e+00 1.402001714652152568e-08 0.000000000000000000e+00 0.000000000000000000e+00 0.000000000000000000e+00 3.349384361023201306e-03 1.214022619014192181e-06 1.804235684501319853e-08 3.316602705720718414e-02 0.000000000000000000e+00 0.000000000000000000e+00 0.000000000000000000e+00 0.000000000000000000e+00 0.000000000000000000e+00 0.000000000000000000e+00
1.925000000000000000e+03 3.358999879053479987e+01 3.109294937602477549e-01 0.000000000000000000e+00 5.104902468604323174e-01 0.000000000000000000e+00 1.051769040269634886e-01 1.529709677710684636e-03 8.032085222762522464e-05 3.258012274062648678e-02 0.000000000000000000e+00 1.730623232267403887e-08 0.000000000000000000e+00 0.000000000000000000e+00 0.000000000000000000e+00 3.816530993321680821e-03 1.552563672548622293e-06 2.291965932454181848e-08 3.539507829890574386e-02 0.000000000000000000e+00 0.000000000000000000e+00 0.000000000000000000e+00 0.000000000000000000e+00 0.000000000000000000e+00 0.000000000000000000e+00
1.950000000000000000e+03 3.480026389075339210e+01 3.059389047147417773e-01 0.000000000000000000e+00 5.022965952744580242e-01 0.000000000000000000e+00 1.129935644960362584e-01 1.689802613009031788e-03 8.955586060971404601e-05 3.511427586425553554e-02 0.000000000000000000e+00 2.114545949011467319e-08 0.000000000000000000e+00 0.000000000000000000e+00 0.000000000000000000e+00 4.315406775050861961e-03 1.961521935043403486e-06 2.881339779949677879e-08 3.755988292104640858e-02 0.000000000000000000e+00 0.000000000000000000e+00 0.000000000000000000e+00 0.000000000000000000e+00 0.000000000000000000e+00 0.000000000000000000e+00
1.975000000000000000e+03 3.604520337299697275e+01 3.010236682898709271e-01 0.000000000000000000e+00 4.942266603222713606e-01 0.000000000000000000e+00 1.206925688478903691e-01 1.857805780887643527e-03 9.935448250012782168e-05 3.761650730316581925e-02 0.000000000000000000e+00 2.558550093675336474e-08 0.000000000000000000e+00 0.000000000000000000e+00 0.000000000000000000e+00 4.843175779493395089e-03 2.449091738459369129e-06 3.585941463973507011e-08 3.963774865726642921e-02 0.000000000000000000e+00 0.000000000000000000e+00 0.000000000000000000e+00 0.000000000000000000e+00 0.000000000000000000e+00 0.000000000000000000e+00
2.000000000000000000e+03 3.733806073714879403e+01 2.961437228419017131e-01 0.000000000000000000e+00 4.862146750719529287e-01 0.000000000000000000e+00 1.283527289146698114e-01 2.033044122236502514e-03 1.096877076032678453e-04 4.013825942857014023e-02 0.000000000000000000e+00 3.067524933476617958e-08 0.000000000000000000e+00 0.000000000000000000e+00 0.000000000000000000e+00 5.396476383784864009e-03 3.023321609245367931e-06 4.419698794189946056e-08 4.160830733543422616e-02 0.000000000000000000e+00 0.000000000000000000e+00 0.000000000000000000e+00 0.000000000000000000e+00 0.000000000000000000e+00 0.000000000000000000e+00
2.025000000000000000e+03 3.870143644087795565e+01 2.912278210308221205e-01 0.000000000000000000e+00 4.781436404193490364e-01 0.000000000000000000e+00 1.361065895517945823e-01 2.214649817311232539e-03 1.205145127021290346e-04 4.275593423305844298e-02 0.000000000000000000e+00 3.646878723015272404e-08 0.000000000000000000e+00 0.000000000000000000e+00 0.000000000000000000e+00 5.971716054265235711e-03 3.692349901904422669e-06 5.396851225398218900e-08 4.345535159349599857e-02 0.000000000000000000e+00 0.000000000000000000e+00 0.000000000000000000e+00 0.000000000000000000e+00 0.000000000000000000e+00 0.000000000000000000e+00
2.050000000000000000e+03 4.016579642008863971e+01 2.861837115766704964e-01 0.000000000000000000e+00 4.698621229276891409e-01 0.000000000000000000e+00 1.441218257896771660e-01 2.401588105337621945e-03 1.317828592784562160e-04 4.556065736558990303e-02 0.000000000000000000e+00 4.303051279117856233e-08 0.000000000000000000e+00 0.000000000000000000e+00 0.000000000000000000e+00 6.565414396625105474e-03 4.464866920240190256e-06 6.532057136490213642e-08 4.516832376112771275e-02 0.000000000000000000e+00 0.000000000000000000e+00 0.000000000000000000e+00 0.000000000000000000e+00 0.000000000000000000e+00 0.000000000000000000e+00
2.075000000000000000e+03 4.176538741534434962e+01 2.809164648190258795e-01 0.000000000000000000e+00 4.612142561004914931e-01 0.000000000000000000e+00 1.525689761814240653e-01 2.592702012247807483e-03 1.434318883142554494e-04 4.864212001873784164e-02 0.000000000000000000e+00 5.043830490164464449e-08 0.000000000000000000e+00 0.000000000000000000e+00 0.000000000000000000e+00 7.174382484318540983e-03 5.350534758625931874e-06 7.840486234264587922e-08 4.674218711751423894e-02 0.000000000000000000e+00 0.000000000000000000e+00 0.000000000000000000e+00 0.000000000000000000e+00 0.000000000000000000e+00 0.000000000000000000e+00
2.100000000000000000e+03 4.353326653243758670e+01 2.753471496201270741e-01 0.000000000000000000e+00 4.520704417560379995e-01 0.000000000000000000e+00 1.615891477091969397e-01 2.786753977389228899e-03 1.553940539748571866e-04 5.207335479638418307e-02 0.000000000000000000e+00 5.878272342179949026e-08 0.000000000000000000e+00 0.000000000000000000e+00 0.000000000000000000e+00 7.795644678961472993e-03 6.360055038372470088e-06 9.337698118002023011e-08 4.817560119318534811e-02 0.000000000000000000e+00 0.000000000000000000e+00 0.000000000000000000e+00 0.000000000000000000e+00 0.000000000000000000e+00 0.000000000000000000e+00
2.125000000000000000e+03 4.549702185095890883e+01 2.694263802209701519e-01 0.000000000000000000e+00 4.423495998651752470e-01 0.000000000000000000e+00 1.712712200261284623e-01 2.982444484048187711e-03 1.675961128190293188e-04 5.590098779713345567e-02 0.000000000000000000e+00 6.816138764636054362e-08 0.000000000000000000e+00 0.000000000000000000e+00 0.000000000000000000e+00 8.426096332301423464e-03 7.504677620161447908e-06 1.103914152712086824e-07 4.946799193100110542e-02 0.000000000000000000e+00 0.000000000000000000e+00 0.000000000000000000e+00 0.000000000000000000e+00 0.000000000000000000e+00 0.000000000000000000e+00
2.150000000000000000e+03 4.767662919136378008e+01 2.631383866008084604e-01 0.000000000000000000e+00 4.320258561247387052e-01 0.000000000000000000e+00 1.816456116834989087e-01 3.178415516192155833e-03 1.799593162749712626e-04 6.014350364549560235e-02 0.000000000000000000e+00 7.867089226923187949e-08 0.000000000000000000e+00 0.000000000000000000e+00 0.000000000000000000e+00 9.062112582257943888e-03 8.795284453402553811e-06 1.295933168452084343e-07 5.061715098207065361e-02 0.000000000000000000e+00 0.000000000000000000e+00 0.000000000000000000e+00 0.000000000000000000e+00 0.000000000000000000e+00 0.000000000000000000e+00
2.175000000000000000e+03 5.008439649641599800e+01 2.564971745005482084e-01 0.000000000000000000e+00 4.211221631758595985e-01 0.000000000000000000e+00 1.926914691453447404e-01 3.373257950896541794e-03 1.923997791698506819e-04 6.479540986146425929e-02 0.000000000000000000e+00 9.039917121617274683e-08 0.000000000000000000e+00 0.000000000000000000e+00 0.000000000000000000e+00 9.699314752019728286e-03 1.024136307960262530e-05 1.511094999308912640e-07 5.161832796294632542e-02 0.000000000000000000e+00 0.000000000000000000e+00 0.000000000000000000e+00 0.000000000000000000e+00 0.000000000000000000e+00 0.000000000000000000e+00
2.200000000000000000e+03 5.272592564779166935e+01 2.495391400811344251e-01 0.000000000000000000e+00 4.096983386830737039e-01 0.000000000000000000e+00 2.043493941855051288e-01 3.565534077430132596e-03 2.048298372956920493e-04 6.983336813271137644e-02 0.000000000000000000e+00 1.034197350002245701e-07 0.000000000000000000e+00 0.000000000000000000e+00 0.000000000000000000e+00 1.033255482784152697e-02 1.185008636767103437e-05 1.750402762582626813e-07 5.246471162862905574e-02 0.000000000000000000e+00 0.000000000000000000e+00 0.000000000000000000e+00 0.000000000000000000e+00 0.000000000000000000e+00 0.000000000000000000e+00
2.225000000000000000e+03 5.560133547016705080e+01 2.423155680028688530e-01 0.000000000000000000e+00 3.978385423555597655e-01 0.000000000000000000e+00 2.165342674297388303e-01 3.753816209525735401e-03 2.171602652087202610e-04 7.522184125468305005e-02 0.000000000000000000e+00 1.177880581800247241e-07 0.000000000000000000e+00 0.000000000000000000e+00 0.000000000000000000e+00 1.095624939618577640e-02 1.362559055550876544e-05 2.014531848376755657e-07 5.314861025443069764e-02 0.000000000000000000e+00 0.000000000000000000e+00 0.000000000000000000e+00 0.000000000000000000e+00 0.000000000000000000e+00 0.000000000000000000e+00
2.250000000000000000e+03 5.870601700771286602e+01 2.348867976113362122e-01 0.000000000000000000e+00 3.856418246550283868e-01 0.000000000000000000e+00 2.291450904003499156e-01 3.936740093332979570e-03 2.293035722054500517e-04 8.091748769246050188e-02 0.000000000000000000e+00 1.335397422252603461e-07 0.000000000000000000e+00 0.000000000000000000e+00 0.000000000000000000e+00 1.156391882793802312e-02 1.556847368781219114e-05 2.303790893997318213e-07 5.366290475482914796e-02 0.000000000000000000e+00 0.000000000000000000e+00 0.000000000000000000e+00 0.000000000000000000e+00 0.000000000000000000e+00 0.000000000000000000e+00
2.275000000000000000e+03 6.203125887736585042e+01 2.273177982048447954e-01 0.000000000000000000e+00 3.732148768840056197e-01 0.000000000000000000e+00 2.420720016491520465e-01 4.113046471451600392e-03 2.411765226910062910e-04 8.687157234044066978e-02 0.000000000000000000e+00 1.506885925137033629e-07 0.000000000000000000e+00 0.000000000000000000e+00 0.000000000000000000e+00 1.214953079398676389e-02 1.767530567098910284e-05 2.618087980506640784e-07 5.400190933036592283e-02 0.000000000000000000e+00 0.000000000000000000e+00 0.000000000000000000e+00 0.000000000000000000e+00 0.000000000000000000e+00 0.000000000000000000e+00
2.300000000000000000e+03 6.556426804014938625e+01 2.196756957032507673e-01 0.000000000000000000e+00 3.606679458953079842e-01 0.000000000000000000e+00 2.552005279846356611e-01 4.281632182162786217e-03 2.527035896056474096e-04 9.303192851444598566e-02 0.000000000000000000e+00 1.692259353337257784e-07 0.000000000000000000e+00 0.000000000000000000e+00 0.000000000000000000e+00 1.270700163808669188e-02 1.993830556519141328e-05 2.956919431555731949e-07 5.416216126906077399e-02 0.000000000000000000e+00 0.000000000000000000e+00 0.000000000000000000e+00 0.000000000000000000e+00 0.000000000000000000e+00 0.000000000000000000e+00
2.325000000000000000e+03 6.928814423302964087e+01 2.120281162439852374e-01 0.000000000000000000e+00 3.481119932321758981e-01 0.000000000000000000e+00 2.684143561932068045e-01 4.441587180582230905e-03 2.638193913303657251e-04 9.934401543744388052e-02 0.000000000000000000e+00 1.891194165362400297e-07 0.000000000000000000e+00 0.000000000000000000e+00 0.000000000000000000e+00 1.323056491876358452e-02 2.234498257769926312e-05 3.319360637931805037e-07 5.414268136445412466e-02 0.000000000000000000e+00 0.000000000000000000e+00 0.000000000000000000e+00 0.000000000000000000e+00 0.000000000000000000e+00 0.000000000000000000e+00
2.350000000000000000e+03 7.318157956800595798e+01 2.044423415419518442e-01 0.000000000000000000e+00 3.356575125353815636e-01 0.000000000000000000e+00 2.815966345080694877e-01 4.592225679928701142e-03 2.744710435048468961e-04 1.057515094612619944e-01 0.000000000000000000e+00 2.103115608978699353e-07 0.000000000000000000e+00 0.000000000000000000e+00 0.000000000000000000e+00 1.371489963039235378e-02 2.487773086325403078e-05 3.704063204065923692e-07 5.394494715076469937e-02 0.000000000000000000e+00 0.000000000000000000e+00 0.000000000000000000e+00 0.000000000000000000e+00 0.000000000000000000e+00 0.000000000000000000e+00
2.375000000000000000e+03 7.721825795478936527e+01 1.969853331696705678e-01 0.000000000000000000e+00 3.234144537058071811e-01 0.000000000000000000e+00 2.946300698156613107e-01 4.733112088438988160e-03 2.846201428396800482e-04 1.121964852010390590e-01 0.000000000000000000e+00 2.327174360771372775e-07 0.000000000000000000e+00 0.000000000000000000e+00 0.000000000000000000e+00 1.415518316147559331e-02 2.751327925648121276e-05 4.109246632578007810e-07 5.357258579371192847e-02 0.000000000000000000e+00 0.000000000000000000e+00 0.000000000000000000e+00 0.000000000000000000e+00 0.000000000000000000e+00 0.000000000000000000e+00
2.400000000000000000e+03 8.136578580760559021e+01 1.897242862793495355e-01 0.000000000000000000e+00 3.114931222336234096e-01 0.000000000000000000e+00 3.073961284098085667e-01 4.864081325607473409e-03 2.942444536966286979e-04 1.186192469816432782e-01 0.000000000000000000e+00 2.562211756888693187e-07 0.000000000000000000e+00 0.000000000000000000e+00 0.000000000000000000e+00 1.454708279055895101e-02 3.022192136059057916e-05 4.532681965318658600e-07 5.303087611497927373e-02 0.000000000000000000e+00 0.000000000000000000e+00 0.000000000000000000e+00 0.000000000000000000e+00 0.000000000000000000e+00 0.000000000000000000e+00
2.425000000000000000e+03 8.558388598173655737e+01 1.827277197246846008e-01 0.000000000000000000e+00 3.000060179430469320e-01 0.000000000000000000e+00 3.197732823451628903e-01 4.985257410350293558e-03 3.033396094230932788e-04 1.249577878657239099e-01 0.000000000000000000e+00 2.806710389274215534e-07 0.000000000000000000e+00 0.000000000000000000e+00 0.000000000000000000e+00 1.488668852186188045e-02 3.296644095561632957e-05 4.971658552772056105e-07 5.232616230189661433e-02 0.000000000000000000e+00 0.000000000000000000e+00 0.000000000000000000e+00 0.000000000000000000e+00 0.000000000000000000e+00 0.000000000000000000e+00
2.450000000000000000e+03 8.982178934273774473e+01 1.760667824175732865e-01 0.000000000000000000e+00 2.890699501577907449e-01 0.000000000000000000e+00 3.316349721442581888e-01 5.097071836821915475e-03 3.119206826616441005e-04 1.311471099782242355e-01 0.000000000000000000e+00 3.058735071731629042e-07 0.000000000000000000e+00 0.000000000000000000e+00 0.000000000000000000e+00 1.517040865326289498e-02 3.570082722741792713e-05 5.422934728371027721e-07 5.146523513519971060e-02 0.000000000000000000e+00 0.000000000000000000e+00 0.000000000000000000e+00 0.000000000000000000e+00 0.000000000000000000e+00 0.000000000000000000e+00
2.475000000000000000e+03 9.401514951769622996e+01 1.698161647893429715e-01 0.000000000000000000e+00 2.788075655343321690e-01 0.000000000000000000e+00 3.428481256353764772e-01 5.200277801333912098e-03 3.200236231506370030e-04 1.371187550572421088e-01 0.000000000000000000e+00 3.315883078478551181e-07 0.000000000000000000e+00 0.000000000000000000e+00 0.000000000000000000e+00 1.539488035093535163e-02 3.836908002705111890e-05 5.882684002664694505e-07 5.045491827155120651e-02 0.000000000000000000e+00 0.000000000000000000e+00 0.000000000000000000e+00 0.000000000000000000e+00 0.000000000000000000e+00 0.000000000000000000e+00
2.500000000000000000e+03 9.808343096974529374e+01 1.640538986360597917e-01 0.000000000000000000e+00 2.693469644695928866e-01 0.000000000000000000e+00 3.532736052247696934e-01 5.295953156204231786e-03 3.277059092329448692e-04 1.428010846561587610e-01 0.000000000000000000e+00 3.575273798776751790e-07 0.000000000000000000e+00 0.000000000000000000e+00 0.000000000000000000e+00 1.555695282198132565e-02 4.090477853154750456e-05 6.346459586329939523e-07 4.930193817413017210e-02 0.000000000000000000e+00 0.000000000000000000e+00 0.000000000000000000e+00 0.000000000000000000e+00 0.000000000000000000e+00 0.000000000000000000e+00
2.525000000000000000e+03 1.019298009434321273e+02 1.588585973692225595e-01 0.000000000000000000e+00 2.608172115068865815e-01 0.000000000000000000e+00 3.627708402616249828e-01 5.385476203308018142e-03 3.350455610963541274e-04 1.481212776242076534e-01 0.000000000000000000e+00 3.833642647447069425e-07 0.000000000000000000e+00 0.000000000000000000e+00 0.000000000000000000e+00 1.565385362841918010e-02 4.323269966008069462e-05 6.809238744512524709e-07 4.801340085743508596e-02 0.000000000000000000e+00 0.000000000000000000e+00 0.000000000000000000e+00 0.000000000000000000e+00 0.000000000000000000e+00 0.000000000000000000e+00
2.550000000000000000e+03 1.054465707619093990e+02 1.543025279790299631e-01 0.000000000000000000e+00 2.533369670973190657e-01 0.000000000000000000e+00 3.712094717987495240e-01 5.470447834239348418e-03 3.421366397004226164e-04 1.530103209999156277e-01 0.000000000000000000e+00 4.087619306866444283e-07 0.000000000000000000e+00 0.000000000000000000e+00 0.000000000000000000e+00 1.568365291518118709e-02 4.527429202759781672e-05 7.265634872656515143e-07 4.659806511841913662e-02 0.000000000000000000e+00 0.000000000000000000e+00 0.000000000000000000e+00 0.000000000000000000e+00 0.000000000000000000e+00 0.000000000000000000e+00
2.575000000000000000e+03 1.085292809550569189e+02 1.504391818838220762e-01 0.000000000000000000e+00 2.469940499730280681e-01 0.000000000000000000e+00 3.784903468218808742e-01 5.552536943696239485e-03 3.490796837806908921e-04 1.574120301558587232e-01 0.000000000000000000e+00 4.334263264949773057e-07 0.000000000000000000e+00 0.000000000000000000e+00 0.000000000000000000e+00 1.564611624937520262e-02 4.695861444584680281e-05 7.710388965806405226e-07 4.506849520888918381e-02 0.000000000000000000e+00 0.000000000000000000e+00 0.000000000000000000e+00 0.000000000000000000e+00 0.000000000000000000e+00 0.000000000000000000e+00
2.600000000000000000e+03 1.110993465968097809e+02 1.472866524363338203e-01 0.000000000000000000e+00 2.418181651396823784e-01 0.000000000000000000e+00 3.845736929274675142e-01 5.633245833628459064e-03 3.559667676909915464e-04 1.612954056903861677e-01 0.000000000000000000e+00 4.571815748260139971e-07 0.000000000000000000e+00 0.000000000000000000e+00 0.000000000000000000e+00 1.554381140290781241e-02 4.823808216729141835e-05 8.139165693628420411e-07 4.344355062159139386e-02 0.000000000000000000e+00 0.000000000000000000e+00 0.000000000000000000e+00 0.000000000000000000e+00 0.000000000000000000e+00 0.000000000000000000e+00
2.625000000000000000e+03 1.131277202211636705e+02 1.448136400451363048e-01 0.000000000000000000e+00 2.377579231583042130e-01 0.000000000000000000e+00 3.895031859297612975e-01 5.713658278814294500e-03 3.628650037961287517e-04 1.646656743891344865e-01 0.000000000000000000e+00 4.800390103579451232e-07 0.000000000000000000e+00 0.000000000000000000e+00 0.000000000000000000e+00 1.538293666031021259e-02 4.910339476362552324e-05 8.549442419180554255e-07 4.174967815672708804e-02 0.000000000000000000e+00 0.000000000000000000e+00 0.000000000000000000e+00 0.000000000000000000e+00 0.000000000000000000e+00 0.000000000000000000e+00
2.650000000000000000e+03 1.146452854116677713e+02 1.429386794258307170e-01 0.000000000000000000e+00 2.346795747166457169e-01 0.000000000000000000e+00 3.934080112063209622e-01 5.794294132496313580e-03 3.698064788805924372e-04 1.675663074646079331e-01 0.000000000000000000e+00 5.022148074505260933e-07 0.000000000000000000e+00 0.000000000000000000e+00 0.000000000000000000e+00 1.517310320382664682e-02 4.958816681246823742e-05 8.941003776874700819e-07 4.001923888939346724e-02 0.000000000000000000e+00 0.000000000000000000e+00 0.000000000000000000e+00 0.000000000000000000e+00 0.000000000000000000e+00 0.000000000000000000e+00
2.675000000000000000e+03 1.157308428647749849e+02 1.415473205535474344e-01 0.000000000000000000e+00 2.323952133142988818e-01 0.000000000000000000e+00 3.964746834396599140e-01 5.875158756697597927e-03 3.767906190622455874e-04 1.700680407487765722e-01 0.000000000000000000e+00 5.240730190450669702e-07 0.000000000000000000e+00 0.000000000000000000e+00 0.000000000000000000e+00 1.492581310961317576e-02 4.975809876496427233e-05 9.315655218249683491e-07 3.828576572103817299e-02 0.000000000000000000e+00 0.000000000000000000e+00 0.000000000000000000e+00 0.000000000000000000e+00 0.000000000000000000e+00 0.000000000000000000e+00
2.700000000000000000e+03 1.164839126343498776e+02 1.405186451752835075e-01 0.000000000000000000e+00 2.307063155533037591e-01 0.000000000000000000e+00 3.989027276244305753e-01 5.955945017206508603e-03 3.837966097128175567e-04 1.722503986504325679e-01 0.000000000000000000e+00 5.460260995594855478e-07 0.000000000000000000e+00 0.000000000000000000e+00 0.000000000000000000e+00 1.465237408631576976e-02 4.969083013348566779e-05 9.676309807433590769e-07 3.657859279610076869e-02 0.000000000000000000e+00 0.000000000000000000e+00 0.000000000000000000e+00 0.000000000000000000e+00 0.000000000000000000e+00 0.000000000000000000e+00
2.725000000000000000e+03 1.169992073218738255e+02 1.397467330458808110e-01 0.000000000000000000e+00 2.294389737388506934e-01 0.000000000000000000e+00 4.008683750626304554e-01 6.036250064406562497e-03 3.907971447340990198e-04 1.741858719875612749e-01 0.000000000000000000e+00 5.684505845051059021e-07 0.000000000000000000e+00 0.000000000000000000e+00 0.000000000000000000e+00 1.436234695928740104e-02 4.945825698591001636e-05 1.002602058332109329e-06 3.491962268702007710e-02 0.000000000000000000e+00 0.000000000000000000e+00 0.000000000000000000e+00 0.000000000000000000e+00 0.000000000000000000e+00 0.000000000000000000e+00
2.750000000000000000e+03 1.173530497993932045e+02 1.391499430903063717e-01 0.000000000000000000e+00 2.284591514041164062e-01 0.000000000000000000e+00 4.025084474623256137e-01 6.115713167640277580e-03 3.977673541936095430e-04 1.759322931297745973e-01 0.000000000000000000e+00 5.916483744302737966e-07 0.000000000000000000e+00 0.000000000000000000e+00 0.000000000000000000e+00 1.406298649618440907e-02 4.911779816320441136e-05 1.036738197158470470e-06 3.332295171072401085e-02 0.000000000000000000e+00 0.000000000000000000e+00 0.000000000000000000e+00 0.000000000000000000e+00 0.000000000000000000e+00 0.000000000000000000e+00
2.775000000000000000e+03 1.176009250363871672e+02 1.386703832643990941e-01 0.000000000000000000e+00 2.276718020564837408e-01 0.000000000000000000e+00 4.039207460405292438e-01 6.194065548331964370e-03 4.046881425350380246e-04 1.775322194098122031e-01 0.000000000000000000e+00 6.158462492808785053e-07 0.000000000000000000e+00 0.000000000000000000e+00 0.000000000000000000e+00 1.375942545059339987e-02 4.871142400847029035e-05 1.070234033434164141e-06 3.179627258302403225e-02 0.000000000000000000e+00 0.000000000000000000e+00 0.000000000000000000e+00 0.000000000000000000e+00 0.000000000000000000e+00 0.000000000000000000e+00
2.800000000000000000e+03 1.177807645636653859e+02 1.382689788434681988e-01 0.000000000000000000e+00 2.270127670781569573e-01 0.000000000000000000e+00 4.051719502399854234e-01 6.271128998595931585e-03 4.115462544974206891e-04 1.790157129340163022e-01 0.000000000000000000e+00 6.412133064765065214e-07 0.000000000000000000e+00 0.000000000000000000e+00 0.000000000000000000e+00 1.345515740138147377e-02 4.826845239820066032e-05 1.103224796468657224e-06 3.034274535939715176e-02 0.000000000000000000e+00 0.000000000000000000e+00 0.000000000000000000e+00 0.000000000000000000e+00 0.000000000000000000e+00 0.000000000000000000e+00
2.825000000000000000e+03 1.179176466129344334e+02 1.379199776261321453e-01 0.000000000000000000e+00 2.264397685719289066e-01 0.000000000000000000e+00 4.063065956959950320e-01 6.346795666679778784e-03 4.183329928237823256e-04 1.804037794453150767e-01 0.000000000000000000e+00 6.678812506606666973e-07 0.000000000000000000e+00 0.000000000000000000e+00 0.000000000000000000e+00 1.315252192043126975e-02 4.780909434097521318e-05 1.135800141088832767e-06 2.896261530496117148e-02 0.000000000000000000e+00 0.000000000000000000e+00 0.000000000000000000e+00 0.000000000000000000e+00 0.000000000000000000e+00 0.000000000000000000e+00
2.850000000000000000e+03 1.180279185104066357e+02 1.376064955418384583e-01 0.000000000000000000e+00 2.259250893497427581e-01 0.000000000000000000e+00 4.073544214999764157e-01 6.421006351882139682e-03 4.250428965428168070e-04 1.817112691164734506e-01 0.000000000000000000e+00 6.959613731231829929e-07 0.000000000000000000e+00 0.000000000000000000e+00 0.000000000000000000e+00 1.285308607664092592e-02 4.734746572823906788e-05 1.168018075872935961e-06 2.765437772172597494e-02 0.000000000000000000e+00 0.000000000000000000e+00 0.000000000000000000e+00 0.000000000000000000e+00 0.000000000000000000e+00 0.000000000000000000e+00
2.875000000000000000e+03 1.181222392794103087e+02 1.373173462126944522e-01 0.000000000000000000e+00 2.254503566733418174e-01 0.000000000000000000e+00 4.083356142172787639e-01 6.493733857233874827e-03 4.316726494565107297e-04 1.829490023432011336e-01 0.000000000000000000e+00 7.255570832318434525e-07 0.000000000000000000e+00 0.000000000000000000e+00 0.000000000000000000e+00 1.255791030489899693e-02 4.689376511857561961e-05 1.199916110356171780e-06 2.641554450358237285e-02 0.000000000000000000e+00 0.000000000000000000e+00 0.000000000000000000e+00 0.000000000000000000e+00 0.000000000000000000e+00 0.000000000000000000e+00
2.900000000000000000e+03 1.182076329807836430e+02 1.370449355898187838e-01 0.000000000000000000e+00 2.250031102030169428e-01 0.000000000000000000e+00 4.092643024124234530e-01 6.564970466750464501e-03 4.382203026473798294e-04 1.841251753865311425e-01 0.000000000000000000e+00 7.567724422093472473e-07 0.000000000000000000e+00 0.000000000000000000e+00 0.000000000000000000e+00 1.226772291682029330e-02 4.645573204993348396e-05 1.231519099987274624e-06 2.524311869839934372e-02 0.000000000000000000e+00 0.000000000000000000e+00 0.000000000000000000e+00 0.000000000000000000e+00 0.000000000000000000e+00 0.000000000000000000e+00
2.925000000000000000e+03 1.182888369211845117e+02 1.367839209945275192e-01 0.000000000000000000e+00 2.245745705254404978e-01 0.000000000000000000e+00 4.101507958941777443e-01 6.634720153812723176e-03 4.446847444635874968e-04 1.852462975043585036e-01 0.000000000000000000e+00 7.897181642035016414e-07 0.000000000000000000e+00 0.000000000000000000e+00 0.000000000000000000e+00 1.198303318406904877e-02 4.603960440169491581e-05 1.262844824244683228e-06 2.413388483176019325e-02 0.000000000000000000e+00 0.000000000000000000e+00 0.000000000000000000e+00 0.000000000000000000e+00 0.000000000000000000e+00 0.000000000000000000e+00
2.950000000000000000e+03 1.183691476957542363e+02 1.365303516500099568e-01 0.000000000000000000e+00 2.241582542566026015e-01 0.000000000000000000e+00 4.110030100616435256e-01 6.702993536654554968e-03 4.510653803306286500e-04 1.863177748558818292e-01 0.000000000000000000e+00 8.245157445044561303e-07 0.000000000000000000e+00 0.000000000000000000e+00 0.000000000000000000e+00 1.170420313129097271e-02 4.565072706130777753e-05 1.293907581801737950e-06 2.308457797719809870e-02 0.000000000000000000e+00 0.000000000000000000e+00 0.000000000000000000e+00 0.000000000000000000e+00 0.000000000000000000e+00 0.000000000000000000e+00
2.975000000000000000e+03 1.184509676526430439e+02 1.362811411346828983e-01 0.000000000000000000e+00 2.237490956782615392e-01 0.000000000000000000e+00 4.118273551731701509e-01 6.769804492280271160e-03 4.573619192379430758e-04 1.873442868952919782e-01 0.000000000000000000e+00 8.613004299697315833e-07 0.000000000000000000e+00 0.000000000000000000e+00 0.000000000000000000e+00 1.143149270523512000e-02 4.529394556001045262e-05 1.324720690297696593e-06 2.209198203515978093e-02 0.000000000000000000e+00 0.000000000000000000e+00 0.000000000000000000e+00 0.000000000000000000e+00 0.000000000000000000e+00 0.000000000000000000e+00
3.000000000000000000e+03 1.185361421313937740e+02 1.360337331341807399e-01 0.000000000000000000e+00 2.233428968300535944e-01 0.000000000000000000e+00 4.126292965855424266e-01 6.835168358597807671e-03 4.635742084131782800e-04 1.883300241201989189e-01 0.000000000000000000e+00 9.002234425436631100e-07 0.000000000000000000e+00 0.000000000000000000e+00 0.000000000000000000e+00 1.116509070793205750e-02 4.497386455886351049e-05 1.355298197388798595e-06 2.115298666888263887e-02 0.000000000000000000e+00 0.000000000000000000e+00 0.000000000000000000e+00 0.000000000000000000e+00 0.000000000000000000e+00 0.000000000000000000e+00
3.025000000000000000e+03 1.186261743466055094e+02 1.357858928638069063e-01 0.000000000000000000e+00 2.229359877302307114e-01 0.000000000000000000e+00 4.134137087317865666e-01 6.899100173266827125e-03 4.697021833281018956e-04 1.892788367570713282e-01 0.000000000000000000e+00 9.414538396024369958e-07 0.000000000000000000e+00 0.000000000000000000e+00 0.000000000000000000e+00 1.090513426166866279e-02 4.469501941874405636e-05 1.385656082600892859e-06 2.026461516950009770e-02 0.000000000000000000e+00 0.000000000000000000e+00 0.000000000000000000e+00 0.000000000000000000e+00 0.000000000000000000e+00 0.000000000000000000e+00
3.050000000000000000e+03 1.187223652166316867e+02 1.355355693185296695e-01 0.000000000000000000e+00 2.225250015026635497e-01 0.000000000000000000e+00 4.141850999440410130e-01 6.961614575269931167e-03 4.757457953971477426e-04 1.901943419247736911e-01 0.000000000000000000e+00 9.851799049880284177e-07 0.000000000000000000e+00 0.000000000000000000e+00 0.000000000000000000e+00 1.065172257463976348e-02 4.446199869320448977e-05 1.415813171531146924e-06 1.942404137291549315e-02 0.000000000000000000e+00 0.000000000000000000e+00 0.000000000000000000e+00 0.000000000000000000e+00 0.000000000000000000e+00 0.000000000000000000e+00
3.075000000000000000e+03 1.188259019412311090e+02 1.352808188379479581e-01 0.000000000000000000e+00 2.221067453010639736e-01 0.000000000000000000e+00 4.149477524771866266e-01 7.022724950010250308e-03 4.817049699680070181e-04 1.910799778082938882e-01 0.000000000000000000e+00 1.031610405310691206e-06 0.000000000000000000e+00 0.000000000000000000e+00 0.000000000000000000e+00 1.040492651436910297e-02 4.427952827347332679e-05 1.445791811458757951e-06 1.862859221067002247e-02 0.000000000000000000e+00 0.000000000000000000e+00 0.000000000000000000e+00 0.000000000000000000e+00 0.000000000000000000e+00 0.000000000000000000e+00
3.100000000000000000e+03 1.189379107767739043e+02 1.350197480437915210e-01 0.000000000000000000e+00 2.216781144602033848e-01 0.000000000000000000e+00 4.157058134329739141e-01 7.082443245737591632e-03 4.875796192584306958e-04 1.919390479614959955e-01 0.000000000000000000e+00 1.080975738049363578e-06 0.000000000000000000e+00 0.000000000000000000e+00 0.000000000000000000e+00 1.016479576554324589e-02 4.415253841702477091e-05 1.475618553784296995e-06 1.787574833828733251e-02 0.000000000000000000e+00 0.000000000000000000e+00 0.000000000000000000e+00 0.000000000000000000e+00 0.000000000000000000e+00 0.000000000000000000e+00
3.125000000000000000e+03 1.190594971103751902e+02 1.347504878666990757e-01 0.000000000000000000e+00 2.212360384612367947e-01 0.000000000000000000e+00 4.164633451066252490e-01 7.140780002187294834e-03 4.933696118002004654e-04 1.927747491844667704e-01 0.000000000000000000e+00 1.133528711968612558e-06 0.000000000000000000e+00 0.000000000000000000e+00 0.000000000000000000e+00 9.931363938244191017e-03 4.408621256938975459e-05 1.505324578047362290e-06 1.716314076288123075e-02 0.000000000000000000e+00 0.000000000000000000e+00 0.000000000000000000e+00 0.000000000000000000e+00 0.000000000000000000e+00 0.000000000000000000e+00
3.150000000000000000e+03 1.191917665036969538e+02 1.344711739915696036e-01 0.000000000000000000e+00 2.207774549053619639e-01 0.000000000000000000e+00 4.172243585812518418e-01 7.197744444708001170e-03 4.990747767802882710e-04 1.935901858322361668e-01 0.000000000000000000e+00 1.189545383684056173e-06 0.000000000000000000e+00 0.000000000000000000e+00 0.000000000000000000e+00 9.704653005853606379e-03 4.408603217128994885e-05 1.534946288383160540e-06 1.648854393839500887e-02 0.000000000000000000e+00 0.000000000000000000e+00 0.000000000000000000e+00 0.000000000000000000e+00 0.000000000000000000e+00 0.000000000000000000e+00
3.175000000000000000e+03 1.193358379796712967e+02 1.341799382700707699e-01 0.000000000000000000e+00 2.202992976628060096e-01 0.000000000000000000e+00 4.179928263792305754e-01 7.253344350651878304e-03 5.046949312078315240e-04 1.943883809038312871e-01 0.000000000000000000e+00 1.249325700429594249e-06 0.000000000000000000e+00 0.000000000000000000e+00 0.000000000000000000e+00 9.484676119654514639e-03 4.415780955362635582e-05 1.564525814649601482e-06 1.584986972147868142e-02 0.000000000000000000e+00 0.000000000000000000e+00 0.000000000000000000e+00 0.000000000000000000e+00 0.000000000000000000e+00 0.000000000000000000e+00
3.200000000000000000e+03 1.194928535936137450e+02 1.338749131653796387e-01 0.000000000000000000e+00 2.197985017256288143e-01 0.000000000000000000e+00 4.187726803953489840e-01 7.307586686027587632e-03 5.102298712339738097e-04 1.951722730818861162e-01 0.000000000000000000e+00 1.313193839263461523e-06 0.000000000000000000e+00 0.000000000000000000e+00 0.000000000000000000e+00 9.271440705926408191e-03 4.430772093359363348e-05 1.594111410621127783e-06 1.524515934238494276e-02 0.000000000000000000e+00 0.000000000000000000e+00 0.000000000000000000e+00 0.000000000000000000e+00 0.000000000000000000e+00 0.000000000000000000e+00
3.225000000000000000e+03 1.196639807260931150e+02 1.335542364515567293e-01 0.000000000000000000e+00 2.192720073870043085e-01 0.000000000000000000e+00 4.195678059275085303e-01 7.360477411441410274e-03 5.156794123491246877e-04 1.959447183235007994e-01 0.000000000000000000e+00 1.381498590127652944e-06 0.000000000000000000e+00 0.000000000000000000e+00 0.000000000000000000e+00 9.064950643324208579e-03 4.454233088731627312e-05 1.623758092912841945e-06 1.467257685574446975e-02 0.000000000000000000e+00 0.000000000000000000e+00 0.000000000000000000e+00 0.000000000000000000e+00 0.000000000000000000e+00 0.000000000000000000e+00
3.250000000000000000e+03 1.198504107843846214e+02 1.332160586123749269e-01 0.000000000000000000e+00 2.187167815673406734e-01 0.000000000000000000e+00 4.203820227722758207e-01 7.412022197707986149e-03 5.210433965125725641e-04 1.967084866629290607e-01 0.000000000000000000e+00 1.454613326097234798e-06 0.000000000000000000e+00 0.000000000000000000e+00 0.000000000000000000e+00 8.865207540222045865e-03 4.486862059817337380e-05 1.653528064641875296e-06 1.413040048864798448e-02 0.000000000000000000e+00 0.000000000000000000e+00 0.000000000000000000e+00 0.000000000000000000e+00 0.000000000000000000e+00 0.000000000000000000e+00
3.275000000000000000e+03 1.200533605795475722e+02 1.328585611350216744e-01 0.000000000000000000e+00 2.181298364050836269e-01 0.000000000000000000e+00 4.212190659654161395e-01 7.462226567557970862e-03 5.263217435250832493e-04 1.974662486316975107e-01 0.000000000000000000e+00 1.532936027074997252e-06 0.000000000000000000e+00 0.000000000000000000e+00 0.000000000000000000e+00 8.672213211411311864e-03 4.529400720515171474e-05 1.683491301582906849e-06 1.361701590575271036e-02 0.000000000000000000e+00 0.000000000000000000e+00 0.000000000000000000e+00 0.000000000000000000e+00 0.000000000000000000e+00 0.000000000000000000e+00
3.300000000000000000e+03 1.202740633750601660e+02 1.324799761885109561e-01 0.000000000000000000e+00 2.175082645392322211e-01 0.000000000000000000e+00 4.220825467849983470e-01 7.511096743286471526e-03 5.315144893550362770e-04 1.982205645405590300e-01 0.000000000000000000e+00 1.616888831210848275e-06 0.000000000000000000e+00 0.000000000000000000e+00 0.000000000000000000e+00 8.485970513704929954e-03 4.582636833107928495e-05 1.713726133911090696e-06 1.313090921705682874e-02 0.000000000000000000e+00 0.000000000000000000e+00 0.000000000000000000e+00 0.000000000000000000e+00 0.000000000000000000e+00 0.000000000000000000e+00
3.325000000000000000e+03 1.205137690626852702e+02 1.320785904313007686e-01 0.000000000000000000e+00 2.168492637229323949e-01 0.000000000000000000e+00 4.229759397753078964e-01 7.558639551513168277e-03 5.366217792412107668e-04 1.989738757725637297e-01 0.000000000000000000e+00 1.706917590337014485e-06 0.000000000000000000e+00 0.000000000000000000e+00 0.000000000000000000e+00 8.306484463892354481e-03 4.647405722655736454e-05 1.744319773318403935e-06 1.267065920865836394e-02 0.000000000000000000e+00 0.000000000000000000e+00 0.000000000000000000e+00 0.000000000000000000e+00 0.000000000000000000e+00 0.000000000000000000e+00
3.350000000000000000e+03 1.207737348940617039e+02 1.316527839706908010e-01 0.000000000000000000e+00 2.161501654777702175e-01 0.000000000000000000e+00 4.239025332684430714e-01 7.604863451914430257e-03 5.416439998181666986e-04 1.997284882042994203e-01 0.000000000000000000e+00 1.803491121116471108e-06 0.000000000000000000e+00 0.000000000000000000e+00 0.000000000000000000e+00 8.133763924458397437e-03 4.724592847380367216e-05 1.775369091604874043e-06 1.223493291391876056e-02 0.000000000000000000e+00 0.000000000000000000e+00 0.000000000000000000e+00 0.000000000000000000e+00 0.000000000000000000e+00 0.000000000000000000e+00
3.375000000000000000e+03 1.210552224531410559e+02 1.312010362047310863e-01 0.000000000000000000e+00 2.154084767029791625e-01 0.000000000000000000e+00 4.248654052306481965e-01 7.649779325180131734e-03 5.465817482733181755e-04 2.004865554718829879e-01 0.000000000000000000e+00 1.907100228646674190e-06 0.000000000000000000e+00 0.000000000000000000e+00 0.000000000000000000e+00 7.967822217363551909e-03 4.815134990050782616e-05 1.806981145178100240e-06 1.182247766766737762e-02 0.000000000000000000e+00 0.000000000000000000e+00 0.000000000000000000e+00 0.000000000000000000e+00 0.000000000000000000e+00 0.000000000000000000e+00
3.400000000000000000e+03 1.213594900666573722e+02 1.307219490204942491e-01 0.000000000000000000e+00 2.146219024354733829e-01 0.000000000000000000e+00 4.258673891870081163e-01 7.693400167907654338e-03 5.514359370739358845e-04 2.012500705868100759e-01 0.000000000000000000e+00 2.018256638617761300e-06 0.000000000000000000e+00 0.000000000000000000e+00 0.000000000000000000e+00 7.808678116062299848e-03 4.920022646244669211e-05 1.839273996597566096e-06 1.143211679207269821e-02 0.000000000000000000e+00 0.000000000000000000e+00 0.000000000000000000e+00 0.000000000000000000e+00 0.000000000000000000e+00 0.000000000000000000e+00
3.425000000000000000e+03 1.216877917227964900e+02 1.302142661030757653e-01 0.000000000000000000e+00 2.137883776889930865e-01 0.000000000000000000e+00 4.269110446192579400e-01 7.735743063866895065e-03 5.562078187636114576e-04 2.020208465672497788e-01 0.000000000000000000e+00 2.137491618164917901e-06 0.000000000000000000e+00 0.000000000000000000e+00 0.000000000000000000e+00 7.656357212754380005e-03 5.040301523559786334e-05 1.872377418234585873e-06 1.106274404176637617e-02 0.000000000000000000e+00 0.000000000000000000e+00 0.000000000000000000e+00 0.000000000000000000e+00 0.000000000000000000e+00 0.000000000000000000e+00
3.450000000000000000e+03 1.220413740282348840e+02 1.296768788714479925e-01 0.000000000000000000e+00 2.129060859942095152e-01 0.000000000000000000e+00 4.279986373712665326e-01 7.776828683412170991e-03 5.608990700183503954e-04 2.028005157273570225e-01 0.000000000000000000e+00 2.265354455690420797e-06 0.000000000000000000e+00 0.000000000000000000e+00 0.000000000000000000e+00 7.510892459910676298e-03 5.177074759812121357e-05 1.906433808941348056e-06 1.071331928651496866e-02 0.000000000000000000e+00 0.000000000000000000e+00 0.000000000000000000e+00 0.000000000000000000e+00 0.000000000000000000e+00 0.000000000000000000e+00
3.475000000000000000e+03 1.224214776940449667e+02 1.291088451978673890e-01 0.000000000000000000e+00 2.119734780387385054e-01 0.000000000000000000e+00 4.291321198276672466e-01 7.816682508897112094e-03 5.655118391514511126e-04 2.035905141335954127e-01 0.000000000000000000e+00 2.402410889499601710e-06 0.000000000000000000e+00 0.000000000000000000e+00 0.000000000000000000e+00 7.372325562371199840e-03 5.331504695185384991e-05 1.941599073712028278e-06 1.038286383479669964e-02 0.000000000000000000e+00 0.000000000000000000e+00 0.000000000000000000e+00 0.000000000000000000e+00 0.000000000000000000e+00 0.000000000000000000e+00
3.500000000000000000e+03 1.228293408297131464e+02 1.285093883158228145e-01 0.000000000000000000e+00 2.109892759333198975e-01 0.000000000000000000e+00 4.303131252077107560e-01 7.855335524165743544e-03 5.700487913643529280e-04 2.043920854352028749e-01 0.000000000000000000e+00 2.549241164928800336e-06 0.000000000000000000e+00 0.000000000000000000e+00 0.000000000000000000e+00 7.240707858324807802e-03 5.504815334459868228e-05 1.978043609791386335e-06 1.007045749596921849e-02 0.000000000000000000e+00 0.000000000000000000e+00 0.000000000000000000e+00 0.000000000000000000e+00 0.000000000000000000e+00 0.000000000000000000e+00
3.525000000000000000e+03 1.232662071434075699e+02 1.278778945796640032e-01 0.000000000000000000e+00 2.099524784500248764e-01 0.000000000000000000e+00 4.315429719865694902e-01 7.892824285919466595e-03 5.745131796923220232e-04 2.052062766915388192e-01 0.000000000000000000e+00 2.706438083444509988e-06 0.000000000000000000e+00 0.000000000000000000e+00 0.000000000000000000e+00 7.116101315585905175e-03 5.698294102969735293e-05 2.015953324533779765e-06 9.775234178567274515e-03 0.000000000000000000e+00 0.000000000000000000e+00 0.000000000000000000e+00 0.000000000000000000e+00 0.000000000000000000e+00 0.000000000000000000e+00
3.550000000000000000e+03 1.237333384573271076e+02 1.272139107130426383e-01 0.000000000000000000e+00 2.088623358089766180e-01 0.000000000000000000e+00 4.328226730529398103e-01 7.929192018121080862e-03 5.789088967303031253e-04 2.060339566575093984e-01 0.000000000000000000e+00 2.874604849456682988e-06 0.000000000000000000e+00 0.000000000000000000e+00 0.000000000000000000e+00 6.998579727963852824e-03 5.913294916351209901e-05 2.055530884651366498e-06 9.496380039818667906e-03 0.000000000000000000e+00 0.000000000000000000e+00 0.000000000000000000e+00 0.000000000000000000e+00 0.000000000000000000e+00 0.000000000000000000e+00
3.575000000000000000e+03 1.242320325361581865e+02 1.265171278615301598e-01 0.000000000000000000e+00 2.077183426080462247e-01 0.000000000000000000e+00 4.341529627646246725e-01 7.964488571872719788e-03 5.832405112674154003e-04 2.068758149779511002e-01 0.000000000000000000e+00 3.054352616743069808e-06 0.000000000000000000e+00 0.000000000000000000e+00 0.000000000000000000e+00 6.888229488594334315e-03 6.151239876785279386e-05 2.096996766946319944e-06 9.233129467961960490e-03 0.000000000000000000e+00 0.000000000000000000e+00 0.000000000000000000e+00 0.000000000000000000e+00 0.000000000000000000e+00 0.000000000000000000e+00
3.600000000000000000e+03 1.247636454951308735e+02 1.257873577459929226e-01 0.000000000000000000e+00 2.065201942945457947e-01 0.000000000000000000e+00 4.355343342125435058e-01 7.998770993969782014e-03 5.875133013794061427e-04 2.077323918541493786e-01 0.000000000000000000e+00 3.246297954915714761e-06 0.000000000000000000e+00 0.000000000000000000e+00 0.000000000000000000e+00 6.785151122355262757e-03 6.413622544179398708e-05 2.140590713417944239e-06 8.984763360953985228e-03 0.000000000000000000e+00 0.000000000000000000e+00 0.000000000000000000e+00 0.000000000000000000e+00 0.000000000000000000e+00 0.000000000000000000e+00
3.625000000000000000e+03 1.253296205779760442e+02 1.250245180981187365e-01 0.000000000000000000e+00 2.052677456952884949e-01 0.000000000000000000e+00 4.369670795543294517e-01 8.032103746177113660e-03 5.917333194965464010e-04 2.086040956297426641e-01 0.000000000000000000e+00 3.451059867265996384e-06 0.000000000000000000e+00 0.000000000000000000e+00 0.000000000000000000e+00 6.689459405968973746e-03 6.702010144930520654e-05 2.186572831067842016e-06 8.750606816730449947e-03 0.000000000000000000e+00 0.000000000000000000e+00 0.000000000000000000e+00 0.000000000000000000e+00 0.000000000000000000e+00 0.000000000000000000e+00
3.650000000000000000e+03 1.259315255690583513e+02 1.242285815312081654e-01 0.000000000000000000e+00 2.039609620277809399e-01 0.000000000000000000e+00 4.384513572422966687e-01 8.064558590893002379e-03 5.959073556741382657e-04 2.094912364475461919e-01 0.000000000000000000e+00 3.669256529612741441e-06 0.000000000000000000e+00 0.000000000000000000e+00 0.000000000000000000e+00 6.601285027757316549e-03 7.018046680878789554e-05 2.235225178051615928e-06 8.530026828327364613e-03 0.000000000000000000e+00 0.000000000000000000e+00 0.000000000000000000e+00 0.000000000000000000e+00 0.000000000000000000e+00 0.000000000000000000e+00
3.675000000000000000e+03 1.265710924651797455e+02 1.233995569425409000e-01 0.000000000000000000e+00 2.025998535425983793e-01 0.000000000000000000e+00 4.399872492286046044e-01 8.096214543973889385e-03 6.000430063386158041e-04 2.103940561915638441e-01 0.000000000000000000e+00 3.901501442581785194e-06 0.000000000000000000e+00 0.000000000000000000e+00 0.000000000000000000e+00 6.520774067431006106e-03 7.363454960699796750e-05 2.286852865484242472e-06 8.322429573033722147e-03 0.000000000000000000e+00 0.000000000000000000e+00 0.000000000000000000e+00 0.000000000000000000e+00 0.000000000000000000e+00 0.000000000000000000e+00
3.700000000000000000e+03 1.272502696671728728e+02 1.225374363553229512e-01 0.000000000000000000e+00 2.011844074995964016e-01 0.000000000000000000e+00 4.415748389811782193e-01 8.127157922081719443e-03 6.041486154930562512e-04 2.113127711004829101e-01 0.000000000000000000e+00 4.148399169200431513e-06 0.000000000000000000e+00 0.000000000000000000e+00 0.000000000000000000e+00 6.448089338975975492e-03 7.740039517025004939e-05 2.341785481520702413e-06 8.127259607047892381e-03 0.000000000000000000e+00 0.000000000000000000e+00 0.000000000000000000e+00 0.000000000000000000e+00 0.000000000000000000e+00 0.000000000000000000e+00
3.725000000000000000e+03 1.279712776092013655e+02 1.216421572490300751e-01 0.000000000000000000e+00 1.997145192716714146e-01 0.000000000000000000e+00 4.432142915481471768e-01 8.157481146280750814e-03 6.082332796432729635e-04 2.122476039546053739e-01 0.000000000000000000e+00 4.410540058080494175e-06 0.000000000000000000e+00 0.000000000000000000e+00 0.000000000000000000e+00 6.383409345433105342e-03 8.149688416641581625e-05 2.400378086291599400e-06 7.943996402878040000e-03 0.000000000000000000e+00 0.000000000000000000e+00 0.000000000000000000e+00 0.000000000000000000e+00 0.000000000000000000e+00 0.000000000000000000e+00
3.750000000000000000e+03 1.287366762223524859e+02 1.207135461025830719e-01 0.000000000000000000e+00 1.981899060083626984e-01 0.000000000000000000e+00 4.449059386875802158e-01 8.187282860750386485e-03 6.123067918145306794e-04 2.131988426133705761e-01 0.000000000000000000e+00 4.688494491397628297e-06 0.000000000000000000e+00 0.000000000000000000e+00 0.000000000000000000e+00 6.326928778357100887e-03 8.594375325575208467e-05 2.463012485384702716e-06 7.772152896949081902e-03 0.000000000000000000e+00 0.000000000000000000e+00 0.000000000000000000e+00 0.000000000000000000e+00 0.000000000000000000e+00 0.000000000000000000e+00
3.775000000000000000e+03 1.295494378263982753e+02 1.197512775231682203e-01 0.000000000000000000e+00 1.966100361500571492e-01 0.000000000000000000e+00 4.466503636348800321e-01 8.216666205924040914e-03 6.163795806489857226e-04 2.141668729246598846e-01 0.000000000000000000e+00 4.982805593590789628e-06 0.000000000000000000e+00 0.000000000000000000e+00 0.000000000000000000e+00 6.278856564272938465e-03 9.076159996942918015e-05 2.530097615121506937e-06 7.611272913210610086e-03 0.000000000000000000e+00 0.000000000000000000e+00 0.000000000000000000e+00 0.000000000000000000e+00 0.000000000000000000e+00 0.000000000000000000e+00
3.800000000000000000e+03 1.304130282275734771e+02 1.187548244903970790e-01 0.000000000000000000e+00 1.949740389628379922e-01 0.000000000000000000e+00 4.484484936589393511e-01 8.245738059172925960e-03 6.204625902749070880e-04 2.151522307081704666e-01 0.000000000000000000e+00 5.293980803843480891e-06 0.000000000000000000e+00 0.000000000000000000e+00 0.000000000000000000e+00 6.239415136005130660e-03 9.597189225364567613e-05 2.602070253335257782e-06 7.460928450891237892e-03 0.000000000000000000e+00 0.000000000000000000e+00 0.000000000000000000e+00 0.000000000000000000e+00 0.000000000000000000e+00 0.000000000000000000e+00
