# T Ptot H He C N O Na K Si Ar Ti V S Cl Mg Al Ca Fe Cr Li Cs Rb F P
1.500000000000000000e+03 8.028533976734897237e+01 2.159397623573196603e-02 0.000000000000000000e+00 2.288203796707612703e-01 0.000000000000000000e+00 7.495856440805995780e-01 1.212559417303717777e-11 4.846083535959266359e-13 3.606078365954193445e-15 0.000000000000000000e+00 5.160021451752040092e-17 0.000000000000000000e+00 0.000000000000000000e+00 0.000000000000000000e+00 7.317307600496314020e-17 1.725044095613058396e-20 6.113334388623598619e-22 2.931711878150134203e-13 0.000000000000000000e+00 0.000000000000000000e+00 0.000000000000000000e+00 0.000000000000000000e+00 0.000000000000000000e+00 0.000000000000000000e+00
1.525000000000000000e+03 8.028542821019323128e+01 2.159397645667751608e-02 0.000000000000000000e+00 2.288203844213280991e-01 0.000000000000000000e+00 7.495856390998522079e-01 2.073677991731674497e-11 8.467701131766452521e-13 7.710090509740257022e-15 0.000000000000000000e+00 1.074841110759343999e-16 0.000000000000000000e+00 0.000000000000000000e+00 0.000000000000000000e+00 1.742857033532055310e-16 4.410812333616752773e-20 1.662091549385911189e-21 5.508055823704058670e-13 0.000000000000000000e+00 0.000000000000000000e+00 0.000000000000000000e+00 0.000000000000000000e+00 0.000000000000000000e+00 0.000000000000000000e+00
1.550000000000000000e+03 8.028553685383062088e+01 2.159397658176300666e-02 0.000000000000000000e+00 2.288203817806946649e-01 0.000000000000000000e+00 7.495856416002198985e-01 3.484069754457323935e-11 1.452414505735525813e-12 1.607531495460189463e-14 0.000000000000000000e+00 2.182919466634767229e-16 0.000000000000000000e+00 0.000000000000000000e+00 0.000000000000000000e+00 4.031222309128247993e-16 1.093118366012965566e-19 4.355819434273755411e-21 1.012657505560757634e-12 0.000000000000000000e+00 0.000000000000000000e+00 0.000000000000000000e+00 0.000000000000000000e+00 0.000000000000000000e+00 0.000000000000000000e+00
1.575000000000000000e+03 8.028566984011388286e+01 2.159397629863146068e-02 0.000000000000000000e+00 2.288203831438610225e-01 0.000000000000000000e+00 7.495856404956440233e-01 5.755808701070340072e-11 2.447663576307931822e-12 3.272374578798111647e-14 0.000000000000000000e+00 4.327802790094788370e-16 0.000000000000000000e+00 0.000000000000000000e+00 0.000000000000000000e+00 9.067512852607433364e-16 2.629690069206131491e-19 1.102564039523947872e-20 1.823779386358927145e-12 0.000000000000000000e+00 0.000000000000000000e+00 0.000000000000000000e+00 0.000000000000000000e+00 0.000000000000000000e+00 0.000000000000000000e+00
1.600000000000000000e+03 8.028583138703731947e+01 2.159397662317170605e-02 0.000000000000000000e+00 2.288203813571624556e-01 0.000000000000000000e+00 7.495856419187495456e-01 9.357153672993633024e-11 4.056117277928230203e-12 6.511260658536716408e-14 0.000000000000000000e+00 8.385622431360850270e-16 0.000000000000000000e+00 0.000000000000000000e+00 0.000000000000000000e+00 1.986048529062905688e-15 6.149620705510137060e-19 2.700685516623232623e-20 3.220748897463293692e-12 0.000000000000000000e+00 0.000000000000000000e+00 0.000000000000000000e+00 0.000000000000000000e+00 0.000000000000000000e+00 0.000000000000000000e+00
1.625000000000000000e+03 8.028602636945120707e+01 2.159397649067243755e-02 0.000000000000000000e+00 2.288203828094957371e-01 0.000000000000000000e+00 7.495856405376987164e-01 1.498034674815017380e-10 6.614639808470023380e-12 1.267740907527053094e-13 0.000000000000000000e+00 1.589687414412522932e-15 0.000000000000000000e+00 0.000000000000000000e+00 0.000000000000000000e+00 4.241118141044279981e-15 1.399840028313600878e-18 6.412679061873940156e-20 5.582375307334298281e-12 0.000000000000000000e+00 0.000000000000000000e+00 0.000000000000000000e+00 0.000000000000000000e+00 0.000000000000000000e+00 0.000000000000000000e+00
1.650000000000000000e+03 8.028626234627517988e+01 2.159397644897276258e-02 0.000000000000000000e+00 2.288203799666400362e-01 0.000000000000000000e+00 7.495856433276619768e-01 2.363436287032100028e-10 1.062325201499430250e-11 2.417665619115449780e-13 0.000000000000000000e+00 2.951470315929581618e-15 0.000000000000000000e+00 0.000000000000000000e+00 0.000000000000000000e+00 8.840273841991422236e-15 3.105559337651736989e-18 1.478448935815730696e-19 9.504667329012473620e-12 0.000000000000000000e+00 0.000000000000000000e+00 0.000000000000000000e+00 0.000000000000000000e+00 0.000000000000000000e+00 0.000000000000000000e+00
1.675000000000000000e+03 8.028654624193627853e+01 2.159397638992217872e-02 0.000000000000000000e+00 2.288203803265760616e-01 0.000000000000000000e+00 7.495856428826015438e-01 3.677012317492243979e-10 1.681372772833177727e-11 4.520365104503822692e-13 0.000000000000000000e+00 5.371929408884660147e-15 0.000000000000000000e+00 0.000000000000000000e+00 0.000000000000000000e+00 1.800618625858776455e-14 6.722726825933147745e-18 3.314606421376273111e-19 1.590984425387581496e-11 0.000000000000000000e+00 0.000000000000000000e+00 0.000000000000000000e+00 0.000000000000000000e+00 0.000000000000000000e+00 0.000000000000000000e+00
1.700000000000000000e+03 8.028688580826400312e+01 2.159397656337996504e-02 0.000000000000000000e+00 2.288203820458487026e-01 0.000000000000000000e+00 7.495856407729775128e-01 5.644739248916892041e-10 2.624265677892503434e-11 8.293728007418342231e-13 0.000000000000000000e+00 9.593511745846169722e-15 0.000000000000000000e+00 0.000000000000000000e+00 0.000000000000000000e+00 3.587536404540467786e-14 1.421602976995033948e-17 7.236515223580625968e-19 2.620235843929509719e-11 0.000000000000000000e+00 0.000000000000000000e+00 0.000000000000000000e+00 0.000000000000000000e+00 0.000000000000000000e+00 0.000000000000000000e+00
1.725000000000000000e+03 8.028729186154868103e+01 2.159397620292011905e-02 0.000000000000000000e+00 2.288203812805545689e-01 0.000000000000000000e+00 7.495856415764933223e-01 8.555457512065566581e-10 4.041610759364604743e-11 1.494481441302357759e-12 0.000000000000000000e+00 1.682471395676007064e-14 0.000000000000000000e+00 0.000000000000000000e+00 0.000000000000000000e+00 6.998603095070817309e-14 2.939637655762495035e-17 1.540533457890200265e-18 4.248885828534716449e-11 0.000000000000000000e+00 0.000000000000000000e+00 0.000000000000000000e+00 0.000000000000000000e+00 0.000000000000000000e+00 0.000000000000000000e+00
1.750000000000000000e+03 8.028777653414695692e+01 2.159397631535342477e-02 0.000000000000000000e+00 2.288203798088436214e-01 0.000000000000000000e+00 7.495856424627065362e-01 1.280948392001833817e-09 6.145461178180709122e-11 2.646920196733680157e-12 0.000000000000000000e+00 2.899923942921487115e-14 0.000000000000000000e+00 0.000000000000000000e+00 0.000000000000000000e+00 1.338026394924487865e-13 5.950063516463810791e-17 3.201781784742920537e-18 6.788388126519278637e-11 0.000000000000000000e+00 0.000000000000000000e+00 0.000000000000000000e+00 0.000000000000000000e+00 0.000000000000000000e+00 0.000000000000000000e+00
1.775000000000000000e+03 8.028835107215684275e+01 2.159397655759980397e-02 0.000000000000000000e+00 2.288203808945755424e-01 0.000000000000000000e+00 7.495856404481298085e-01 1.895545501557366799e-09 9.230901935844434440e-11 4.611338402906881808e-12 0.000000000000000000e+00 4.916099909152417756e-14 0.000000000000000000e+00 0.000000000000000000e+00 0.000000000000000000e+00 2.509179136082124102e-13 1.179960921320699815e-16 6.504166290697603285e-18 1.069288842616475559e-10 0.000000000000000000e+00 0.000000000000000000e+00 0.000000000000000000e+00 0.000000000000000000e+00 0.000000000000000000e+00 0.000000000000000000e+00
1.800000000000000000e+03 8.028903273997718770e+01 2.159397648193214087e-02 0.000000000000000000e+00 2.288203810670823846e-01 0.000000000000000000e+00 7.495856393656082917e-01 2.773726265168083828e-09 1.370397595832208508e-10 7.907837035226753251e-12 0.000000000000000000e+00 8.202720281498794431e-14 0.000000000000000000e+00 0.000000000000000000e+00 0.000000000000000000e+00 4.619200414831585244e-13 2.294645380606462623e-16 1.292824279304559334e-17 1.661591955850979654e-10 0.000000000000000000e+00 0.000000000000000000e+00 0.000000000000000000e+00 0.000000000000000000e+00 0.000000000000000000e+00 0.000000000000000000e+00
1.825000000000000000e+03 8.028983906903954448e+01 2.159397624132480126e-02 0.000000000000000000e+00 2.288203797889867552e-01 0.000000000000000000e+00 7.495856394847051352e-01 4.015325779829353309e-09 2.004679328029677714e-10 1.335750981606102182e-11 0.000000000000000000e+00 1.347997494771710863e-13 0.000000000000000000e+00 0.000000000000000000e+00 0.000000000000000000e+00 8.354205257853398227e-13 4.379540330418213825e-16 2.516950502648175000e-17 2.548615677428390211e-10 0.000000000000000000e+00 0.000000000000000000e+00 0.000000000000000000e+00 0.000000000000000000e+00 0.000000000000000000e+00 0.000000000000000000e+00
1.850000000000000000e+03 8.029078943602091556e+01 2.159397625533601706e-02 0.000000000000000000e+00 2.288203802657280128e-01 0.000000000000000000e+00 7.495856370247953038e-01 5.753020912301100838e-09 2.911021104709507305e-10 2.223861703835301296e-11 0.000000000000000000e+00 2.183178153725816496e-13 0.000000000000000000e+00 0.000000000000000000e+00 0.000000000000000000e+00 1.485468890712530892e-12 8.210134888604456211e-16 4.804072259405128147e-17 3.860744096007194956e-10 0.000000000000000000e+00 0.000000000000000000e+00 0.000000000000000000e+00 0.000000000000000000e+00 0.000000000000000000e+00 0.000000000000000000e+00
1.875000000000000000e+03 8.029190753658841118e+01 2.159397624933746471e-02 0.000000000000000000e+00 2.288203783906936073e-01 0.000000000000000000e+00 7.495856361627597497e-01 8.161483989100002695e-09 4.183680024754416982e-10 3.651471453618775855e-11 0.000000000000000000e+00 3.486729493045691088e-13 0.000000000000000000e+00 0.000000000000000000e+00 0.000000000000000000e+00 2.598615442186978905e-12 1.512887699075453083e-15 8.997698858705429368e-17 5.778934994811277336e-10 0.000000000000000000e+00 0.000000000000000000e+00 0.000000000000000000e+00 0.000000000000000000e+00 0.000000000000000000e+00 0.000000000000000000e+00
1.900000000000000000e+03 8.029321908884364234e+01 2.159397624832088899e-02 0.000000000000000000e+00 2.288203779750407341e-01 0.000000000000000000e+00 7.495856327933383412e-01 1.146861338879566408e-08 5.953375033181300404e-10 5.916382219411831477e-11 0.000000000000000000e+00 5.494428222212629770e-13 0.000000000000000000e+00 0.000000000000000000e+00 0.000000000000000000e+00 4.475325307959339243e-12 2.742248311888977774e-15 1.655025562403657261e-16 8.551579560634453794e-10 0.000000000000000000e+00 0.000000000000000000e+00 0.000000000000000000e+00 0.000000000000000000e+00 0.000000000000000000e+00 0.000000000000000000e+00
1.925000000000000000e+03 8.029475440571948752e+01 2.159397577189453576e-02 0.000000000000000000e+00 2.288203745629436570e-01 0.000000000000000000e+00 7.495856315021308669e-01 1.596919564798172820e-08 8.391301557237244554e-10 9.464786476896729756e-11 0.000000000000000000e+00 8.547422357973722310e-13 0.000000000000000000e+00 0.000000000000000000e+00 0.000000000000000000e+00 7.592427136037863508e-12 4.892646716719959875e-15 2.992072729344800655e-16 1.251604730732656283e-09 0.000000000000000000e+00 0.000000000000000000e+00 0.000000000000000000e+00 0.000000000000000000e+00 0.000000000000000000e+00 0.000000000000000000e+00
1.950000000000000000e+03 8.029654643389616808e+01 2.159397570039207903e-02 0.000000000000000000e+00 2.288203733565365994e-01 0.000000000000000000e+00 7.495856257535203904e-01 2.204139016190087885e-08 1.171973117740228882e-09 1.495748236829082993e-10 0.000000000000000000e+00 1.313340463744957309e-12 0.000000000000000000e+00 0.000000000000000000e+00 0.000000000000000000e+00 1.269595892017934623e-11 8.597981954782577884e-15 5.320552772449272240e-16 1.812594413207343239e-09 0.000000000000000000e+00 0.000000000000000000e+00 0.000000000000000000e+00 0.000000000000000000e+00 0.000000000000000000e+00 0.000000000000000000e+00
1.975000000000000000e+03 8.029863396599256475e+01 2.159397526414584892e-02 0.000000000000000000e+00 2.288203689117172812e-01 0.000000000000000000e+00 7.495856211800883129e-01 3.016646501228161999e-08 1.622485977118248463e-09 2.336229078125391745e-10 0.000000000000000000e+00 1.994154298521182816e-12 0.000000000000000000e+00 0.000000000000000000e+00 0.000000000000000000e+00 2.093734791068130716e-11 1.489119548190487771e-14 9.312430705003075779e-16 2.598527191982711204e-09 0.000000000000000000e+00 0.000000000000000000e+00 0.000000000000000000e+00 0.000000000000000000e+00 0.000000000000000000e+00 0.000000000000000000e+00
2.000000000000000000e+03 8.030105957585594467e+01 2.159397478466782566e-02 0.000000000000000000e+00 2.288203641143801148e-01 0.000000000000000000e+00 7.495856138344789699e-01 4.095225351203872851e-08 2.227226069103120362e-09 3.608177032215062241e-10 0.000000000000000000e+00 2.993495171485513302e-12 0.000000000000000000e+00 0.000000000000000000e+00 0.000000000000000000e+00 3.407056621421248372e-11 2.543283553894187812e-14 1.605382163573699125e-15 3.689084800569919298e-09 0.000000000000000000e+00 0.000000000000000000e+00 0.000000000000000000e+00 0.000000000000000000e+00 0.000000000000000000e+00 0.000000000000000000e+00
2.025000000000000000e+03 8.030387003733740414e+01 2.159397424767333165e-02 0.000000000000000000e+00 2.288203594692051479e-01 0.000000000000000000e+00 7.495856022908189420e-01 5.516081253445896279e-08 3.032532842303898501e-09 5.512805736960303732e-10 0.000000000000000000e+00 4.444530506337198826e-12 0.000000000000000000e+00 0.000000000000000000e+00 0.000000000000000000e+00 5.473401257975435145e-11 4.287546823601553736e-14 2.727559839215299666e-15 5.188452421442927070e-09 0.000000000000000000e+00 0.000000000000000000e+00 0.000000000000000000e+00 0.000000000000000000e+00 0.000000000000000000e+00 0.000000000000000000e+00
2.050000000000000000e+03 8.030711949110764181e+01 2.159397364093802035e-02 0.000000000000000000e+00 2.288203495517787678e-01 0.000000000000000000e+00 7.495855908109398946e-01 7.374087885296228957e-08 4.096715964045829389e-09 8.336010664027269729e-10 0.000000000000000000e+00 6.529509185926670616e-12 0.000000000000000000e+00 0.000000000000000000e+00 0.000000000000000000e+00 8.684877867859523983e-11 7.132883123901074282e-14 4.569905113871825005e-15 7.231693189127588137e-09 0.000000000000000000e+00 0.000000000000000000e+00 0.000000000000000000e+00 0.000000000000000000e+00 0.000000000000000000e+00 0.000000000000000000e+00
2.075000000000000000e+03 8.031086788081741190e+01 2.159397286451575360e-02 0.000000000000000000e+00 2.288203378891990047e-01 0.000000000000000000e+00 7.495855745018166205e-01 9.786555133648521155e-08 5.492626048338218827e-09 1.248028766118019032e-09 0.000000000000000000e+00 9.495404527981215773e-12 0.000000000000000000e+00 0.000000000000000000e+00 0.000000000000000000e+00 1.361747279615865035e-10 1.172033507525599857e-13 7.554744373288441794e-15 9.992467550179420824e-09 0.000000000000000000e+00 0.000000000000000000e+00 0.000000000000000000e+00 0.000000000000000000e+00 0.000000000000000000e+00 0.000000000000000000e+00
2.100000000000000000e+03 8.031517897410253681e+01 2.159397126020330682e-02 0.000000000000000000e+00 2.288203290998916117e-01 0.000000000000000000e+00 7.495855475852831740e-01 1.289759576432343378e-07 7.310664516469678692e-09 1.850734191901691258e-09 0.000000000000000000e+00 1.367374411200635312e-11 0.000000000000000000e+00 0.000000000000000000e+00 0.000000000000000000e+00 2.110785922998708319e-10 1.903008678151389688e-13 1.232939578644271330e-14 1.369231051723312271e-08 0.000000000000000000e+00 0.000000000000000000e+00 0.000000000000000000e+00 0.000000000000000000e+00 0.000000000000000000e+00 0.000000000000000000e+00
2.125000000000000000e+03 8.032012848397765481e+01 2.159396966051259012e-02 0.000000000000000000e+00 2.288203112300296882e-01 0.000000000000000000e+00 7.495855189412301556e-01 1.688313851412909770e-07 9.662277657054620535e-09 2.719453827889826744e-09 0.000000000000000000e+00 1.950551475782892166e-11 0.000000000000000000e+00 0.000000000000000000e+00 0.000000000000000000e+00 3.235834063333403942e-10 3.054673546442660276e-13 1.987425559171898514e-14 1.861169669962093532e-08 0.000000000000000000e+00 0.000000000000000000e+00 0.000000000000000000e+00 0.000000000000000000e+00 0.000000000000000000e+00 0.000000000000000000e+00
2.150000000000000000e+03 8.032579543699611690e+01 2.159396768269562436e-02 0.000000000000000000e+00 2.288202863603341353e-01 0.000000000000000000e+00 7.495854841234472765e-01 2.195665858392153097e-07 1.268399113783352078e-08 3.960916820471270755e-09 0.000000000000000000e+00 2.757217531747874667e-11 0.000000000000000000e+00 0.000000000000000000e+00 0.000000000000000000e+00 4.907878813326960010e-10 4.849539312798057813e-13 3.165725931408018791e-14 2.510315258011830257e-08 0.000000000000000000e+00 0.000000000000000000e+00 0.000000000000000000e+00 0.000000000000000000e+00 0.000000000000000000e+00 0.000000000000000000e+00
2.175000000000000000e+03 8.033226865618701140e+01 2.159396466146161486e-02 0.000000000000000000e+00 2.288202575872338995e-01 0.000000000000000000e+00 7.495854373490078437e-01 2.837568191736631381e-07 1.654203772829786259e-08 5.720550337592982508e-09 0.000000000000000000e+00 3.863394325559211568e-11 0.000000000000000000e+00 0.000000000000000000e+00 0.000000000000000000e+00 7.367669260528927477e-10 7.617763233223217231e-13 4.985226143137607809e-14 3.360667699802449819e-08 0.000000000000000000e+00 0.000000000000000000e+00 0.000000000000000000e+00 0.000000000000000000e+00 0.000000000000000000e+00 0.000000000000000000e+00
2.200000000000000000e+03 8.033964397067606455e+01 2.159396128087857566e-02 0.000000000000000000e+00 2.288202247296576841e-01 0.000000000000000000e+00 7.495853740475465488e-01 3.644913864186660472e-07 2.143763966076546937e-08 8.195084456618561146e-09 0.000000000000000000e+00 5.367668849222505831e-11 0.000000000000000000e+00 0.000000000000000000e+00 0.000000000000000000e+00 1.095092535682871935e-09 1.184451311043148358e-12 7.764461160823929304e-14 4.466777532409501969e-08 0.000000000000000000e+00 0.000000000000000000e+00 0.000000000000000000e+00 0.000000000000000000e+00 0.000000000000000000e+00 0.000000000000000000e+00
2.225000000000000000e+03 8.034802923954919152e+01 2.159395705774379282e-02 0.000000000000000000e+00 2.288201765165834289e-01 0.000000000000000000e+00 7.495853010612130163e-01 4.654561648512144264e-07 2.761299895039771108e-08 1.164882536727987284e-08 0.000000000000000000e+00 7.396890497329425304e-11 0.000000000000000000e+00 0.000000000000000000e+00 0.000000000000000000e+00 1.612148100900826441e-09 1.823615943962631199e-12 1.196545435502046030e-13 5.895841026456210127e-08 0.000000000000000000e+00 0.000000000000000000e+00 0.000000000000000000e+00 0.000000000000000000e+00 0.000000000000000000e+00 0.000000000000000000e+00
2.250000000000000000e+03 8.035753943308498037e+01 2.159395181282940113e-02 0.000000000000000000e+00 2.288201172120473692e-01 0.000000000000000000e+00 7.495852083998646442e-01 5.910259272941419990e-07 3.535806015874499630e-08 1.643454923191722367e-08 0.000000000000000000e+00 1.011304209001523802e-10 0.000000000000000000e+00 0.000000000000000000e+00 0.000000000000000000e+00 2.351438424130958479e-09 2.781199852241667354e-12 1.825182316953808228e-13 7.730118947530390507e-08 0.000000000000000000e+00 0.000000000000000000e+00 0.000000000000000000e+00 0.000000000000000000e+00 0.000000000000000000e+00 0.000000000000000000e+00
2.275000000000000000e+03 8.036830011861214018e+01 2.159394451556933756e-02 0.000000000000000000e+00 2.288200450131680219e-01 0.000000000000000000e+00 7.495850918279680641e-01 7.463669800333215706e-07 4.501809854391133923e-08 2.302018770045539166e-08 0.000000000000000000e+00 1.372146496466576969e-10 0.000000000000000000e+00 0.000000000000000000e+00 0.000000000000000000e+00 3.399170235465260010e-09 4.203033430837169299e-12 2.756779816231495234e-13 1.006971648964038154e-07 0.000000000000000000e+00 0.000000000000000000e+00 0.000000000000000000e+00 0.000000000000000000e+00 0.000000000000000000e+00 0.000000000000000000e+00
2.300000000000000000e+03 8.038044672451241013e+01 2.159393623359958519e-02 0.000000000000000000e+00 2.288199579556967067e-01 0.000000000000000000e+00 7.495849438146279242e-01 9.375506679535135768e-07 5.700219767904241466e-08 3.202274452733157067e-08 0.000000000000000000e+00 1.848063698648889305e-10 0.000000000000000000e+00 0.000000000000000000e+00 0.000000000000000000e+00 4.871385797959333820e-09 6.296044188444911570e-12 4.124473747091022515e-13 1.303575649182320635e-07 0.000000000000000000e+00 0.000000000000000000e+00 0.000000000000000000e+00 0.000000000000000000e+00 0.000000000000000000e+00 0.000000000000000000e+00
2.325000000000000000e+03 8.039412790607525494e+01 2.159392593563880594e-02 0.000000000000000000e+00 2.288198440291183966e-01 0.000000000000000000e+00 7.495847673928545118e-01 1.171678522548297720e-06 7.179267111963212509e-08 4.425119518726130575e-08 0.000000000000000000e+00 2.471371425681886086e-10 0.000000000000000000e+00 0.000000000000000000e+00 0.000000000000000000e+00 6.923034514079170320e-09 9.351537089781408851e-12 6.114349340354639385e-13 1.677398646971305899e-07 0.000000000000000000e+00 0.000000000000000000e+00 0.000000000000000000e+00 0.000000000000000000e+00 0.000000000000000000e+00 0.000000000000000000e+00
2.350000000000000000e+03 8.040950215349272412e+01 2.159391296092957879e-02 0.000000000000000000e+00 2.288197030431474710e-01 0.000000000000000000e+00 7.495845515697125983e-01 1.457019342255208753e-06 8.995548663390518049e-08 6.076051407778216984e-08 0.000000000000000000e+00 3.282207087829617602e-10 0.000000000000000000e+00 0.000000000000000000e+00 0.000000000000000000e+00 9.759408442521880529e-09 1.377648577596925492e-11 8.984315433937031817e-13 2.145885633861123388e-07 0.000000000000000000e+00 0.000000000000000000e+00 0.000000000000000000e+00 0.000000000000000000e+00 0.000000000000000000e+00 0.000000000000000000e+00
2.375000000000000000e+03 8.042673868671586490e+01 2.159389666496648250e-02 0.000000000000000000e+00 2.288195357547710140e-01 0.000000000000000000e+00 7.495842822642163616e-01 1.803158875813601566e-06 1.121517401552973173e-07 8.291943605471772909e-08 0.000000000000000000e+00 4.330107402903351993e-10 0.000000000000000000e+00 0.000000000000000000e+00 0.000000000000000000e+00 1.365045594506392416e-08 2.013530279588657666e-11 1.308892896255191553e-12 2.729810833324945358e-07 0.000000000000000000e+00 0.000000000000000000e+00 0.000000000000000000e+00 0.000000000000000000e+00 0.000000000000000000e+00 0.000000000000000000e+00
2.400000000000000000e+03 8.044602174193974520e+01 2.159387700825562972e-02 0.000000000000000000e+00 2.288193295442872977e-01 0.000000000000000000e+00 7.495839557133947562e-01 2.221162332180338986e-06 1.391502429988954492e-07 1.124950706847554288e-07 0.000000000000000000e+00 5.675835635482572631e-10 0.000000000000000000e+00 0.000000000000000000e+00 0.000000000000000000e+00 1.894856346016286718e-08 2.920522928324917653e-11 1.891180182739530068e-12 3.453791729924584462e-07 0.000000000000000000e+00 0.000000000000000000e+00 0.000000000000000000e+00 0.000000000000000000e+00 0.000000000000000000e+00 0.000000000000000000e+00
2.425000000000000000e+03 8.046754708960457947e+01 2.159385295675158786e-02 0.000000000000000000e+00 2.288190726668632713e-01 0.000000000000000000e+00 7.495835654455582642e-01 2.723750519663400278e-06 1.718412435295743604e-07 1.517581967390380706e-07 0.000000000000000000e+00 7.393485220455630190e-10 0.000000000000000000e+00 0.000000000000000000e+00 0.000000000000000000e+00 2.611049830222484311e-08 4.204931531873617252e-11 2.710759225534342530e-12 4.346862599527851351e-07 0.000000000000000000e+00 0.000000000000000000e+00 0.000000000000000000e+00 0.000000000000000000e+00 0.000000000000000000e+00 0.000000000000000000e+00
2.450000000000000000e+03 8.049152186073368398e+01 2.159382374908499352e-02 0.000000000000000000e+00 2.288187619766481606e-01 0.000000000000000000e+00 7.495830928631284085e-01 3.325489277720064117e-06 2.112513650720248699e-07 2.036137602243906899e-07 0.000000000000000000e+00 9.572887013188603970e-10 0.000000000000000000e+00 0.000000000000000000e+00 0.000000000000000000e+00 3.572429640548163128e-08 6.011198985930881569e-11 3.855603591984826163e-12 5.443111827797613072e-07 0.000000000000000000e+00 0.000000000000000000e+00 0.000000000000000000e+00 0.000000000000000000e+00 0.000000000000000000e+00 0.000000000000000000e+00
2.475000000000000000e+03 8.051816856650711429e+01 2.159378784978709803e-02 0.000000000000000000e+00 2.288183857704282065e-01 0.000000000000000000e+00 7.495825249614287422e-01 4.042992936352460445e-06 2.585597507991042234e-07 2.717620508738781920e-07 0.000000000000000000e+00 1.232234976529515607e-09 0.000000000000000000e+00 0.000000000000000000e+00 0.000000000000000000e+00 4.854200352511928313e-08 8.534345805461292498e-11 5.443099328954726391e-12 6.782385929759569122e-07 0.000000000000000000e+00 0.000000000000000000e+00 0.000000000000000000e+00 0.000000000000000000e+00 0.000000000000000000e+00 0.000000000000000000e+00
2.500000000000000000e+03 8.054772067948583469e+01 2.159374503766530937e-02 0.000000000000000000e+00 2.288179292885945126e-01 0.000000000000000000e+00 7.495818461880674466e-01 4.895141920096214011e-06 3.151154899707401770e-07 3.608970675155544488e-07 0.000000000000000000e+00 1.577176108325023539e-09 0.000000000000000000e+00 0.000000000000000000e+00 0.000000000000000000e+00 6.551928100023018732e-08 1.203607084919322009e-10 7.628810291544085054e-12 8.411067483725260445e-07 0.000000000000000000e+00 0.000000000000000000e+00 0.000000000000000000e+00 0.000000000000000000e+00 0.000000000000000000e+00 0.000000000000000000e+00
2.525000000000000000e+03 8.058042674897478719e+01 2.159369294425657337e-02 0.000000000000000000e+00 2.288173797526527331e-01 0.000000000000000000e+00 7.495810362398601656e-01 5.903314453450738947e-06 3.824563196634459007e-07 4.769497723059042145e-07 0.000000000000000000e+00 2.007607976384479110e-09 0.000000000000000000e+00 0.000000000000000000e+00 0.000000000000000000e+00 8.786302741424239197e-08 1.686547358288733927e-10 1.061753519347420581e-11 1.038292777325943602e-06 0.000000000000000000e+00 0.000000000000000000e+00 0.000000000000000000e+00 0.000000000000000000e+00 0.000000000000000000e+00 0.000000000000000000e+00
2.550000000000000000e+03 8.061654881561253205e+01 2.159363087511705775e-02 0.000000000000000000e+00 2.288167194455403564e-01 0.000000000000000000e+00 7.495800724479537713e-01 7.091631503294401158e-06 4.623286212068287815e-07 6.273854584772352996e-07 0.000000000000000000e+00 2.541924678613656056e-09 0.000000000000000000e+00 0.000000000000000000e+00 0.000000000000000000e+00 1.170882931941210125e-07 2.348557811897097034e-10 1.467716813618023847e-11 1.276006055124815372e-06 0.000000000000000000e+00 0.000000000000000000e+00 0.000000000000000000e+00 0.000000000000000000e+00 0.000000000000000000e+00 0.000000000000000000e+00
2.575000000000000000e+03 8.065636158490238472e+01 2.159355591876176844e-02 0.000000000000000000e+00 2.288159239415558377e-01 0.000000000000000000e+00 7.495789346248662444e-01 8.487216936484340483e-06 5.567087543473670404e-07 8.215659547180923557e-07 0.000000000000000000e+00 3.201854464570611369e-09 0.000000000000000000e+00 0.000000000000000000e+00 0.000000000000000000e+00 1.550859248175659734e-07 3.250711281413895945e-10 2.015597044345788998e-11 1.561390164279956347e-06 0.000000000000000000e+00 0.000000000000000000e+00 0.000000000000000000e+00 0.000000000000000000e+00 0.000000000000000000e+00 0.000000000000000000e+00
2.600000000000000000e+03 8.070015310332387060e+01 2.159346620290456334e-02 0.000000000000000000e+00 2.288149751421322819e-01 0.000000000000000000e+00 7.495775878451295116e-01 1.012047070149819624e-05 6.678257110967532627e-07 1.071189533307150504e-06 0.000000000000000000e+00 4.012942986965672675e-09 0.000000000000000000e+00 0.000000000000000000e+00 0.000000000000000000e+00 2.042024775105386543e-07 4.473130109659213389e-10 2.750397188013312892e-11 1.902633650262784656e-06 0.000000000000000000e+00 0.000000000000000000e+00 0.000000000000000000e+00 0.000000000000000000e+00 0.000000000000000000e+00 0.000000000000000000e+00
2.625000000000000000e+03 8.074822514255917838e+01 2.159335918388792172e-02 0.000000000000000000e+00 2.288138393209127597e-01 0.000000000000000000e+00 7.495760050534603369e-01 1.202535503839399128e-05 7.981850344406518056e-07 1.390823017069864808e-06 0.000000000000000000e+00 5.005087126520391099e-09 0.000000000000000000e+00 0.000000000000000000e+00 0.000000000000000000e+00 2.673341225987720069e-07 6.120380890620982216e-10 3.729932970505126948e-11 2.309090101538988275e-06 0.000000000000000000e+00 0.000000000000000000e+00 0.000000000000000000e+00 0.000000000000000000e+00 0.000000000000000000e+00 0.000000000000000000e+00
2.650000000000000000e+03 8.080089013812383314e+01 2.159323186772240180e-02 0.000000000000000000e+00 2.288124914548310962e-01 0.000000000000000000e+00 7.495741413049314961e-01 1.423969368371733724e-05 9.505941012434827352e-07 1.798544007593165196e-06 0.000000000000000000e+00 6.213121111418224660e-09 0.000000000000000000e+00 0.000000000000000000e+00 0.000000000000000000e+00 3.480364217394882699e-07 8.328242389670118794e-10 5.028063272631048911e-11 2.791408074640345401e-06 0.000000000000000000e+00 0.000000000000000000e+00 0.000000000000000000e+00 0.000000000000000000e+00 0.000000000000000000e+00 0.000000000000000000e+00
2.675000000000000000e+03 8.085847651207535591e+01 2.159308024194027051e-02 0.000000000000000000e+00 2.288108851468926563e-01 0.000000000000000000e+00 7.495719630304789050e-01 1.680548443623513396e-05 1.128188605968907345e-06 2.316712576654132282e-06 0.000000000000000000e+00 7.677457541168502918e-09 0.000000000000000000e+00 0.000000000000000000e+00 0.000000000000000000e+00 4.506519850562657810e-07 1.127215570121027769e-09 6.738626221506159554e-11 3.361671024937126191e-06 0.000000000000000000e+00 0.000000000000000000e+00 0.000000000000000000e+00 0.000000000000000000e+00 0.000000000000000000e+00 0.000000000000000000e+00
2.700000000000000000e+03 8.092132150886031638e+01 2.159290025749307715e-02 0.000000000000000000e+00 2.288089790850054983e-01 0.000000000000000000e+00 7.495694190213904040e-01 1.976922126180894051e-05 1.334460391418441994e-06 2.972896240316313302e-06 0.000000000000000000e+00 9.444785172499969152e-09 0.000000000000000000e+00 0.000000000000000000e+00 0.000000000000000000e+00 5.804581414663040029e-07 1.517772860043341311e-09 8.980212899614748121e-11 4.033547715737855463e-06 0.000000000000000000e+00 0.000000000000000000e+00 0.000000000000000000e+00 0.000000000000000000e+00 0.000000000000000000e+00 0.000000000000000000e+00
2.725000000000000000e+03 8.098977490566745985e+01 2.159268699234910549e-02 0.000000000000000000e+00 2.288067228323704128e-01 0.000000000000000000e+00 7.495664536720675342e-01 2.318222979314182351e-05 1.573286311332261842e-06 3.800974993755819286e-06 0.000000000000000000e+00 1.156882664199904198e-08 0.000000000000000000e+00 0.000000000000000000e+00 0.000000000000000000e+00 7.438369618758950751e-07 2.033373156179804888e-09 1.190192548347086432e-10 4.822453934016986363e-06 0.000000000000000000e+00 0.000000000000000000e+00 0.000000000000000000e+00 0.000000000000000000e+00 0.000000000000000000e+00 0.000000000000000000e+00
2.750000000000000000e+03 8.106419893650326003e+01 2.159243491740085730e-02 0.000000000000000000e+00 2.288040451745055048e-01 0.000000000000000000e+00 7.495630163100833743e-01 2.710101018328011930e-05 1.848958445499801669e-06 4.842456070000287889e-06 0.000000000000000000e+00 1.411115426466175002e-08 0.000000000000000000e+00 0.000000000000000000e+00 0.000000000000000000e+00 9.484700491455518004e-07 2.710810762563176027e-09 1.569029047359638054e-10 5.745724394176775855e-06 0.000000000000000000e+00 0.000000000000000000e+00 0.000000000000000000e+00 0.000000000000000000e+00 0.000000000000000000e+00 0.000000000000000000e+00
2.775000000000000000e+03 8.114496157100069240e+01 2.159213704565113301e-02 0.000000000000000000e+00 2.288008918805538028e-01 0.000000000000000000e+00 7.495590219292213030e-01 3.158759167494326674e-05 2.166215158710873502e-06 6.148034846741035911e-06 0.000000000000000000e+00 1.714206950041343105e-08 0.000000000000000000e+00 0.000000000000000000e+00 0.000000000000000000e+00 1.203560680966618637e-06 3.596761069606598180e-09 2.057752030634408909e-10 6.822797606624583593e-06 0.000000000000000000e+00 0.000000000000000000e+00 0.000000000000000000e+00 0.000000000000000000e+00 0.000000000000000000e+00 0.000000000000000000e+00
2.800000000000000000e+03 8.123244411929277931e+01 2.159178556389242110e-02 0.000000000000000000e+00 2.287971653404826389e-01 0.000000000000000000e+00 7.495544082336267344e-01 3.670989111176932559e-05 2.530273385197036019e-06 7.779440026386968417e-06 0.000000000000000000e+00 2.074154178138827168e-08 0.000000000000000000e+00 0.000000000000000000e+00 0.000000000000000000e+00 1.520085934543046662e-06 4.750179269286209393e-09 2.685133839585803014e-10 8.075411306058154681e-06 0.000000000000000000e+00 0.000000000000000000e+00 0.000000000000000000e+00 0.000000000000000000e+00 0.000000000000000000e+00 0.000000000000000000e+00
2.825000000000000000e+03 8.132703491214195424e+01 2.159137152110676000e-02 0.000000000000000000e+00 2.287927778865561923e-01 0.000000000000000000e+00 7.495490795548211960e-01 4.254208032756613223e-05 2.946861574201555570e-06 9.811609404423701151e-06 0.000000000000000000e+00 2.500021154440889033e-08 0.000000000000000000e+00 0.000000000000000000e+00 0.000000000000000000e+00 1.911081644881363317e-06 6.245218057856505900e-09 3.486661048999766645e-10 9.527810468993590750e-06 0.000000000000000000e+00 0.000000000000000000e+00 0.000000000000000000e+00 0.000000000000000000e+00 0.000000000000000000e+00 0.000000000000000000e+00
2.850000000000000000e+03 8.142912970278885609e+01 2.159088481980466281e-02 0.000000000000000000e+00 2.287876175910162346e-01 0.000000000000000000e+00 7.495429375506256209e-01 4.916496321628837214e-05 3.422253811291746618e-06 1.233524498642075895e-05 0.000000000000000000e+00 3.002045690236487153e-08 0.000000000000000000e+00 0.000000000000000000e+00 0.000000000000000000e+00 2.391962929045584584e-06 8.174761418798679107e-09 4.505906313059001800e-10 1.120696780145618230e-05 0.000000000000000000e+00 0.000000000000000000e+00 0.000000000000000000e+00 0.000000000000000000e+00 0.000000000000000000e+00 0.000000000000000000e+00
2.875000000000000000e+03 8.153913335708570287e+01 2.159031205213770080e-02 0.000000000000000000e+00 2.287815534298957842e-01 0.000000000000000000e+00 7.495358742182234302e-01 5.666633987075019832e-05 3.963304186613799425e-06 1.545980482240180671e-05 0.000000000000000000e+00 3.591751570555474667e-08 0.000000000000000000e+00 0.000000000000000000e+00 0.000000000000000000e+00 2.980883153311657194e-06 1.065469045676283997e-08 5.796137554090991342e-10 1.314281588997173919e-05 0.000000000000000000e+00 0.000000000000000000e+00 0.000000000000000000e+00 0.000000000000000000e+00 0.000000000000000000e+00 0.000000000000000000e+00
2.900000000000000000e+03 8.165745484428006762e+01 2.158964030251250485e-02 0.000000000000000000e+00 2.287744318139582345e-01 0.000000000000000000e+00 7.495277669872993931e-01 6.514139806200663419e-05 4.577482235064116839e-06 1.931699637882240469e-05 0.000000000000000000e+00 4.282067705421550485e-08 0.000000000000000000e+00 0.000000000000000000e+00 0.000000000000000000e+00 3.699134530843121328e-06 1.382900768554556979e-08 7.422199973699204579e-10 1.536849311841917811e-05 0.000000000000000000e+00 0.000000000000000000e+00 0.000000000000000000e+00 0.000000000000000000e+00 0.000000000000000000e+00 0.000000000000000000e+00
2.925000000000000000e+03 8.178450997303187364e+01 2.158885232364057480e-02 0.000000000000000000e+00 2.287660833419793427e-01 0.000000000000000000e+00 7.495184716231376720e-01 7.469307624383379480e-05 5.272908059390720693e-06 2.406483666637990041e-05 0.000000000000000000e+00 5.087452268508903284e-08 0.000000000000000000e+00 0.000000000000000000e+00 0.000000000000000000e+00 4.571592788157378806e-06 1.787597334900882389e-08 9.462705828336357937e-10 1.792060071802594235e-05 0.000000000000000000e+00 0.000000000000000000e+00 0.000000000000000000e+00 0.000000000000000000e+00 0.000000000000000000e+00 0.000000000000000000e+00
2.950000000000000000e+03 8.192072098569190075e+01 2.158792904843348862e-02 0.000000000000000000e+00 2.287562982965638536e-01 0.000000000000000000e+00 7.495078383168277680e-01 8.543244904419794829e-05 6.058388785252485025e-06 2.989236110534174913e-05 0.000000000000000000e+00 6.024022791872893107e-08 0.000000000000000000e+00 0.000000000000000000e+00 0.000000000000000000e+00 5.627209376633628304e-06 2.301542233878752652e-08 1.201257393393477032e-09 2.083947295561029524e-05 0.000000000000000000e+00 0.000000000000000000e+00 0.000000000000000000e+00 0.000000000000000000e+00 0.000000000000000000e+00 0.000000000000000000e+00
2.975000000000000000e+03 8.206651397133015280e+01 2.158684839340855449e-02 0.000000000000000000e+00 2.287448489265289098e-01 0.000000000000000000e+00 7.494956839292796769e-01 9.747908605604815814e-05 6.943454058762724043e-06 3.702506541731165563e-05 0.000000000000000000e+00 7.109691620206103735e-08 0.000000000000000000e+00 0.000000000000000000e+00 0.000000000000000000e+00 6.899552667741424361e-06 2.951745990618428506e-08 1.518596137982142194e-09 2.416945961066583928e-05 0.000000000000000000e+00 0.000000000000000000e+00 0.000000000000000000e+00 0.000000000000000000e+00 0.000000000000000000e+00 0.000000000000000000e+00
3.000000000000000000e+03 8.222232197196225911e+01 2.158558490952563330e-02 0.000000000000000000e+00 2.287314586523580551e-01 0.000000000000000000e+00 7.494818155624395351e-01 1.109614258945204395e-04 7.938391941855125052e-06 4.573116739984315964e-05 0.000000000000000000e+00 8.364306226453731291e-08 0.000000000000000000e+00 0.000000000000000000e+00 0.000000000000000000e+00 8.427403062668589655e-06 3.771275201329441567e-08 1.911963710822650420e-09 2.795921959998447882e-05 0.000000000000000000e+00 0.000000000000000000e+00 0.000000000000000000e+00 0.000000000000000000e+00 0.000000000000000000e+00 0.000000000000000000e+00
3.025000000000000000e+03 8.238858210624911749e+01 2.158410839803865874e-02 0.000000000000000000e+00 2.287158156243353502e-01 0.000000000000000000e+00 7.494660098494676514e-01 1.260171148752786924e-04 9.054284267237827863e-06 5.632879917460604943e-05 0.000000000000000000e+00 9.809793906045855132e-08 0.000000000000000000e+00 0.000000000000000000e+00 0.000000000000000000e+00 1.025540207348363072e-05 4.800466156796583933e-08 2.397684550462004091e-09 3.226202748233875556e-05 0.000000000000000000e+00 0.000000000000000000e+00 0.000000000000000000e+00 0.000000000000000000e+00 0.000000000000000000e+00 0.000000000000000000e+00
3.050000000000000000e+03 8.256573954508583313e+01 2.158238521684115521e-02 0.000000000000000000e+00 2.286975544885632705e-01 0.000000000000000000e+00 7.494480202317822526e-01 1.427933564807323027e-04 1.030304164621750192e-05 6.919423532823304425e-05 0.000000000000000000e+00 1.147030974536559963e-07 0.000000000000000000e+00 0.000000000000000000e+00 0.000000000000000000e+00 1.243475830961035776e-05 6.088351206376701698e-08 2.995171759431517322e-09 3.713608926731259518e-05 0.000000000000000000e+00 0.000000000000000000e+00 0.000000000000000000e+00 0.000000000000000000e+00 0.000000000000000000e+00 0.000000000000000000e+00
3.075000000000000000e+03 8.275424645552901382e+01 2.158037559020945309e-02 0.000000000000000000e+00 2.286762595316091384e-01 0.000000000000000000e+00 7.494275656789537443e-01 1.614472197248596188e-04 1.169743692180051264e-05 8.477126785960732995e-05 0.000000000000000000e+00 1.337238891967888961e-07 0.000000000000000000e+00 0.000000000000000000e+00 0.000000000000000000e+00 1.502401289767925790e-05 7.694328331263930205e-08 3.727428802356581576e-09 4.264486722236105506e-05 0.000000000000000000e+00 0.000000000000000000e+00 0.000000000000000000e+00 0.000000000000000000e+00 0.000000000000000000e+00 0.000000000000000000e+00
3.100000000000000000e+03 8.295456532270634398e+01 2.157803362892563720e-02 0.000000000000000000e+00 2.286514431887830823e-01 0.000000000000000000e+00 7.494043399846119780e-01 1.821459452619403753e-04 1.325113739211995106e-05 1.035818607300508420e-04 0.000000000000000000e+00 1.554509961339372358e-07 0.000000000000000000e+00 0.000000000000000000e+00 0.000000000000000000e+00 1.808986432723032106e-05 9.690109272296271584e-08 4.621617468607881614e-09 4.885741626159830723e-05 0.000000000000000000e+00 0.000000000000000000e+00 0.000000000000000000e+00 0.000000000000000000e+00 0.000000000000000000e+00 0.000000000000000000e+00
3.125000000000000000e+03 8.316716993462843277e+01 2.157530712348525864e-02 0.000000000000000000e+00 2.286225502297020706e-01 0.000000000000000000e+00 7.493779941636997677e-01 2.050672150349400701e-04 1.497873649761735995e-05 1.262382215245577374e-04 0.000000000000000000e+00 1.802019908727541132e-07 0.000000000000000000e+00 0.000000000000000000e+00 0.000000000000000000e+00 2.170805569132753583e-05 1.216198338561691269e-07 5.709699573790466016e-09 5.584872284005438473e-05 0.000000000000000000e+00 0.000000000000000000e+00 0.000000000000000000e+00 0.000000000000000000e+00 0.000000000000000000e+00 0.000000000000000000e+00
3.150000000000000000e+03 8.339254790849935262e+01 2.157213562892280889e-02 0.000000000000000000e+00 2.285889466885343835e-01 0.000000000000000000e+00 7.493481342301412385e-01 2.303993824444373667e-04 1.689578109557948892e-05 1.534564259612035679e-04 0.000000000000000000e+00 2.083228798122606200e-07 0.000000000000000000e+00 0.000000000000000000e+00 0.000000000000000000e+00 2.596432024704938628e-05 1.521344101763398545e-07 7.029157336130042424e-09 6.370005620579176028e-05 0.000000000000000000e+00 0.000000000000000000e+00 0.000000000000000000e+00 0.000000000000000000e+00 0.000000000000000000e+00 0.000000000000000000e+00
3.175000000000000000e+03 8.363120806611476610e+01 2.156845059923296129e-02 0.000000000000000000e+00 2.285498968715277968e-01 0.000000000000000000e+00 7.493143271537511252e-01 2.583416699790427699e-04 1.901879723436210049e-05 1.860717127496269794e-04 0.000000000000000000e+00 2.401896448772301097e-07 0.000000000000000000e+00 0.000000000000000000e+00 0.000000000000000000e+00 3.095538988002843303e-05 1.896819989116280604e-07 8.623801427338985508e-09 7.249931019977019265e-05 0.000000000000000000e+00 0.000000000000000000e+00 0.000000000000000000e+00 0.000000000000000000e+00 0.000000000000000000e+00 0.000000000000000000e+00
3.200000000000000000e+03 8.388368036168182584e+01 2.156417241203950966e-02 0.000000000000000000e+00 2.285045615868681324e-01 0.000000000000000000e+00 7.492760867727025209e-01 2.891043247565729135e-04 2.136531277407399784e-05 2.250556787754687943e-04 0.000000000000000000e+00 2.762097593660833871e-07 0.000000000000000000e+00 0.000000000000000000e+00 0.000000000000000000e+00 3.679006157510908469e-05 2.357368583142936162e-07 1.054467084927834903e-08 8.234135922012301100e-05 0.000000000000000000e+00 0.000000000000000000e+00 0.000000000000000000e+00 0.000000000000000000e+00 0.000000000000000000e+00 0.000000000000000000e+00
3.225000000000000000e+03 8.415052642917660819e+01 2.155921012853013324e-02 0.000000000000000000e+00 2.284519831473398321e-01 0.000000000000000000e+00 7.492328683333955297e-01 3.229086846211660792e-04 2.395387320039876668e-05 2.715353994449552972e-04 0.000000000000000000e+00 3.168236380913282197e-07 0.000000000000000000e+00 0.000000000000000000e+00 0.000000000000000000e+00 4.359031402322712065e-05 2.920502078080960944e-07 1.285103344070294020e-08 9.332839456553916147e-05 0.000000000000000000e+00 0.000000000000000000e+00 0.000000000000000000e+00 0.000000000000000000e+00 0.000000000000000000e+00 0.000000000000000000e+00
3.250000000000000000e+03 8.443233899005585386e+01 2.155346150351183931e-02 0.000000000000000000e+00 2.283910670326547154e-01 0.000000000000000000e+00 7.491840638289211096e-01 3.599872300673871055e-04 2.680405757732656625e-05 3.268147799771622085e-04 0.000000000000000000e+00 3.625060461889986056e-07 0.000000000000000000e+00 0.000000000000000000e+00 0.000000000000000000e+00 5.149248930005075433e-05 3.606957556762458006e-07 1.561149443634541158e-08 1.055702646941515872e-04 0.000000000000000000e+00 0.000000000000000000e+00 0.000000000000000000e+00 0.000000000000000000e+00 0.000000000000000000e+00 0.000000000000000000e+00
3.275000000000000000e+03 8.472975774290371476e+01 2.154680773359025220e-02 0.000000000000000000e+00 2.283205598038418882e-01 0.000000000000000000e+00 7.491290043043585811e-01 4.005834960311421963e-04 2.993648054329624538e-05 3.923980966617721393e-04 0.000000000000000000e+00 4.137673744921026193e-07 0.000000000000000000e+00 0.000000000000000000e+00 0.000000000000000000e+00 6.064849779841775443e-05 4.441214434192800144e-07 1.890521338544567249e-08 1.191847931432001001e-04 0.000000000000000000e+00 0.000000000000000000e+00 0.000000000000000000e+00 0.000000000000000000e+00 0.000000000000000000e+00 0.000000000000000000e+00
3.300000000000000000e+03 8.504347354743487131e+01 2.153911557008731867e-02 0.000000000000000000e+00 2.282390481372144897e-01 0.000000000000000000e+00 7.490669312146931436e-01 4.449518831000120241e-04 3.337279094326440717e-05 4.700160654810674210e-04 0.000000000000000000e+00 4.711548223251724566e-07 0.000000000000000000e+00 0.000000000000000000e+00 0.000000000000000000e+00 7.122707956492189908e-05 5.452080782795521723e-07 2.282324198570258314e-08 1.342980727731658646e-04 0.000000000000000000e+00 0.000000000000000000e+00 0.000000000000000000e+00 0.000000000000000000e+00 0.000000000000000000e+00 0.000000000000000000e+00
3.325000000000000000e+03 8.537423771796144933e+01 2.153023259996402622e-02 0.000000000000000000e+00 2.281449218902038001e-01 0.000000000000000000e+00 7.489970081563758209e-01 4.933574370457691899e-04 3.713566303696432436e-05 5.616543725217479051e-04 0.000000000000000000e+00 5.352533726099869998e-07 0.000000000000000000e+00 0.000000000000000000e+00 0.000000000000000000e+00 8.341507945667894807e-05 6.673354599941832535e-07 2.746998462483451519e-08 1.510447425779843180e-04 0.000000000000000000e+00 0.000000000000000000e+00 0.000000000000000000e+00 0.000000000000000000e+00 0.000000000000000000e+00 0.000000000000000000e+00
3.350000000000000000e+03 8.572287668792736781e+01 2.151998713877825709e-02 0.000000000000000000e+00 2.280363521945364680e-01 0.000000000000000000e+00 7.489183106279346802e-01 5.460753679223757581e-04 4.124877275920046271e-05 6.695848552242354831e-04 0.000000000000000000e+00 6.066866477087067510e-07 0.000000000000000000e+00 0.000000000000000000e+00 0.000000000000000000e+00 9.741873255175919689e-05 8.144566580891870657e-07 3.296477624713237660e-08 1.695682022110079614e-04 0.000000000000000000e+00 0.000000000000000000e+00 0.000000000000000000e+00 0.000000000000000000e+00 0.000000000000000000e+00 0.000000000000000000e+00
3.375000000000000000e+03 8.609030155528560613e+01 2.150818440650719560e-02 0.000000000000000000e+00 2.279112881624382470e-01 0.000000000000000000e+00 7.488297983229197374e-01 6.033904920015307517e-04 4.573676048251339193e-05 7.963993645425368256e-04 0.000000000000000000e+00 6.861173460808654016e-07 0.000000000000000000e+00 0.000000000000000000e+00 0.000000000000000000e+00 1.134649570591430196e-04 9.911810535284243831e-07 3.944359482920254172e-08 1.900207920545041239e-04 0.000000000000000000e+00 0.000000000000000000e+00 0.000000000000000000e+00 0.000000000000000000e+00 0.000000000000000000e+00 0.000000000000000000e+00
3.400000000000000000e+03 8.647752392372512986e+01 2.149460562181843351e-02 0.000000000000000000e+00 2.277674013276327902e-01 0.000000000000000000e+00 7.487303344467818311e-01 6.655964539155242695e-04 5.062518366079306662e-05 9.450462984297373610e-04 0.000000000000000000e+00 7.742475695043896017e-07 0.000000000000000000e+00 0.000000000000000000e+00 0.000000000000000000e+00 1.318025920379673258e-04 1.202866658076523839e-06 4.706088802151175600e-08 2.125639006074367214e-04 0.000000000000000000e+00 0.000000000000000000e+00 0.000000000000000000e+00 0.000000000000000000e+00 0.000000000000000000e+00 0.000000000000000000e+00
3.425000000000000000e+03 8.688567239252887475e+01 2.147900409000808031e-02 0.000000000000000000e+00 2.276020769447639480e-01 0.000000000000000000e+00 7.486186590341452618e-01 7.329947186440769142e-04 5.594044421914096680e-05 1.118869641755923343e-03 0.000000000000000000e+00 8.718185303039277518e-07 0.000000000000000000e+00 0.000000000000000000e+00 0.000000000000000000e+00 1.527036092121913729e-04 1.455722486589141412e-06 5.599151968455461573e-08 2.373679847147502713e-04 0.000000000000000000e+00 0.000000000000000000e+00 0.000000000000000000e+00 0.000000000000000000e+00 0.000000000000000000e+00 0.000000000000000000e+00
3.450000000000000000e+03 8.731600865377176035e+01 2.146110262704521016e-02 0.000000000000000000e+00 2.274123875869931699e-01 0.000000000000000000e+00 7.484933764409738011e-01 8.058932799283797556e-04 6.170969828096144281e-05 1.321650701915590706e-03 0.000000000000000000e+00 9.796100963199000972e-07 0.000000000000000000e+00 0.000000000000000000e+00 0.000000000000000000e+00 1.764642134454561168e-04 1.756920941626130259e-06 6.643282713734946733e-08 2.646124875524568558e-04 0.000000000000000000e+00 0.000000000000000000e+00 0.000000000000000000e+00 0.000000000000000000e+00 0.000000000000000000e+00 0.000000000000000000e+00
3.475000000000000000e+03 8.776994580456317863e+01 2.144059296080289348e-02 0.000000000000000000e+00 2.271950527223989824e-01 0.000000000000000000e+00 7.483529534392044935e-01 8.846051934458860509e-04 6.796074497774704632e-05 1.557651708176656597e-03 0.000000000000000000e+00 1.098439438779745769e-06 0.000000000000000000e+00 0.000000000000000000e+00 0.000000000000000000e+00 2.034058335669608800e-04 2.114720961999960899e-06 7.860676546403325398e-08 2.944856302600133788e-04 0.000000000000000000e+00 0.000000000000000000e+00 0.000000000000000000e+00 0.000000000000000000e+00 0.000000000000000000e+00 0.000000000000000000e+00
3.500000000000000000e+03 8.824907274807250701e+01 2.141712838687524767e-02 0.000000000000000000e+00 2.269464161104834954e-01 0.000000000000000000e+00 7.481957052504677463e-01 9.694465295059670690e-04 7.472187610401918444e-05 1.831661368884230506e-03 0.000000000000000000e+00 1.229159270824598302e-06 0.000000000000000000e+00 0.000000000000000000e+00 0.000000000000000000e+00 2.338759296585086285e-04 2.538601466653817696e-06 9.276212356344399040e-08 3.271840251597169240e-04 0.000000000000000000e+00 0.000000000000000000e+00 0.000000000000000000e+00 0.000000000000000000e+00 0.000000000000000000e+00 0.000000000000000000e+00
3.525000000000000000e+03 8.875517141765769225e+01 2.139032687110363484e-02 0.000000000000000000e+00 2.266624113913316974e-01 0.000000000000000000e+00 7.480197822552392406e-01 1.060734222998535679e-03 8.202170291812282998e-05 2.149041604145755097e-03 0.000000000000000000e+00 1.372655323562326154e-06 0.000000000000000000e+00 0.000000000000000000e+00 0.000000000000000000e+00 2.682485512206739882e-04 3.039405516766847478e-06 1.091767913949329184e-07 3.629121634106753018e-04 0.000000000000000000e+00 0.000000000000000000e+00 0.000000000000000000e+00 0.000000000000000000e+00 0.000000000000000000e+00 0.000000000000000000e+00
3.550000000000000000e+03 8.929024699163915102e+01 2.135976182304563653e-02 0.000000000000000000e+00 2.263385274616579457e-01 0.000000000000000000e+00 7.478231702770545830e-01 1.158783173824522086e-03 8.988894217517527088e-05 2.515774533212768345e-03 0.000000000000000000e+00 1.529842653403137690e-06 0.000000000000000000e+00 0.000000000000000000e+00 0.000000000000000000e+00 3.069246795006752137e-04 3.629493710034409008e-06 1.281600057451403852e-07 4.018816131594909373e-04 0.000000000000000000e+00 0.000000000000000000e+00 0.000000000000000000e+00 0.000000000000000000e+00 0.000000000000000000e+00 0.000000000000000000e+00
3.575000000000000000e+03 8.985654858616251772e+01 2.132496358487544902e-02 0.000000000000000000e+00 2.259697910633326756e-01 0.000000000000000000e+00 7.476036641460699350e-01 1.263903161295105992e-03 9.835215739274247141e-05 2.938509173538086418e-03 0.000000000000000000e+00 1.701661282542124483e-06 0.000000000000000000e+00 0.000000000000000000e+00 0.000000000000000000e+00 3.503320911331433691e-04 4.322906499732495995e-06 1.500545915615661694e-07 4.443099999891054553e-04 0.000000000000000000e+00 0.000000000000000000e+00 0.000000000000000000e+00 0.000000000000000000e+00 0.000000000000000000e+00 0.000000000000000000e+00
3.600000000000000000e+03 9.045660347566980874e+01 2.128541501046036025e-02 0.000000000000000000e+00 2.255507150336804323e-01 0.000000000000000000e+00 7.473588856422394011e-01 1.376394915617212226e-03 1.074394554126747471e-04 3.424605576237556639e-03 0.000000000000000000e+00 1.889070467094741867e-06 0.000000000000000000e+00 0.000000000000000000e+00 0.000000000000000000e+00 3.989248644860931615e-04 5.135533347336520420e-06 1.752390442848492913e-07 4.904196590073771735e-04 0.000000000000000000e+00 0.000000000000000000e+00 0.000000000000000000e+00 0.000000000000000000e+00 0.000000000000000000e+00 0.000000000000000000e+00
3.625000000000000000e+03 9.109324176681030849e+01 2.124054969947351129e-02 0.000000000000000000e+00 2.250752998262341154e-01 0.000000000000000000e+00 7.470862496816448317e-01 1.496545747204424803e-03 1.171781357635358117e-04 3.982176161263821339e-03 0.000000000000000000e+00 2.093041460660878990e-06 0.000000000000000000e+00 0.000000000000000000e+00 0.000000000000000000e+00 4.531822992914754451e-04 6.085286746002554638e-06 2.041294838941806733e-07 5.404359914335647198e-04 0.000000000000000000e+00 0.000000000000000000e+00 0.000000000000000000e+00 0.000000000000000000e+00 0.000000000000000000e+00 0.000000000000000000e+00
3.650000000000000000e+03 9.176963350036902511e+01 2.118974892930147388e-02 0.000000000000000000e+00 2.245369919461900343e-01 0.000000000000000000e+00 7.467829832761242459e-01 1.624624486296073365e-03 1.275942667722372744e-04 4.620120536816594778e-03 0.000000000000000000e+00 2.314549168777559817e-06 0.000000000000000000e+00 0.000000000000000000e+00 0.000000000000000000e+00 5.136072030827827043e-04 7.192277123759233607e-06 2.371812906300928850e-07 5.945853478333605439e-04 0.000000000000000000e+00 0.000000000000000000e+00 0.000000000000000000e+00 0.000000000000000000e+00 0.000000000000000000e+00 0.000000000000000000e+00
3.675000000000000000e+03 9.248931739302666699e+01 2.113234264467252904e-02 0.000000000000000000e+00 2.239286842972641745e-01 0.000000000000000000e+00 7.464461076403264839e-01 1.760875853548761038e-03 1.387122292540850720e-04 5.348152938251554689e-03 0.000000000000000000e+00 2.554561668961835493e-06 0.000000000000000000e+00 0.000000000000000000e+00 0.000000000000000000e+00 5.807234310899614740e-04 8.478985843077896584e-06 2.748903882645163454e-07 6.530925276922611719e-04 0.000000000000000000e+00 0.000000000000000000e+00 0.000000000000000000e+00 0.000000000000000000e+00 0.000000000000000000e+00 0.000000000000000000e+00
3.700000000000000000e+03 9.325624101373431074e+01 2.106760620544272794e-02 0.000000000000000000e+00 2.232427032462882266e-01 0.000000000000000000e+00 7.460724517735152217e-01 1.905513620702095580e-03 1.505541564006282972e-04 6.176818454923398150e-03 0.000000000000000000e+00 2.814028433058855436e-06 0.000000000000000000e+00 0.000000000000000000e+00 0.000000000000000000e+00 6.550724931265354068e-04 9.970429614827793792e-06 3.177940165391338754e-07 7.161777975366982740e-04 0.000000000000000000e+00 0.000000000000000000e+00 0.000000000000000000e+00 0.000000000000000000e+00 0.000000000000000000e+00 0.000000000000000000e+00
3.725000000000000000e+03 9.407479345298536089e+01 2.099476244724367627e-02 0.000000000000000000e+00 2.224708126407060615e-01 0.000000000000000000e+00 7.456586592621344822e-01 2.058713807805696242e-03 1.631393606531948064e-04 7.117495208689169836e-03 0.000000000000000000e+00 3.093865855895790336e-06 0.000000000000000000e+00 0.000000000000000000e+00 0.000000000000000000e+00 7.372092843041328164e-04 1.169431100924251275e-05 3.664708530593318481e-07 7.840533407453728317e-04 0.000000000000000000e+00 0.000000000000000000e+00 0.000000000000000000e+00 0.000000000000000000e+00 0.000000000000000000e+00 0.000000000000000000e+00
3.750000000000000000e+03 9.494984771197658802e+01 2.091298246649922477e-02 0.000000000000000000e+00 2.216042346002105867e-01 0.000000000000000000e+00 7.452012014352050739e-01 2.220606461489907455e-03 1.764836317908834282e-04 8.182378087867155092e-03 0.000000000000000000e+00 3.394941501197838074e-06 0.000000000000000000e+00 0.000000000000000000e+00 0.000000000000000000e+00 8.276965481654567636e-04 1.368114592060176852e-05 4.215403549003142463e-07 8.569191409948684899e-04 0.000000000000000000e+00 0.000000000000000000e+00 0.000000000000000000e+00 0.000000000000000000e+00 0.000000000000000000e+00 0.000000000000000000e+00
3.775000000000000000e+03 9.588679891789483634e+01 2.082139087591389562e-02 0.000000000000000000e+00 2.206336831122885644e-01 0.000000000000000000e+00 7.446963967676933915e-01 2.391267077748763896e-03 1.905985345559067215e-04 9.384440998393635963e-03 0.000000000000000000e+00 3.718055714851417718e-06 0.000000000000000000e+00 0.000000000000000000e+00 0.000000000000000000e+00 9.270982652699329791e-04 1.596436102590429614e-05 4.836610625738912044e-07 9.349582903325024535e-04 0.000000000000000000e+00 0.000000000000000000e+00 0.000000000000000000e+00 0.000000000000000000e+00 0.000000000000000000e+00 0.000000000000000000e+00
3.800000000000000000e+03 9.689160143381022294e+01 2.071906723532478123e-02 0.000000000000000000e+00 2.195494165289084976e-01 0.000000000000000000e+00 7.441404447970108027e-01 2.570707423552367425e-03 2.054906066119649910e-04 1.073737228093910381e-02 0.000000000000000000e+00 4.063921502253833360e-06 0.000000000000000000e+00 0.000000000000000000e+00 0.000000000000000000e+00 1.035971601582737081e-03 1.858034868562381277e-05 5.535278654918671010e-07 1.018331728016319895e-03 0.000000000000000000e+00 0.000000000000000000e+00 0.000000000000000000e+00 0.000000000000000000e+00 0.000000000000000000e+00 0.000000000000000000e+00
